   2   1   1 E -1.7585029373023E+04 DE-2.1E-07(  7)
  0.112731838396E+02  0.591175986354E-03  0.000000000000E+00
 -0.563622856890E+01  0.982008142853E+01  0.000000000000E+00
  0.000000000000E+00  0.000000000000E+00  0.500000000000E+03
    1
  0.100000000000E+01  0.000000000000E+00  0.000000000000E+00
  0.000000000000E+00  0.100000000000E+01  0.000000000000E+00
  0.000000000000E+00  0.000000000000E+00  0.100000000000E+01
  0.000000000000E+00  0.000000000000E+00  0.000000000000E+00
  111
    8     -1.880238107035      1.095224839984      4.181223422668
    8     -3.713310073407      4.251399734409      3.892572580867
    8     -0.095754794670     -2.081929547653      4.455630805064
    8      1.846235102879      1.238714872965      4.190490736896
    8     -0.109522770444      4.240215050608      4.119219255015
    8     -5.637303851575      1.107476418347      4.055531740222
    8     -7.384611157348      4.286502023026      4.056670551626
    8     -3.751896136624     -1.978013189258      4.059694343440
  258      1.856020576646     -0.987062134256      3.303053157710
  258      0.012313255901      2.176156530153      3.187846067465
  258      3.725301550434     -4.526253449237      3.171568479307
  258      5.714971291151     -0.998522384296      3.172015762680
  258      3.753554233549      2.230633889112      3.161824991908
  258      7.518032713071     -4.329998253347      3.381778381542
  258     -1.929225786525     -1.046255730031      3.214585367803
  258     -3.765753804352      2.175224457629      3.240601546612
  258      0.009906470302     -4.431147214904      3.287485463184
    8     -0.043253366334     -0.005745751228      2.449587206586
    8     -1.857351316424      3.194820304171      2.365262424839
    8      1.941188742696     -3.222820521086      2.634406435961
    8      3.783635348166     -0.017585083729      2.441016102309
    8      1.875864531832      3.271060439394      2.407153779620
    8      5.408712852350     -3.155328567852      2.660695521090
    8     -3.741456369134      0.075108767236      2.381124163745
    8     -5.632935249093      3.255221509365      2.382784368713
    8     -1.772071666544     -3.215035836132      2.517226488334
    8      1.866012828287     -1.090551535958      0.857305690641
    8      0.017622829403      2.166930550964      0.844658450043
    8      3.748495535175     -4.390031240968      0.877684909024
    8      5.673150711771     -1.098109664121      0.868184129166
    8      3.751976171615      2.177863337507      0.857395537286
    8      7.464397415919     -4.282520550772      0.935223196472
    8     -1.901357849877     -1.091986858433      0.869544632875
    8     -3.760348159587      2.197024628711      0.822940165299
    8      0.045686981902     -4.346257164648      0.922227157141
  258      0.008411377042     -0.006560212637      0.024442083944
  258     -1.881546837201      3.261338432881     -0.002829809449
  258      1.875135909726     -3.257538096431      0.055744932785
  258      3.746786124251     -0.000863305561      0.031372996566
  258      1.873596166328      3.295733650337      0.047383363424
  258      5.639550551340     -3.264489311690      0.042838852711
  258     -3.754758130234      0.012509074240     -0.009250424963
  258     -5.625750416260      3.283335757437      0.024126111115
  258     -1.883795878814     -3.262895557607      0.076263787741
    8     -1.873113021761      1.088945645253     -0.770366064955
    8     -3.760084360630      4.386616663489     -0.763295978356
    8     -0.007506975157     -2.192781440351     -0.743261986347
    8      1.885309657043      1.098250123045     -0.756408169413
    8      0.005593907965      4.380698370856     -0.749184632336
    8      3.762241671995     -2.186131866017     -0.738342088995
    8     -5.645357120898      1.091611852639     -0.759929478749
    8     -7.521495473528      4.395020549435     -0.717692507774
    8     -3.757026671699     -2.182694243060     -0.764635320638
    8      0.000000000000      0.000000000000     -2.343480358560
    8     -1.878742856300      3.273360476183     -2.343480358560
    8      1.878742856304     -3.273360476178     -2.343480358560
    8      3.757727946508      0.000197058659     -2.343480358560
    8      1.878985090200      3.273557534842     -2.343480358560
    8      5.636470802823     -3.273163417519     -2.343480358560
    8     -3.757727946508     -0.000197058669     -2.343480358560
    8     -5.636470802823      3.273163417519     -2.343480358560
    8     -1.878985090206     -3.273557534838     -2.343480358560
  258     -1.878823600936      1.091054472505     -3.124640478080
  258     -3.757566457232      4.364414948694     -3.124640478080
  258     -0.000080744632     -2.182306003672     -3.124640478080
  258      1.878904345569      1.091251531169     -3.124640478080
  258      0.000161489267      4.364612007351     -3.124640478080
  258      3.757647201875     -2.182108945014     -3.124640478080
  258     -5.636551547483      1.090857413833     -3.124640478080
  258     -7.515294403744      4.364217890036     -3.124640478080
  258     -3.757808691141     -2.182503062336     -3.124640478080
    8      1.878823600936     -1.091054472505     -3.905800597599
    8      0.000080744632      2.182306003672     -3.905800597599
    8      3.757566457232     -4.364414948694     -3.905800597599
    8      5.636551547483     -1.090857413833     -3.905800597599
    8      3.757808691145      2.182503062337     -3.905800597599
    8      7.515294403744     -4.364217890036     -3.905800597599
    8     -1.878904345569     -1.091251531169     -3.905800597599
    8     -3.757647201877      2.182108945014     -3.905800597599
    8     -0.000161489268     -4.364612007351     -3.905800597599
    8      0.666167806546     -4.552462176397      5.907834014311
    1      5.291421283061      7.560463434743      5.384736799808
    1      0.840683238662     -5.514604215573      6.081387672957
    1     -0.050645406533     -4.206201177119      6.495932522171
    8      2.499734500316      2.382995233130      6.429414132044
    1      2.107542263043      1.874937272817      5.636134328420
    1      1.933207878649      2.227197309080      7.202095402208
    8      3.873484704377     -1.357238607112      5.046018330028
    1      4.111598678230     -0.635182636281      5.725356515177
    1      3.709308556782     -2.232129635212      5.511866091037
    8     -6.531499668388      0.692494196197      6.437096169632
    1     -6.140994860924      0.948534959721      5.539242255764
    1      4.004565670370      1.324937579313      6.616858973110
    1      2.479211782015      4.232173171688      6.121683125615
    8      7.765767188537     -4.660885196581      6.077985909102
    1      6.905703496597     -4.713962998756      6.559663377958
    1      2.351375858410     -4.018075548574      5.882417057137
    8      3.297351274422     -3.777839456426      5.680734966679
    1      3.918185245744     -4.350506989833      6.242087860019
    1     -1.469001125375     -2.897019735404      7.819770896909
    8     -1.394347511213     -3.125015801858      6.879255507761
    1     -2.225279817773     -3.616625810528      6.635149429074
    8     -1.648500679735      1.867822318368      6.655745688516
    1     -1.712017054489      1.454994747555      5.721457725906
    1     -1.581737278181      1.152955437601      7.307273845161
    1     -0.317125052455      4.288331474914      5.655444702386
    8     -0.502913608832      4.469956455968      6.643669968285
    1     -0.841220417347      3.612594344731      6.980892343364
    8      1.404563153389     12.421068851230      6.144775665892
    1      2.300808113021     12.240789546659      6.527861153273
    1      0.786521462656     11.784355481873      6.556858965317
    0    0
