   2   1   1 E -1.7585029296697E+04 DE-2.0E-07(  7)
  0.112730226135E+02  0.577490619779E-03  0.000000000000E+00
 -0.563615988257E+01  0.982008817260E+01  0.000000000000E+00
  0.000000000000E+00  0.000000000000E+00  0.500000000000E+03
    1
  0.100000000000E+01  0.000000000000E+00  0.000000000000E+00
  0.000000000000E+00  0.100000000000E+01  0.000000000000E+00
  0.000000000000E+00  0.000000000000E+00  0.100000000000E+01
  0.000000000000E+00  0.000000000000E+00  0.000000000000E+00
  111
    8     -1.880294472061      1.095221816001      4.180832712742
    8     -3.713245149224      4.251221213122      3.892271218682
    8     -0.096025889331     -2.081783567387      4.455694509107
    8      1.846710656167      1.238633195869      4.190336854830
    8     -0.109649511001      4.239995688732      4.119449911243
    8     -5.637107438320      1.107491457084      4.055434810384
    8     -7.384275030787      4.286387110983      4.057103312004
    8     -3.751847035547     -1.977871508286      4.059697809381
  258      1.856150626436     -0.987026743258      3.302931451633
  258      0.012459072655      2.176278247965      3.187983409158
  258      3.725237621096     -4.526372455865      3.171699548472
  258      5.714933880358     -0.998641868405      3.172024109103
  258      3.753469582830      2.230686367340      3.161753825197
  258      7.518032645160     -4.329940079267      3.381874681374
  258     -1.929010367075     -1.046266447401      3.214585531305
  258     -3.765568174680      2.175087041615      3.240310957994
  258      0.009892591620     -4.431273597661      3.287442244254
    8     -0.043124148567     -0.005697057734      2.449786144669
    8     -1.857142199279      3.194945782762      2.365241242138
    8      1.941141647187     -3.222862749507      2.634544827578
    8      3.783733765538     -0.017768869861      2.440889674538
    8      1.875903308096      3.270960548055      2.407053091221
    8      5.408614296135     -3.155401239784      2.660715593683
    8     -3.741362199800      0.074959667184      2.381029043630
    8     -5.633012330823      3.255518818383      2.382775598386
    8     -1.772053832268     -3.215214595326      2.517012343806
    8      1.866012542922     -1.090491005339      0.857506361977
    8      0.017631909618      2.167006593818      0.844670671087
    8      3.748442044836     -4.389964595878      0.877848083588
    8      5.673097242034     -1.098264476363      0.868120230566
    8      3.751860538700      2.177757323055      0.857353435395
    8      7.464229329316     -4.282847620994      0.934794055098
    8     -1.901055907346     -1.091996093085      0.869674111309
    8     -3.760362053125      2.197082202308      0.823219832106
    8      0.045858188924     -4.346277165223      0.922041207785
  258      0.008548798716     -0.006463395714      0.024522254775
  258     -1.881475686052      3.261313262227     -0.002827241525
  258      1.875295554825     -3.257547625303      0.055826676317
  258      3.746827096973     -0.000860989054      0.031420388107
  258      1.873558803510      3.295844390422      0.047510683031
  258      5.639522300398     -3.264577479351      0.042905632228
  258     -3.754665026253      0.012427817422     -0.009099883584
  258     -5.625629676583      3.283306739605      0.024226526340
  258     -1.883606817633     -3.262848447430      0.076124521856
    8     -1.873181493283      1.088994721944     -0.770203662437
    8     -3.759892584354      4.386497858621     -0.763350519371
    8     -0.007404007322     -2.192710956863     -0.743291321464
    8      1.885330299278      1.098210910766     -0.756423871478
    8      0.005416810561      4.380701473903     -0.749230640846
    8      3.762255713905     -2.186183876651     -0.738306475246
    8     -5.645129894393      1.091617056773     -0.759906159103
    8     -7.521326702023      4.394863975849     -0.717706655634
    8     -3.756893999719     -2.182543474927     -0.764372291786
    8      0.000000000000      0.000000000000     -2.343480358560
    8     -1.878719960854      3.273362724207     -2.343480358560
    8      1.878719960858     -3.273362724202     -2.343480358560
    8      3.757674204488      0.000192496870     -2.343480358560
    8      1.878954243626      3.273555221077     -2.343480358560
    8      5.636394165357     -3.273170227332     -2.343480358560
    8     -3.757674204488     -0.000192496880     -2.343480358560
    8     -5.636394165357      3.273170227332     -2.343480358560
    8     -1.878954243632     -3.273555221073     -2.343480358560
  258     -1.878798055114      1.091056742442     -3.124640478080
  258     -3.757518015964      4.364419466656     -3.124640478080
  258     -0.000078094256     -2.182305981759     -3.124640478080
  258      1.878876149371      1.091249239317     -3.124640478080
  258      0.000156188516      4.364611963524     -3.124640478080
  258      3.757596110231     -2.182113484890     -3.124640478080
  258     -5.636472259641      1.090864245559     -3.124640478080
  258     -7.515192220456      4.364226969787     -3.124640478080
  258     -3.757752298746     -2.182498478634     -3.124640478080
    8      1.878798055114     -1.091056742442     -3.905800597599
    8      0.000078094256      2.182305981759     -3.905800597599
    8      3.757518015964     -4.364419466656     -3.905800597599
    8      5.636472259641     -1.090864245559     -3.905800597599
    8      3.757752298750      2.182498478635     -3.905800597599
    8      7.515192220456     -4.364226969787     -3.905800597599
    8     -1.878876149371     -1.091249239317     -3.905800597599
    8     -3.757596110233      2.182113484890     -3.905800597599
    8     -0.000156188517     -4.364611963524     -3.905800597599
    8      0.666036584817     -4.551719240029      5.907597642893
    1      5.291471458618      7.560282926212      5.384862033948
    1      0.840686863071     -5.514027114886      6.080330134226
    1     -0.051302426735     -4.205986133535      6.495389452755
    8      2.499960821778      2.382813717400      6.429325385430
    1      2.107865605093      1.874777304761      5.635972223994
    1      1.933618926644      2.226603351194      7.202045828155
    8      3.873113922613     -1.356991618461      5.046117357760
    1      4.111218099298     -0.634702730518      5.725280650882
    1      3.709186327678     -2.231913903008      5.512122103048
    8     -6.530995921297      0.693078084172      6.437200227442
    1     -6.140750575842      0.948732276061      5.539144835763
    1      4.004527606675      1.325144896257      6.616713534324
    1      2.478909540588      4.231938961848      6.120703250699
    8      7.765038634533     -4.661231134470      6.076881265269
    1      6.904914512137     -4.714516805185      6.558503471917
    1      2.351159517017     -4.017691437013      5.883044072584
    8      3.297218509890     -3.777697870170      5.681343212338
    1      3.918229718283     -4.350529652748      6.242419154462
    1     -1.470076372371     -2.896489671296      7.818510702423
    8     -1.395324581386     -3.124671784554      6.878052604777
    1     -2.226172662922     -3.616514982920      6.634030471681
    8     -1.648146362726      1.869236715823      6.655449101089
    1     -1.711578099935      1.455952892561      5.721528235460
    1     -1.581988067508      1.154613836966      7.307518102278
    1     -0.317203098070      4.288199295764      5.655524219112
    8     -0.502688110411      4.470180174260      6.643852041088
    1     -0.840785601628      3.613012740734      6.981689586888
    8      1.404368126377     12.421474554262      6.144849057216
    1      2.300518383553     12.241368737120      6.528031105981
    1      0.786503503069     11.784646708966      6.557019292667
    0    0
