   2   1   1 E -1.7585029299439E+04 DE-7.3E-08(  7)
  0.112732409751E+02  0.634935119814E-03  0.000000000000E+00
 -0.563621900928E+01  0.981994426392E+01  0.000000000000E+00
  0.000000000000E+00  0.000000000000E+00  0.500000000000E+03
    1
  0.100000000000E+01  0.000000000000E+00  0.000000000000E+00
  0.000000000000E+00  0.100000000000E+01  0.000000000000E+00
  0.000000000000E+00  0.000000000000E+00  0.100000000000E+01
  0.000000000000E+00  0.000000000000E+00  0.000000000000E+00
  111
    8     -1.880103110030      1.095263448491      4.181191541031
    8     -3.713193872475      4.251310578159      3.892440164209
    8     -0.095582647332     -2.081971738275      4.455410389843
    8      1.846378154167      1.238732203075      4.190342347746
    8     -0.109411575025      4.240168434116      4.119154140774
    8     -5.637195697985      1.107362127902      4.055362230938
    8     -7.384498753546      4.286336574602      4.056399817058
    8     -3.751791724509     -1.977927429783      4.059384134035
  258      1.856075523414     -0.987085109696      3.302978560949
  258      0.012420355657      2.176258673110      3.187593356705
  258      3.725399109588     -4.526202352308      3.171503375417
  258      5.715134679242     -0.998596155694      3.171819976128
  258      3.753722389740      2.230521510555      3.161684727562
  258      7.518110942829     -4.329897420790      3.381609902401
  258     -1.929038713482     -1.046192063489      3.214359910146
  258     -3.765679238762      2.175156210005      3.240429739700
  258      0.009987766679     -4.431002227717      3.287181787383
    8     -0.043085277787     -0.005559333063      2.449335287408
    8     -1.857410606375      3.194723004938      2.365137138041
    8      1.941130705629     -3.222818102634      2.634034562736
    8      3.783805656744     -0.017532857691      2.440840654182
    8      1.875989827225      3.270890701417      2.407050163368
    8      5.408568798089     -3.155278788844      2.660562666446
    8     -3.741203578046      0.075029154209      2.380799904592
    8     -5.632847896623      3.255105440756      2.382555185698
    8     -1.771688725502     -3.215039590135      2.516884384514
    8      1.866109365625     -1.090574933833      0.857107957522
    8      0.017649564685      2.167034123799      0.844562520012
    8      3.748536349876     -4.390113107740      0.877522363630
    8      5.673368635695     -1.098250764341      0.868052878162
    8      3.752147792158      2.177968277183      0.857283673306
    8      7.464623621600     -4.282467625348      0.934761490761
    8     -1.901128233038     -1.091996569417      0.869008484792
    8     -3.760235546826      2.196882481186      0.822634033640
    8      0.045824467856     -4.346426741032      0.921866229174
  258      0.008474994990     -0.006519438791      0.024256532233
  258     -1.881477376921      3.261271344268     -0.002902735941
  258      1.875166240358     -3.257513238098      0.055592191953
  258      3.746966811732     -0.000842050967      0.031342762670
  258      1.873749077739      3.295750439852      0.047139483710
  258      5.639105752966     -3.264576359170      0.042441083113
  258     -3.754666031879      0.012362019960     -0.009527381924
  258     -5.625709588577      3.283243291883      0.023897781612
  258     -1.882925178303     -3.263019996601      0.075561890527
    8     -1.872928996994      1.088879162182     -0.770586454645
    8     -3.760016720063      4.386634041202     -0.763412204362
    8     -0.007157224460     -2.192645592431     -0.743501351913
    8      1.885358296286      1.098279390906     -0.756330710339
    8      0.005660355732      4.380577174849     -0.749262366413
    8      3.762216983626     -2.186013095602     -0.738472409434
    8     -5.645419343076      1.091476738736     -0.759990940009
    8     -7.521354805078      4.394960231246     -0.718154579334
    8     -3.756890076944     -2.182880322953     -0.765225044010
    8      0.000000000000      0.000000000000     -2.343480358560
    8     -1.878739669758      3.273314754648     -2.343480358560
    8      1.878739669762     -3.273314754643     -2.343480358560
    8      3.757746991667      0.000211645037     -2.343480358560
    8      1.879007321901      3.273526399684     -2.343480358560
    8      5.636486661441     -3.273103109606     -2.343480358560
    8     -3.757746991667     -0.000211645047     -2.343480358560
    8     -5.636486661441      3.273103109606     -2.343480358560
    8     -1.879007321907     -3.273526399680     -2.343480358560
  258     -1.878828887142      1.091034369867     -3.124640478080
  258     -3.757568556896      4.364349124521     -3.124640478080
  258     -0.000089217379     -2.182280384775     -3.124640478080
  258      1.878918104523      1.091246014909     -3.124640478080
  258      0.000178434763      4.364560769555     -3.124640478080
  258      3.757657774287     -2.182068739739     -3.124640478080
  258     -5.636575878849      1.090822724817     -3.124640478080
  258     -7.515315548568      4.364137479485     -3.124640478080
  258     -3.757836209049     -2.182492029816     -3.124640478080
    8      1.878828887142     -1.091034369867     -3.905800597599
    8      0.000089217379      2.182280384775     -3.905800597599
    8      3.757568556896     -4.364349124521     -3.905800597599
    8      5.636575878849     -1.090822724817     -3.905800597599
    8      3.757836209053      2.182492029817     -3.905800597599
    8      7.515315548568     -4.364137479485     -3.905800597599
    8     -1.878918104523     -1.091246014909     -3.905800597599
    8     -3.757657774289      2.182068739739     -3.905800597599
    8     -0.000178434764     -4.364560769555     -3.905800597599
    8      0.665935179129     -4.552493844491      5.907461763550
    1      5.291617128941      7.560478875133      5.384548031986
    1      0.840141979323     -5.514694205174      6.081192366394
    1     -0.050651265087     -4.205870035041      6.495590290403
    8      2.500020079725      2.382828216582      6.429409363781
    1      2.107864819519      1.874844346065      5.636108295337
    1      1.933422828763      2.227102578318      7.202043846794
    8      3.873903682979     -1.357496648998      5.046076404685
    1      4.112035673607     -0.635357414341      5.725329235166
    1      3.709482701309     -2.232286749112      5.512061978759
    8     -6.530708828144      0.692397965272      6.437244822371
    1     -6.140423778006      0.948391169084      5.539375879148
    1      4.005169903083      1.324625896998      6.616895273071
    1      2.479493736632      4.232051685600      6.121077900736
    8      7.765813726703     -4.660974289167      6.077728328803
    1      6.905934593266     -4.714332560195      6.559606004593
    1      2.351296370872     -4.018212923961      5.882304278102
    8      3.297360196619     -3.778021555028      5.680982685878
    1      3.918124817983     -4.350735293550      6.242343371344
    1     -1.469130409564     -2.896299190111      7.819286635081
    8     -1.394503347879     -3.124529535969      6.878831307322
    1     -2.225360340113     -3.616365009046      6.634952717623
    8     -1.648929594442      1.868069037525      6.655575915215
    1     -1.712265066336      1.454819861238      5.721530554064
    1     -1.582247242679      1.153608036312      7.307583626889
    1     -0.316771342464      4.288262700343      5.655657959596
    8     -0.502626070680      4.469594737020      6.643846881154
    1     -0.840751439463      3.612180571712      6.980939440815
    8      1.404795912862     12.420901804067      6.144021737617
    1      2.300917511110     12.240840735017      6.527380456481
    1      0.786865720711     11.784045811101      6.556053307249
    0    0
