   2   1   1 E -1.7585029373585E+04 DE-3.2E-07(  4)
  0.112731702758E+02  0.584626992855E-03  0.000000000000E+00
 -0.563622748918E+01  0.982002187630E+01  0.000000000000E+00
  0.000000000000E+00  0.000000000000E+00  0.500000000000E+03
    1
  0.100000000000E+01  0.000000000000E+00  0.000000000000E+00
  0.000000000000E+00  0.100000000000E+01  0.000000000000E+00
  0.000000000000E+00  0.000000000000E+00  0.100000000000E+01
  0.000000000000E+00  0.000000000000E+00  0.000000000000E+00
  111
    8     -1.880195212411      1.095322791620      4.181148462710
    8     -3.713213339873      4.251396778071      3.892382322720
    8     -0.095681670211     -2.081929026805      4.455517087830
    8      1.846328567607      1.238738546208      4.190404247434
    8     -0.109404834473      4.240257906103      4.119189312515
    8     -5.637162991643      1.107448170676      4.055425773699
    8     -7.384492272931      4.286482208945      4.056568308697
    8     -3.751864749865     -1.977954553963      4.059560239006
  258      1.856066618521     -0.987057085476      3.302995126580
  258      0.012388728860      2.176246702510      3.187742253464
  258      3.725379949587     -4.526216646318      3.171525269238
  258      5.715048240305     -0.998585069108      3.171903652772
  258      3.753622888164      2.230598042063      3.161755215074
  258      7.518096305434     -4.329946955012      3.381685875250
  258     -1.929101361793     -1.046204620676      3.214502905229
  258     -3.765659785530      2.175213651462      3.240449255751
  258      0.009966675826     -4.431078561914      3.287332674981
    8     -0.043166954280     -0.005628782219      2.449519052004
    8     -1.857297473175      3.194823675298      2.365194884498
    8      1.941232290135     -3.222778183265      2.634208064701
    8      3.783721471481     -0.017604998349      2.440938094204
    8      1.875925670299      3.270973388244      2.407102732122
    8      5.408727900885     -3.155341790641      2.660437516187
    8     -3.741308028196      0.075061536162      2.380961597342
    8     -5.632894966966      3.255231991039      2.382686982916
    8     -1.771902266954     -3.215018759683      2.517037256852
    8      1.866043542405     -1.090521029071      0.857229359665
    8      0.017651115250      2.166979012971      0.844606131914
    8      3.748495090100     -4.390076695364      0.877606688110
    8      5.673223767142     -1.098135979321      0.868087160956
    8      3.752034406088      2.177882304550      0.857341502325
    8      7.464520797569     -4.282584213878      0.934941503560
    8     -1.901194662773     -1.091961657239      0.869334766776
    8     -3.760286665757      2.197001697137      0.822873637609
    8      0.045782008666     -4.346301636682      0.922068739082
  258      0.008461933039     -0.006525695969      0.024362748946
  258     -1.881496392320      3.261323315993     -0.002880359754
  258      1.875177080275     -3.257517789793      0.055695692088
  258      3.746866097445     -0.000852340513      0.031345375198
  258      1.873656318757      3.295748213129      0.047284045482
  258      5.639395109506     -3.264537053357      0.042724165066
  258     -3.754686620941      0.012467971194     -0.009358445949
  258     -5.625709098286      3.283320046621      0.024037842765
  258     -1.883445876859     -3.262912946456      0.075974089545
    8     -1.873044938497      1.088941089185     -0.770444908207
    8     -3.760040043359      4.386613063889     -0.763357321954
    8     -0.007348669896     -2.192720807023     -0.743368641077
    8      1.885337019278      1.098260014754     -0.756405549352
    8      0.005598148293      4.380647599449     -0.749227356782
    8      3.762229391801     -2.186098106071     -0.738380223249
    8     -5.645328134627      1.091596856866     -0.759964453372
    8     -7.521388504616      4.394987918614     -0.717889995293
    8     -3.756941102381     -2.182730115582     -0.764821992771
    8      0.000000000000      0.000000000000     -2.343480358560
    8     -1.878742496393      3.273340625441     -2.343480358560
    8      1.878742496397     -3.273340625436     -2.343480358560
    8      3.757723425261      0.000194875661     -2.343480358560
    8      1.878980928860      3.273535501102     -2.343480358560
    8      5.636465921669     -3.273145749775     -2.343480358560
    8     -3.757723425261     -0.000194875671     -2.343480358560
    8     -5.636465921669      3.273145749775     -2.343480358560
    8     -1.878980928866     -3.273535501098     -2.343480358560
  258     -1.878821973885      1.091048583257     -3.124640478080
  258     -3.757564470274      4.364389208703     -3.124640478080
  258     -0.000079477488     -2.182292042178     -3.124640478080
  258      1.878901451374      1.091243458923     -3.124640478080
  258      0.000158954979      4.364584084362     -3.124640478080
  258      3.757643947772     -2.182097166518     -3.124640478080
  258     -5.636545399185      1.090853707583     -3.124640478080
  258     -7.515287895538      4.364194333043     -3.124640478080
  258     -3.757802902750     -2.182486917844     -3.124640478080
    8      1.878821973885     -1.091048583257     -3.905800597599
    8      0.000079477488      2.182292042178     -3.905800597599
    8      3.757564470274     -4.364389208703     -3.905800597599
    8      5.636545399185     -1.090853707583     -3.905800597599
    8      3.757802902754      2.182486917845     -3.905800597599
    8      7.515287895538     -4.364194333043     -3.905800597599
    8     -1.878901451374     -1.091243458923     -3.905800597599
    8     -3.757643947774      2.182097166518     -3.905800597599
    8     -0.000158954980     -4.364584084362     -3.905800597599
    8      0.666354279801     -4.552290280657      5.907685428565
    1      5.291541743188      7.560414191730      5.384659979022
    1      0.840741900152     -5.514498501827      6.081153174535
    1     -0.050450589043     -4.205977649360      6.495781073837
    8      2.499725044436      2.383044706404      6.429332984502
    1      2.107602008685      1.874987563439      5.636030247903
    1      1.932894448664      2.227636291775      7.201889733924
    8      3.874085399755     -1.357346601434      5.046002188561
    1      4.112166240698     -0.635297785214      5.725403022487
    1      3.709709463977     -2.232164269347      5.511930662996
    8     -6.530586252301      0.692443119514      6.437285015388
    1     -6.140437602138      0.948459622375      5.539310601558
    1      4.005219535602      1.324557206137      6.617221402908
    1      2.479211216189      4.232112250377      6.121095527545
    8      7.765703848333     -4.660909901745      6.077620052034
    1      6.905668680861     -4.714108296965      6.559286836025
    1      2.351669973513     -4.018038992123      5.882516426882
    8      3.297696336796     -3.777851021256      5.680954025171
    1      3.918585197381     -4.350523487990      6.242273467502
    1     -1.469064088873     -2.896923181376      7.819690143773
    8     -1.394381854635     -3.124863232840      6.879156193890
    1     -2.225294661093     -3.616540233059      6.635022296312
    8     -1.648466378854      1.868710614276      6.655372098107
    1     -1.711951570673      1.455291361421      5.721431524361
    1     -1.581431576038      1.154259617927      7.307444447516
    1     -0.316659202780      4.288414178022      5.655516049263
    8     -0.502217359516      4.470050210853      6.643755271262
    1     -0.840283112665      3.612742878364      6.981208241137
    8      1.405011875805     12.421153714872      6.144258960654
    1      2.301227664366     12.241030799797      6.527431418967
    1      0.787089668562     11.784306656841      6.556301899954
    0    0
