   2   1   1 E -1.7585029291134E+04 DE-2.1E-07(  3)
  0.112732437383E+02  0.340013313049E-03  0.000000000000E+00
 -0.563647731384E+01  0.982018067572E+01  0.000000000000E+00
  0.000000000000E+00  0.000000000000E+00  0.500000000000E+03
    1
  0.100000000000E+01  0.000000000000E+00  0.000000000000E+00
  0.000000000000E+00  0.100000000000E+01  0.000000000000E+00
  0.000000000000E+00  0.000000000000E+00  0.100000000000E+01
  0.000000000000E+00  0.000000000000E+00  0.000000000000E+00
  111
    8     -1.880581030772      1.095692304344      4.180591155697
    8     -3.713462254278      4.251118080058      3.891919805876
    8     -0.096918889200     -2.081403272172      4.455517239391
    8      1.847714719823      1.238770736789      4.189974284663
    8     -0.109654069460      4.239864234787      4.120561599248
    8     -5.637169263460      1.107844866849      4.054855790874
    8     -7.384211484902      4.286039867548      4.058037017935
    8     -3.751819644054     -1.977287549125      4.059051685765
  258      1.856078103882     -0.987120554772      3.302865291961
  258      0.012554358513      2.177118408783      3.187895079130
  258      3.725332437564     -4.526370166801      3.172235431217
  258      5.715104605557     -0.998915612642      3.172050530251
  258      3.753761746943      2.230486619139      3.161842548103
  258      7.518460216587     -4.329420500117      3.382257544854
  258     -1.928559572101     -1.045784843127      3.214301316830
  258     -3.765546884361      2.175027741758      3.239394891890
  258      0.009575566190     -4.430969795893      3.287075395178
    8     -0.042814548148     -0.004569378204      2.450020193981
    8     -1.857092568539      3.195302297728      2.365230829459
    8      1.940366416540     -3.222762826965      2.634336443839
    8      3.784351584669     -0.017932980113      2.440615346470
    8      1.876207911115      3.270688820333      2.407401694896
    8      5.408279074025     -3.155729521496      2.661107538303
    8     -3.741067731647      0.074912824184      2.380297951989
    8     -5.633860289372      3.256264801449      2.382501499994
    8     -1.771969670505     -3.215681230748      2.516008508251
    8      1.866087246295     -1.090544130618      0.857752191047
    8      0.017563564156      2.167386075875      0.844724562173
    8      3.748373573629     -4.390039877343      0.878158216910
    8      5.673550002677     -1.098801980503      0.867998474820
    8      3.752130449594      2.177770569207      0.857332568348
    8      7.464619011851     -4.283766188795      0.932953436195
    8     -1.900389737722     -1.091908310715      0.869254684448
    8     -3.760494316752      2.197382983649      0.823423359580
    8      0.046090884119     -4.346334300464      0.921291101069
  258      0.008698390465     -0.006131065888      0.024274067199
  258     -1.881409046080      3.261463341027     -0.002836389615
  258      1.875554247713     -3.257532793623      0.055880336016
  258      3.747382307162     -0.000815534602      0.031579190216
  258      1.873804874426      3.296264746715      0.047284819496
  258      5.639568770868     -3.265039468815      0.042375350210
  258     -3.754610954457      0.012212931012     -0.009260906371
  258     -5.625866140252      3.283592546377      0.024133265231
  258     -1.882824851774     -3.262714109244      0.074868359884
    8     -1.873000505600      1.089044446220     -0.770267755210
    8     -3.759766111660      4.386847688511     -0.763514241197
    8     -0.006790105883     -2.192306830483     -0.743766872909
    8      1.885390868888      1.098024866938     -0.756204721841
    8      0.004999863625      4.380528692624     -0.749507965538
    8      3.762184165856     -2.186096033117     -0.738490056016
    8     -5.645167505957      1.091639798923     -0.759887858416
    8     -7.521171522965      4.394967007772     -0.718404096770
    8     -3.756501288790     -2.182381616823     -0.764914454176
    8      0.000000000000      0.000000000000     -2.343480358560
    8     -1.878825771277      3.273393558581     -2.343480358560
    8      1.878825771281     -3.273393558576     -2.343480358560
    8      3.757747912746      0.000113337768     -2.343480358560
    8      1.878922141461      3.273506896348     -2.343480358560
    8      5.636573684039     -3.273280220808     -2.343480358560
    8     -3.757747912746     -0.000113337778     -2.343480358560
    8     -5.636573684039      3.273280220808     -2.343480358560
    8     -1.878922141466     -3.273506896344     -2.343480358560
  258     -1.878857894675      1.091093406934     -3.124640478080
  258     -3.757683665948      4.364486965521     -3.124640478080
  258     -0.000032123393     -2.182300151640     -3.124640478080
  258      1.878890018069      1.091206744707     -3.124640478080
  258      0.000064246790      4.364600303287     -3.124640478080
  258      3.757715789352     -2.182186813874     -3.124640478080
  258     -5.636605807460      1.090980069154     -3.124640478080
  258     -7.515431578698      4.364373627754     -3.124640478080
  258     -3.757780036140     -2.182413489413     -3.124640478080
    8      1.878857894675     -1.091093406934     -3.905800597599
    8      0.000032123393      2.182300151640     -3.905800597599
    8      3.757683665948     -4.364486965521     -3.905800597599
    8      5.636605807460     -1.090980069154     -3.905800597599
    8      3.757780036144      2.182413489414     -3.905800597599
    8      7.515431578698     -4.364373627754     -3.905800597599
    8     -1.878890018069     -1.091206744707     -3.905800597599
    8     -3.757715789354      2.182186813874     -3.905800597599
    8     -0.000064246791     -4.364600303287     -3.905800597599
    8      0.667326825219     -4.551882446321      5.907151638136
    1      5.291694828616      7.560130136160      5.384967912103
    1      0.842361337307     -5.514506439565      6.078339055025
    1     -0.049468792706     -4.207284810626      6.496176219037
    8      2.499393127547      2.382707367204      6.429969401963
    1      2.108092974607      1.874707485117      5.636310363891
    1      1.931939597533      2.227314626611      7.202088041159
    8      3.874513216551     -1.357949124826      5.046195316605
    1      4.112750713251     -0.635859435934      5.725534189181
    1      3.709942967083     -2.232602414705      5.512297314021
    8     -6.529970094960      0.692266410000      6.437204773404
    1     -6.139988223246      0.948439732194      5.539256912168
    1      4.005908749408      1.324171972796      6.617233188756
    1      2.479661821861      4.232533611976      6.121909068794
    8      7.766004098713     -4.660876635278      6.078944803736
    1      6.906239259245     -4.714387460196      6.561028077059
    1      2.352052610692     -4.018117314868      5.883214421827
    8      3.298225527109     -3.778515111480      5.681344872673
    1      3.919082967367     -4.351059550711      6.242814877391
    1     -1.467000928665     -2.898117939031      7.822009130357
    8     -1.393378445492     -3.125113042243      6.881138859608
    1     -2.224836627248     -3.615902954904      6.637223179527
    8     -1.650539964438      1.868493860256      6.656704194606
    1     -1.712206434494      1.454613252929      5.723380211866
    1     -1.583972058811      1.154385195876      7.309159931320
    1     -0.316359627380      4.288189529531      5.656757118903
    8     -0.501915495707      4.469891157555      6.645012062129
    1     -0.840406359570      3.612852362930      6.982497759446
    8      1.403085572754     12.421988485734      6.145150840980
    1      2.299292482336     12.241639326351      6.528081812524
    1      0.784880506126     11.785317163130      6.557077754714
    0    0
