   2   1   1 E -1.7585029289664E+04 DE-1.0E-07(  9)
  0.112732658643E+02  0.316612472989E-03  0.000000000000E+00
 -0.563650876035E+01  0.982015373900E+01  0.000000000000E+00
  0.000000000000E+00  0.000000000000E+00  0.500000000000E+03
    1
  0.100000000000E+01  0.000000000000E+00  0.000000000000E+00
  0.000000000000E+00  0.100000000000E+01  0.000000000000E+00
  0.000000000000E+00  0.000000000000E+00  0.100000000000E+01
  0.000000000000E+00  0.000000000000E+00  0.000000000000E+00
  111
    8     -1.880603354254      1.095753387805      4.180600587438
    8     -3.713477623397      4.251085085436      3.891930661735
    8     -0.097032942815     -2.081390954354      4.455481936241
    8      1.847842224467      1.238815396980      4.189887053178
    8     -0.109609550489      4.239824508720      4.120667558915
    8     -5.637163164688      1.107945722830      4.054812866392
    8     -7.384209963697      4.285944023236      4.058114394425
    8     -3.751779561178     -1.977211560293      4.058929191423
  258      1.856059375168     -0.987139775697      3.302865465624
  258      0.012583154843      2.177217605703      3.187823633508
  258      3.725359281262     -4.526318533581      3.172319164300
  258      5.715129563459     -0.998921222286      3.172082722217
  258      3.753815729101      2.230457343189      3.161850526106
  258      7.518516250203     -4.329331382584      3.382279841675
  258     -1.928511737053     -1.045719731140      3.214247443414
  258     -3.765547973581      2.175033959701      3.239279905934
  258      0.009533199820     -4.430887948141      3.287046944909
    8     -0.042777342607     -0.004429858162      2.450010880818
    8     -1.857095408648      3.195321727752      2.365222686936
    8      1.940225374253     -3.222751036998      2.634328069863
    8      3.784439595445     -0.017924378303      2.440584871309
    8      1.876273399731      3.270659268546      2.407422771126
    8      5.408221651073     -3.155731256035      2.661247987353
    8     -3.741017932719      0.074938803617      2.380219253384
    8     -5.633947103470      3.256329760793      2.382457685452
    8     -1.771957423568     -3.215739599359      2.515897009787
    8      1.866103754832     -1.090569585268      0.857768321116
    8      0.017563997567      2.167420916989      0.844717593462
    8      3.748377641415     -4.390008729459      0.878204546967
    8      5.673624028672     -1.098876220764      0.868022765772
    8      3.752186777509      2.177779692433      0.857332315082
    8      7.464661882606     -4.283826160764      0.932733858654
    8     -1.900331255384     -1.091907479726      0.869196205209
    8     -3.760492923432      2.197407298533      0.823418971256
    8      0.046104110105     -4.346314129358      0.921221136932
  258      0.008709920585     -0.006101972110      0.024235170469
  258     -1.881398925868      3.261479827778     -0.002826967311
  258      1.875577050186     -3.257516003258      0.055902652326
  258      3.747455079567     -0.000810246779      0.031616898200
  258      1.873859431857      3.296311681689      0.047243204955
  258      5.639570278253     -3.265075533743      0.042290098258
  258     -3.754605504749      0.012184269663     -0.009287095863
  258     -5.625890509186      3.283621519352      0.024118349247
  258     -1.882724390004     -3.262691078178      0.074707704980
    8     -1.872956770886      1.089031630507     -0.770283356301
    8     -3.759751060755      4.386895380817     -0.763511353693
    8     -0.006713076355     -2.192242935487     -0.743818728529
    8      1.885394359348      1.097984992049     -0.756159286640
    8      0.004958104728      4.380488522517     -0.749546591664
    8      3.762168261089     -2.186064015957     -0.738518010044
    8     -5.645183731431      1.091621116413     -0.759870488032
    8     -7.521142049937      4.394977404327     -0.718493076558
    8     -3.756450582515     -2.182362770163     -0.765021309777
    8      0.000000000000      0.000000000000     -2.343480358560
    8     -1.878836253450      3.273384579673     -2.343480358560
    8      1.878836253454     -3.273384579668     -2.343480358560
    8      3.757755288093      0.000105537488     -2.343480358560
    8      1.878919034635      3.273490117160     -2.343480358560
    8      5.636591541559     -3.273279042180     -2.343480358560
    8     -3.757755288093     -0.000105537498     -2.343480358560
    8     -5.636591541559      3.273279042180     -2.343480358560
    8     -1.878919034641     -3.273490117156     -2.343480358560
  258     -1.878863847182      1.091093014058     -3.124640478080
  258     -3.757700100627      4.364477593737     -3.124640478080
  258     -0.000027593727     -2.182291565608     -3.124640478080
  258      1.878891440909      1.091198551551     -3.124640478080
  258      0.000055187458      4.364583131223     -3.124640478080
  258      3.757727694365     -2.182186028122     -3.124640478080
  258     -5.636619135314      1.090987476558     -3.124640478080
  258     -7.515455388724      4.364372056250     -3.124640478080
  258     -3.757782881822     -2.182397103101     -3.124640478080
    8      1.878863847182     -1.091093014058     -3.905800597599
    8      0.000027593727      2.182291565608     -3.905800597599
    8      3.757700100627     -4.364477593737     -3.905800597599
    8      5.636619135314     -1.090987476558     -3.905800597599
    8      3.757782881826      2.182397103102     -3.905800597599
    8      7.515455388724     -4.364372056250     -3.905800597599
    8     -1.878891440909     -1.091198551551     -3.905800597599
    8     -3.757727694367      2.182186028122     -3.905800597599
    8     -0.000055187459     -4.364583131223     -3.905800597599
    8      0.668061900086     -4.551806595794      5.907007393449
    1      5.291717665282      7.560060036892      5.384971009145
    1      0.843223566909     -5.514428066264      6.078183596569
    1     -0.048508243971     -4.207340670421      6.496367836747
    8      2.499516795011      2.382856601340      6.429925849644
    1      2.108209509253      1.874788048471      5.636326606820
    1      1.932047486369      2.227626330819      7.202085561948
    8      3.874661481837     -1.357654603234      5.046264316095
    1      4.112956228779     -0.635683117510      5.725710154284
    1      3.710321266030     -2.232389147770      5.512257039359
    8     -6.529867986713      0.692593790349      6.437329099963
    1     -6.139847865094      0.948678568509      5.539395113291
    1      4.005913652745      1.324392654988      6.617202717514
    1      2.480396022402      4.233040971412      6.122131705523
    8      7.766780836788     -4.660348491531      6.079534499103
    1      6.907112684883     -4.713962560084      6.561738685848
    1      2.352658483362     -4.017990666754      5.883045738349
    8      3.298834357726     -3.778371984493      5.681168695285
    1      3.919651282480     -4.350792514013      6.242805432506
    1     -1.465568864944     -2.898296123353      7.822967921429
    8     -1.392236211099     -3.124971629200      6.881987161772
    1     -2.223871181197     -3.615466261763      6.638045285953
    8     -1.650791147153      1.868362939599      6.656775012721
    1     -1.712295447536      1.454319505616      5.723570401244
    1     -1.583904809910      1.154412216325      7.309368109688
    1     -0.315971948587      4.288311714802      5.656971559147
    8     -0.501380735997      4.470115864711      6.645197015438
    1     -0.839941523508      3.613176483363      6.982813151529
    8      1.403016953792     12.422129056217      6.145357110516
    1      2.299202564669     12.241477069764      6.528240847401
    1      0.784599205762     11.785721309576      6.557340904514
    0    0
