   2   1   1 E -1.7585029298780E+04 DE-1.0E-07(  7)
  0.112731762375E+02  0.567585349231E-03  0.000000000000E+00
 -0.563624532250E+01  0.982016787894E+01  0.000000000000E+00
  0.000000000000E+00  0.000000000000E+00  0.500000000000E+03
    1
  0.100000000000E+01  0.000000000000E+00  0.000000000000E+00
  0.000000000000E+00  0.100000000000E+01  0.000000000000E+00
  0.000000000000E+00  0.000000000000E+00  0.100000000000E+01
  0.000000000000E+00  0.000000000000E+00  0.000000000000E+00
  111
    8     -1.880308536848      1.095115457148      4.181043007992
    8     -3.713237440736      4.251428699992      3.892304835134
    8     -0.095775153842     -2.081974778506      4.455678950494
    8      1.846374390600      1.238617761506      4.190488206176
    8     -0.109500382759      4.240251476788      4.119222939775
    8     -5.637129815867      1.107301838417      4.055467786554
    8     -7.384473399992      4.286630923421      4.056798798001
    8     -3.751979415587     -1.978104013219      4.059761247712
  258      1.856117857961     -0.987054780642      3.302984046829
  258      0.012404814904      2.176143678972      3.187987084522
  258      3.725366084469     -4.526390189631      3.171595789936
  258      5.715028101845     -0.998676559876      3.171955328817
  258      3.753531740646      2.230652844577      3.161819207886
  258      7.518129000277     -4.330110209871      3.381762509697
  258     -1.929156054195     -1.046354540608      3.214660870816
  258     -3.765623013545      2.175118639743      3.240511802383
  258      0.009961227619     -4.431307518863      3.287510750472
    8     -0.043221343614     -0.005840243544      2.449761878361
    8     -1.857159507105      3.194876798309      2.365313415362
    8      1.941416143017     -3.222841413041      2.634429310651
    8      3.783653533577     -0.017779875509      2.440996473777
    8      1.875862225536      3.271021434152      2.407129576228
    8      5.408939175711     -3.155488826370      2.660264586827
    8     -3.741415436121      0.074928445798      2.381132623434
    8     -5.632939924442      3.255347789241      2.382889742170
    8     -1.772070528801     -3.215093315411      2.517197777443
    8      1.865997525046     -1.090480458850      0.857411596582
    8      0.017649312399      2.166936196849      0.844688625593
    8      3.748498475902     -4.390120152746      0.877750031777
    8      5.673132212670     -1.098104390197      0.868114672254
    8      3.751919130131      2.177777585952      0.857407712027
    8      7.464469616648     -4.282797430249      0.935119071466
    8     -1.901195140932     -1.092004309851      0.869664451095
    8     -3.760360656592      2.197041243708      0.823186466097
    8      0.045801269731     -4.346313332268      0.922245426144
  258      0.008492487014     -0.006542269768      0.024532780544
  258     -1.881516176993      3.261323062962     -0.002826854760
  258      1.875257283618     -3.257583590898      0.055839860350
  258      3.746801668667     -0.000882105767      0.031379111638
  258      1.873570242824      3.295769488272      0.047494713525
  258      5.639599294269     -3.264563738258      0.043052857400
  258     -3.754711237427      0.012477783995     -0.009138329702
  258     -5.625699567390      3.283319057110      0.024222706894
  258     -1.883741156256     -3.262904173142      0.076303991684
    8     -1.873202302411      1.088993184248     -0.770251166264
    8     -3.760033789844      4.386523002751     -0.763297909361
    8     -0.007479205052     -2.192826370583     -0.743224528462
    8      1.885351203954      1.098262463714     -0.756460252974
    8      0.005523051350      4.380743828325     -0.749155173142
    8      3.762306391514     -2.186233992933     -0.738243391051
    8     -5.645239580996      1.091667311270     -0.759914294710
    8     -7.521448916920      4.394943691192     -0.717638980139
    8     -3.757004742639     -2.182632269115     -0.764354895434
    8      0.000000000000      0.000000000000     -2.343480358560
    8     -1.878748440831      3.273389292987     -2.343480358560
    8      1.878748440835     -3.273389292982     -2.343480358560
    8      3.757725412500      0.000189195113     -2.343480358560
    8      1.878976971661      3.273578488100     -2.343480358560
    8      5.636473853346     -3.273200097869     -2.343480358560
    8     -3.757725412500     -0.000189195123     -2.343480358560
    8     -5.636473853346      3.273200097869     -2.343480358560
    8     -1.878976971667     -3.273578488096     -2.343480358560
  258     -1.878824617777      1.091066699288     -3.124640478080
  258     -3.757573058604      4.364455992281     -3.124640478080
  258     -0.000076176942     -2.182322593693     -3.124640478080
  258      1.878900794720      1.091255894406     -3.124640478080
  258      0.000152353887      4.364645187392     -3.124640478080
  258      3.757649235557     -2.182133398581     -3.124640478080
  258     -5.636550030316      1.090877504162     -3.124640478080
  258     -7.515298471108      4.364266797168     -3.124640478080
  258     -3.757801589443     -2.182511788811     -3.124640478080
    8      1.878824617777     -1.091066699288     -3.905800597599
    8      0.000076176942      2.182322593693     -3.905800597599
    8      3.757573058604     -4.364455992281     -3.905800597599
    8      5.636550030316     -1.090877504162     -3.905800597599
    8      3.757801589447      2.182511788812     -3.905800597599
    8      7.515298471108     -4.364266797168     -3.905800597599
    8     -1.878900794720     -1.091255894406     -3.905800597599
    8     -3.757649235559      2.182133398581     -3.905800597599
    8     -0.000152353888     -4.364645187392     -3.905800597599
    8      0.665896941337     -4.552787720692      5.907667235463
    1      5.291567790993      7.560333877834      5.384841828180
    1      0.840416406770     -5.515010739077      6.080974768811
    1     -0.051228195113     -4.206723886528      6.495587055313
    8      2.499398816868      2.382977813851      6.429439307797
    1      2.107391822386      1.874917895934      5.635997282249
    1      1.932711877330      2.227172526809      7.202039126613
    8      3.873861683511     -1.357877877454      5.045974316870
    1      4.111963617990     -0.635723044332      5.725318195327
    1      3.709121889223     -2.232646616218      5.511921481190
    8     -6.530845053882      0.691864036428      6.436986400076
    1     -6.140705898902      0.947987840760      5.538987017769
    1      4.005088434732      1.324108263045      6.616935496660
    1      2.478684611206      4.231745859656      6.121093063567
    8      7.765187418679     -4.661379648745      6.077300054645
    1      6.905008717486     -4.714505739700      6.558898147793
    1      2.351149973361     -4.018571283033      5.882699526132
    8      3.297149482343     -3.778333023617      5.680971691565
    1      3.918186982613     -4.351022398960      6.242143601814
    1     -1.469658556614     -2.897902544217      7.819632025318
    8     -1.394971581555     -3.125579454575      6.879006235824
    1     -2.225903429487     -3.617215210583      6.634731147610
    8     -1.648189004711      1.868502472867      6.655582841449
    1     -1.711586121211      1.455316422202      5.721503101797
    1     -1.581515172148      1.153716242344      7.307284451085
    1     -0.317049999609      4.288315134113      5.655292346834
    8     -0.502594714953      4.470112847911      6.643621172427
    1     -0.840583546740      3.612774929077      6.981184658099
    8      1.404781418204     12.420686684722      6.144556776799
    1      2.300947298808     12.240779772763      6.527889018101
    1      0.786835637499     11.783686217000      6.556401889872
    0    0
