   2   1   1 E -1.7585029301218E+04 DE-6.0E-08(  7)
  0.112731781883E+02  0.620743305126E-03  0.000000000000E+00
 -0.563619998610E+01  0.982004517229E+01  0.000000000000E+00
  0.000000000000E+00  0.000000000000E+00  0.500000000000E+03
    1
  0.100000000000E+01  0.000000000000E+00  0.000000000000E+00
  0.000000000000E+00  0.100000000000E+01  0.000000000000E+00
  0.000000000000E+00  0.000000000000E+00  0.100000000000E+01
  0.000000000000E+00  0.000000000000E+00  0.000000000000E+00
  111
    8     -1.880086339290      1.095286354622      4.181247951480
    8     -3.713241738088      4.251474979033      3.892580009992
    8     -0.095497033895     -2.081937956832      4.455627056390
    8      1.846127265800      1.238773027943      4.190532820686
    8     -0.109418666664      4.240337566107      4.119068950752
    8     -5.637253208234      1.107418090220      4.055578402817
    8     -7.384600214486      4.286590930660      4.056359043480
    8     -3.751855884460     -1.977966680160      4.059683018847
  258      1.856072797373     -0.987017936639      3.303106790148
  258      0.012335852301      2.176176852564      3.187817929935
  258      3.725359826262     -4.526206794680      3.171488051861
  258      5.715079486787     -0.998508585489      3.171910913227
  258      3.753580543765      2.230668567783      3.161772775209
  258      7.517978755775     -4.330004151072      3.381657580314
  258     -1.929207079042     -1.046234860408      3.214594357811
  258     -3.765721814442      2.175273823817      3.240777264281
  258      0.009960296502     -4.431069214564      3.287381173994
    8     -0.043210394087     -0.005723067029      2.449481050349
    8     -1.857455016641      3.194788709365      2.365264308703
    8      1.941253031625     -3.222790634138      2.634209736078
    8      3.783646761308     -0.017470640425      2.440996417134
    8      1.875840990879      3.271016383542      2.407109880630
    8      5.408670034664     -3.155212103287      2.660574109932
    8     -3.741349501755      0.075136657884      2.381090563609
    8     -5.632764308662      3.255117777287      2.382765705390
    8     -1.771908078924     -3.214873890015      2.517243069989
    8      1.866062516200     -1.090532221313      0.857200341790
    8      0.017600832260      2.167003665841      0.844674519373
    8      3.748574041762     -4.390092117934      0.877587772875
    8      5.673236873122     -1.098076672589      0.868137881161
    8      3.752024115531      2.177989622584      0.857401943225
    8      7.464462447014     -4.282326896684      0.935299353184
    8     -1.901384122642     -1.091970787174      0.869390228259
    8     -3.760284140390      2.196947119574      0.822767499744
    8      0.045666991210     -4.346343702713      0.922186136386
  258      0.008395166859     -0.006543433024      0.024451779255
  258     -1.881525550524      3.261302697335     -0.002807517810
  258      1.875109816120     -3.257513502417      0.055678172114
  258      3.746825775418     -0.000829396149      0.031376417940
  258      1.873608616558      3.295723571055      0.047320255728
  258      5.639431759784     -3.264472318733      0.042721578804
  258     -3.754717319470      0.012468383197     -0.009311907604
  258     -5.625722053879      3.283274300265      0.024079629629
  258     -1.883607236180     -3.262966479699      0.076149437268
    8     -1.873019572315      1.088935752732     -0.770443903975
    8     -3.760079954636      4.386642652267     -0.763312777084
    8     -0.007428365207     -2.192754939486     -0.743275319653
    8      1.885317171467      1.098336795997     -0.756336673053
    8      0.005731841617      4.380704705158     -0.749158830816
    8      3.762286013902     -2.186084306920     -0.738348005654
    8     -5.645413305743      1.091566326989     -0.759938765168
    8     -7.521518108943      4.395029579214     -0.717792772833
    8     -3.757026001201     -2.182816711216     -0.764822565329
    8      0.000000000000      0.000000000000     -2.343480358560
    8     -1.878733328697      3.273348390769     -2.343480358560
    8      1.878733328701     -3.273348390764     -2.343480358560
    8      3.757726062754      0.000206914432     -2.343480358560
    8      1.878992734049      3.273555305201     -2.343480358560
    8      5.636459391467     -3.273141476333     -2.343480358560
    8     -3.757726062754     -0.000206914442     -2.343480358560
    8     -5.636459391467      3.273141476333     -2.343480358560
    8     -1.878992734055     -3.273555305197     -2.343480358560
  258     -1.878819797151      1.091047158776     -3.124640478080
  258     -3.757553125844      4.364395549551     -3.124640478080
  258     -0.000086468449     -2.182301231988     -3.124640478080
  258      1.878906265601      1.091254073213     -3.124640478080
  258      0.000172936902      4.364602463981     -3.124640478080
  258      3.757639594304     -2.182094317557     -3.124640478080
  258     -5.636545859944      1.090840244331     -3.124640478080
  258     -7.515279188602      4.364188635121     -3.124640478080
  258     -3.757812531205     -2.182508146424     -3.124640478080
    8      1.878819797151     -1.091047158776     -3.905800597599
    8      0.000086468449      2.182301231988     -3.905800597599
    8      3.757553125844     -4.364395549551     -3.905800597599
    8      5.636545859944     -1.090840244331     -3.905800597599
    8      3.757812531209      2.182508146425     -3.905800597599
    8      7.515279188602     -4.364188635121     -3.905800597599
    8     -1.878906265601     -1.091254073213     -3.905800597599
    8     -3.757639594306      2.182094317557     -3.905800597599
    8     -0.000172936903     -4.364602463981     -3.905800597599
    8      0.666079433447     -4.552232002970      5.908011226530
    1      5.291415444019      7.560587087800      5.384691818832
    1      0.840322922725     -5.514296126484      6.082067569143
    1     -0.050721960003     -4.205515168670      6.495912468331
    8      2.499891035688      2.383112349660      6.429299417760
    1      2.107625851353      1.875078010510      5.636023362919
    1      1.933105203064      2.227730135501      7.201890920330
    8      3.874016307252     -1.357018185702      5.045940178061
    1      4.112061190225     -0.635105942128      5.725487520566
    1      3.709741903369     -2.231912444660      5.511765374003
    8     -6.530729281355      0.692536375413      6.437376699516
    1     -6.140614102293      0.948529170334      5.539362977884
    1      4.005224626081      1.324833646588      6.617406881031
    1      2.479046026819      4.232105939207      6.121258373993
    8      7.765629156639     -4.660878401092      6.077651848503
    1      6.905505056598     -4.713913651568      6.559197109471
    1      2.351599173631     -4.017839825603      5.882314743276
    8      3.297588896365     -3.777573172128      5.680753621519
    1      3.918434921439     -4.350261890051      6.242097145760
    1     -1.469552772095     -2.896411539038      7.819463293183
    8     -1.394677973937     -3.124564391873      6.878994519740
    1     -2.225458796021     -3.616506285521      6.634855052808
    8     -1.647757594290      1.868559271959      6.655321354183
    1     -1.711873582850      1.455567138794      5.721187955979
    1     -1.580773877400      1.153821295325      7.307106547109
    1     -0.316817796647      4.288550638255      5.655387761535
    8     -0.502400347248      4.470238759561      6.643596775356
    1     -0.840328447030      3.612880711127      6.981123375035
    8      1.405595660256     12.420883426834      6.144102163171
    1      2.301787995170     12.240842440582      6.527463647546
    1      0.787709634345     11.783981659575      6.556103009433
    0    0
