   2   1   1 E -1.7585029294501E+04 DE-1.5E-07(  8)
  0.112732367616E+02  0.426211329773E-03  0.000000000000E+00
 -0.563639874072E+01  0.982026906384E+01  0.000000000000E+00
  0.000000000000E+00  0.000000000000E+00  0.500000000000E+03
    1
  0.100000000000E+01  0.000000000000E+00  0.000000000000E+00
  0.000000000000E+00  0.100000000000E+01  0.000000000000E+00
  0.000000000000E+00  0.000000000000E+00  0.100000000000E+01
  0.000000000000E+00  0.000000000000E+00  0.000000000000E+00
  111
    8     -1.880277398788      1.095291742863      4.180776220107
    8     -3.713302473987      4.251286393712      3.891998701245
    8     -0.096355574878     -2.081694676828      4.455630981868
    8      1.847345127465      1.238613327148      4.190155743419
    8     -0.109499486829      4.240014482772      4.119977661668
    8     -5.637180522450      1.107533452486      4.055074201690
    8     -7.384229420766      4.286305485904      4.057595600956
    8     -3.751879711749     -1.977661630964      4.059457778539
  258      1.856191224732     -0.987082348469      3.302854717271
  258      0.012645720822      2.176678507814      3.187995669401
  258      3.725434715015     -4.526489014982      3.172003854575
  258      5.715109943796     -0.998914907949      3.171993567087
  258      3.753649087034      2.230566437052      3.161796375132
  258      7.518416694051     -4.329826412572      3.382043860332
  258     -1.928720194798     -1.046098507238      3.214499010030
  258     -3.765494188724      2.175022445526      3.239849445571
  258      0.009801630630     -4.431239756836      3.287291555488
    8     -0.042906903703     -0.005185886598      2.450010500691
    8     -1.856989806256      3.195147055702      2.365317303964
    8      1.940963178535     -3.222825733062      2.634410886089
    8      3.784079389170     -0.017963379697      2.440753839790
    8      1.876098717018      3.270783841234      2.407228081798
    8      5.408675855466     -3.155727510476      2.660587400842
    8     -3.741177967624      0.074817477202      2.380677722530
    8     -5.633461037493      3.255945842974      2.382730490319
    8     -1.771975678973     -3.215478327133      2.516544540800
    8      1.866073781953     -1.090486486097      0.857689224941
    8      0.017647916813      2.167199040352      0.844747414366
    8      3.748476359404     -4.390138728648      0.878033643800
    8      5.673387983058     -1.098534610976      0.868031142918
    8      3.752018010620      2.177739330422      0.857377590281
    8      7.464614987489     -4.283511180017      0.933844936790
    8     -1.900642431564     -1.091979396933      0.869532313558
    8     -3.760430175675      2.197254733874      0.823426733367
    8      0.046033285641     -4.346396799826      0.921734437455
  258      0.008674322988     -0.006300029572      0.024448484107
  258     -1.881417660183      3.261408545746     -0.002813985722
  258      1.875505114724     -3.257596621989      0.055925754327
  258      3.747154908066     -0.000856388480      0.031502641058
  258      1.873709607733      3.296070535070      0.047433515394
  258      5.639640794937     -3.264892867045      0.042771633382
  258     -3.754633912348      0.012296447474     -0.009137422664
  258     -5.625773302037      3.283480459326      0.024228331472
  258     -1.883189127349     -3.262826896255      0.075521272043
    8     -1.873110705560      1.089043535684     -0.770186717113
    8     -3.759850949991      4.386687371079     -0.763417581757
    8     -0.007062394475     -2.192570754669     -0.743510097329
    8      1.885414171810      1.098128654983     -0.756319084592
    8      0.005208865871      4.380656559127     -0.749326733010
    8      3.762301122938     -2.186209828396     -0.738334458685
    8     -5.645158369617      1.091671290674     -0.759883921177
    8     -7.521283981459      4.394923999429     -0.718043521074
    8     -3.756711713804     -2.182469897838     -0.764518975531
    8      0.000000000000      0.000000000000     -2.343480358560
    8     -1.878799580237      3.273423021287     -2.343480358560
    8      1.878799580241     -3.273423021282     -2.343480358560
    8      3.757745587185      0.000142070440     -2.343480358560
    8      1.878946006941      3.273565091727     -2.343480358560
    8      5.636545167438     -3.273280950842     -2.343480358560
    8     -3.757745587185     -0.000142070450     -2.343480358560
    8     -5.636545167438      3.273280950842     -2.343480358560
    8     -1.878946006947     -3.273565091723     -2.343480358560
  258     -1.878848389141      1.091093650279     -3.124640478080
  258     -3.757647969374      4.364516671572     -3.124640478080
  258     -0.000048808900     -2.182329371002     -3.124640478080
  258      1.878897198042      1.091235720724     -3.124640478080
  258      0.000097617803      4.364658742010     -3.124640478080
  258      3.757696778285     -2.182187300563     -3.124640478080
  258     -5.636593976366      1.090951579826     -3.124640478080
  258     -7.515393556564      4.364374601133     -3.124640478080
  258     -3.757794396087     -2.182471441447     -3.124640478080
    8      1.878848389141     -1.091093650279     -3.905800597599
    8      0.000048808900      2.182329371002     -3.905800597599
    8      3.757647969374     -4.364516671572     -3.905800597599
    8      5.636593976366     -1.090951579826     -3.905800597599
    8      3.757794396091      2.182471441448     -3.905800597599
    8      7.515393556564     -4.364374601133     -3.905800597599
    8     -1.878897198042     -1.091235720724     -3.905800597599
    8     -3.757696778287      2.182187300563     -3.905800597599
    8     -0.000097617804     -4.364658742010     -3.905800597599
    8      0.667773903762     -4.552556062910      5.907128026997
    1      5.291797980369      7.560217173384      5.385006919567
    1      0.842833502017     -5.514958184176      6.079254565171
    1     -0.049275893899     -4.207657253343      6.495743333090
    8      2.500340221111      2.382675828834      6.429377443107
    1      2.108379942967      1.874590189225      5.636005504275
    1      1.933512181225      2.227277833824      7.201992095595
    8      3.873558996987     -1.357318859670      5.045861647008
    1      4.111873551206     -0.635373152996      5.725370845803
    1      3.709756990263     -2.232241324149      5.511801365587
    8     -6.530935083511      0.692323943049      6.436918786594
    1     -6.140653062176      0.948298746390      5.538955831446
    1      4.005109990606      1.324526958448      6.617021950087
    1      2.480652367581      4.231636363124      6.120368445479
    8      7.766937483272     -4.661711146987      6.077538990330
    1      6.906938380532     -4.715353371050      6.559333693721
    1      2.352492993873     -4.018311837912      5.882855680362
    8      3.298522595252     -3.778173815186      5.680983751078
    1      3.919652732075     -4.350607355452      6.242312340158
    1     -1.467319251279     -2.899675943644      7.821574175314
    8     -1.393078538237     -3.126153643600      6.880606897310
    1     -2.224221721260     -3.617264722969      6.636148967682
    8     -1.648680279815      1.867966061113      6.656325195977
    1     -1.711062870124      1.454557463393      5.722654115405
    1     -1.582057647314      1.153413286224      7.308358450390
    1     -0.316264221392      4.288404426469      5.655969658737
    8     -0.501396330303      4.470525464002      6.644271609605
    1     -0.839881659586      3.613564545729      6.982179318835
    8      1.404627537223     12.421279104726      6.144412085334
    1      2.301123623257     12.240830434536      6.527038190102
    1      0.786695974270     11.784445810735      6.556493650454
    0    0
