   2   1   1 E -1.7659721692515E+04 DE-1.8E-07(  5)
  0.112764284202E+02 -0.164942666171E-01  0.000000000000E+00
 -0.565259713752E+01  0.980153228145E+01  0.000000000000E+00
  0.000000000000E+00  0.000000000000E+00  0.500000000000E+03
    1
  0.100000000000E+01  0.000000000000E+00  0.000000000000E+00
  0.000000000000E+00  0.100000000000E+01  0.000000000000E+00
  0.000000000000E+00  0.000000000000E+00  0.100000000000E+01
  0.000000000000E+00  0.000000000000E+00  0.000000000000E+00
  111
    8     -1.850188514525      1.049419418624      3.984577365872
    8     -3.730485535816      4.349954617422      4.054639755414
    8      0.079670463419     -2.195673055591      4.027912851892
    8      1.912630436250      1.180268605495      4.104078108953
    8      0.025384381380      4.347881070789      3.967446631182
    8      3.773574603706     -2.169134546917      3.945657452586
    8     -5.685324777063      1.184752691660      4.071070547538
    8     -7.544484125764      4.372033831614      4.125185428334
    8     -3.802423780833     -2.125867356919      4.055813707983
  258      1.902671503973     -1.102476046158      3.246040738900
  258      0.010950042450      2.155043531854      3.243490227830
  258      3.789661289606     -4.377188397458      3.224828267330
  258      5.628833278360     -1.086739512745      3.216334380571
  258      3.753430047618      2.201352527701      3.199461242192
  258      7.520143621028     -4.364974557865      3.238296643328
  258     -1.886377694743     -1.074618150624      3.297482400805
  258     -3.768274462299      2.192534538394      3.273229588429
  258      0.016184578296     -4.325807955297      3.239445707990
    8      0.045182835712     -0.006136631936      2.439361402369
    8     -1.888471184814      3.255349447657      2.425085248934
    8      1.891936781396     -3.291963467298      2.409211596873
    8      3.752953504992      0.027624744142      2.412049933931
    8      1.901041827503      3.275021029454      2.390888227336
    8      5.665768803301     -3.268772711061      2.406902039758
    8     -3.787351452579      0.024682984546      2.442694720216
    8     -5.642608784455      3.318059486721      2.421992249198
    8     -1.878444346678     -3.255338631843      2.463660690143
    8      1.891306566360     -1.101239896340      0.857979525090
    8      0.000029684781      2.170689206404      0.863829384784
    8      3.777562700306     -4.365711966051      0.854877239386
    8      5.634919706668     -1.092492538925      0.860548447295
    8      3.769024577111      2.179425371773      0.849482167436
    8      7.535274521779     -4.355113554976      0.863909486645
    8     -1.879446770874     -1.076149671986      0.892914896707
    8     -3.769448593478      2.185891656154      0.867756489952
    8     -0.005063771346     -4.332448685742      0.870015950152
  258      0.002596704087     -0.001701305694      0.056458563411
  258     -1.882689331882      3.262040585026      0.050348013940
  258      1.887880584932     -3.265470035417      0.044688240577
  258      3.760289142298     -0.003814252057      0.035779468539
  258      1.878523833602      3.266741102599      0.035228772213
  258      5.648922301546     -3.272747731672      0.040151906186
  258     -3.756402927789      0.014237010894      0.054597676568
  258     -5.638075629958      3.282045026344      0.041050019430
  258     -1.873956380420     -3.248972184145      0.051208151410
    8     -1.880028436753      1.090093734066     -0.764158918999
    8     -3.764971835015      4.362381686426     -0.766661111361
    8      0.000388512222     -2.168525844043     -0.766982404451
    8      1.880175217711      1.086129564949     -0.767483295269
    8      0.000053414192      4.352306888513     -0.770146520837
    8      3.767326495384     -2.182086416189     -0.773189048925
    8     -5.634620633621      1.099719849498     -0.771797373634
    8     -7.519832833879      4.374078836281     -0.771710072854
    8     -3.749967177487     -2.161786361782     -0.765757842523
    8      0.000000000000      0.000000000000     -2.343480358560
    8     -1.884199045841      3.267177427152     -2.343480358560
    8      1.884199045847     -3.267177427147     -2.343480358560
    8      3.758809473411     -0.005498088877     -2.343480358560
    8      1.874610427563      3.261679338280     -2.343480358560
    8      5.643008519266     -3.272675516025     -2.343480358560
    8     -3.758809473411      0.005498088867     -2.343480358560
    8     -5.643008519266      3.272675516025     -2.343480358560
    8     -1.874610427569     -3.261679338275     -2.343480358560
  258     -1.881002839752      1.090891838673     -3.124640478080
  258     -3.765201885588      4.358069265831     -3.124640478080
  258      0.003196206094     -2.176285588474     -3.124640478080
  258      1.877806633659      1.085393749801     -3.124640478080
  258     -0.006392412185      4.352571176956     -3.124640478080
  258      3.762005679504     -2.181783677351     -3.124640478080
  258     -5.639812313204      1.096389927534     -3.124640478080
  258     -7.524011359005      4.363567354709     -3.124640478080
  258     -3.755613267320     -2.170787499606     -3.124640478080
    8      1.881002839752     -1.090891838673     -3.905800597599
    8     -0.003196206094      2.176285588474     -3.905800597599
    8      3.765201885588     -4.358069265831     -3.905800597599
    8      5.639812313204     -1.096389927534     -3.905800597599
    8      3.755613267324      2.170787499606     -3.905800597599
    8      7.524011359005     -4.363567354709     -3.905800597599
    8     -1.877806633659     -1.085393749801     -3.905800597599
    8     -3.762005679506      2.181783677351     -3.905800597599
    8      0.006392412184     -4.352571176956     -3.905800597599
    8     12.395503078302      6.093934317756      6.001202685103
    1     12.626318246709      6.898140527914      5.449105702078
    8     15.390462730203      4.176194129590      6.759536414577
    1     16.345385742332      4.419287536950      6.731191477178
    1     15.140542176742      4.221078758164      5.788070329843
    1     13.409255522169      0.223177367678      5.560705024584
    8     13.559616803000     -0.701189366860      5.894336619442
    1     14.525944565624     -0.764543379632      6.048879070905
    8     14.468699479375      6.412176498037      7.652356368962
    1     14.859568087959      5.505791119178      7.366122335992
    1     14.533070055661      6.480041222130      8.615288368621
    8     16.564488025778     -0.561427528108      5.927663959304
    1     16.756730564327      0.334579239022      5.509777069558
    1     17.257781458778     -0.736797007147      6.581633531930
    8     11.133437614460      2.632781958389      5.913144577885
    1     11.939353442256      2.349089405728      6.371465959827
    1     11.290633751305      3.549303404252      5.568977122458
    8      9.641703003889      5.862877074390      5.861198414237
    1     10.613603860212      5.832095576639      6.055364992355
    1      9.505049304089      6.787893298598      5.544336653122
    1     13.017223831830      6.138157241125      6.768514428055
    8     17.757940071730      5.343177755490      6.115768360729
    1     18.405665497600      4.878028909067      5.501614429949
    1     18.199779388392      6.140290994416      6.447138935315
    1     21.915498790493     -1.746972285006      5.651960677303
    8     21.043860437473     -1.372409981575      5.914378428121
    1     20.652970133713     -2.024562300778      6.540328100441
    8     19.219643996313      1.963518584764      5.908978564592
    1     20.075937961254      1.528365906610      5.679451455377
    1     19.449915896659      2.808100429558      6.329036974662
    0    0
