   2   1   1 E -1.7659353768035E+04 DE 5.9E-09(  3)
  0.112698588978E+02 -0.951074428756E-02  0.000000000000E+00
 -0.564318811864E+01  0.975895304790E+01  0.000000000000E+00
  0.000000000000E+00  0.000000000000E+00  0.500000000000E+03
    1
  0.100000000000E+01  0.000000000000E+00  0.000000000000E+00
  0.000000000000E+00  0.100000000000E+01  0.000000000000E+00
  0.000000000000E+00  0.000000000000E+00  0.100000000000E+01
  0.000000000000E+00  0.000000000000E+00  0.000000000000E+00
  110
    8     -1.966422688491      1.102359907302      4.113811599338
    8     -3.709604741923      4.273837708098      4.135436687847
    8     -0.070223954407     -2.138714618350      3.811500172392
    8      1.941096626952      1.093093129709      4.120148406887
    8     -0.005627837596      4.387649692621      4.097584820733
    8      3.858418533986     -2.231393004158      3.989804037293
    8     -5.596169042894      1.126658928131      3.982538410859
    8     -7.563380564382      4.436694669230      4.112342794065
    8     -3.758649832575     -2.227832875994      4.098110247690
  258      1.903447999223     -1.092839441435      3.385325374077
  258     -0.003858298808      2.168162021001      3.339904519645
  258      3.769136627037     -4.339178828762      3.235702543385
  258      5.651144405948     -1.112057715980      3.293107169333
  258      3.765758079018      2.151766813684      3.305402553434
  258      7.519793715705     -4.341539030032      3.200712811363
  258     -1.877807313829     -1.078274649277      3.235232940517
  258     -3.769956362979      2.172851245040      3.195852413682
  258     -0.007139841475     -4.314236447953      3.303908011920
    8     -0.000717309693      0.095240756745      2.476851841674
    8     -1.855407392667      3.242403394128      2.418418356631
    8      1.898527067502     -3.296391556335      2.473747803401
    8      3.765593847087     -0.006851884585      2.468846494984
    8      1.866869969310      3.231381823422      2.452273679515
    8      5.672427097019     -3.268738685849      2.370279968436
    8     -3.746077300714     -0.033777631366      2.403374709181
    8     -5.654888577307      3.311399080889      2.439669599892
    8     -1.918770900493     -3.267364972704      2.374151248014
    8      1.870742058332     -1.092018832393      0.897501902034
    8      0.004167299347      2.179709345724      0.849369497492
    8      3.758177345610     -4.341136619907      0.863880824507
    8      5.629849411512     -1.084997520812      0.856036803243
    8      3.760590029823      2.160311790376      0.881591398611
    8      7.516586650123     -4.369818510417      0.828155704465
    8     -1.851509089894     -1.072915576374      0.864123104790
    8     -3.769722110736      2.171886617041      0.869287434617
    8      0.009444657653     -4.319079462958      0.861552645760
  258      0.012047562514      0.007732714209      0.085805729946
  258     -1.871249264607      3.251595780836      0.054381661954
  258      1.876977606207     -3.245503091252      0.078291650998
  258      3.755264515410     -0.007766180736      0.091593479781
  258      1.875481986525      3.237007586865      0.067151735900
  258      5.636266834535     -3.255528355822      0.048879100471
  258     -3.759947303701     -0.001315668313      0.051785562974
  258     -5.644557066500      3.264245728977      0.061671881758
  258     -1.865761879998     -3.250429576240      0.053365805051
    8     -1.881863532865      1.086765443427     -0.779332026759
    8     -3.760918651879      4.337785571738     -0.779520869326
    8      0.009677492646     -2.161548400893     -0.785371963364
    8      1.885048136216      1.073905711295     -0.774769615177
    8     -0.009311681647      4.333966799245     -0.793437051834
    8      3.751681598586     -2.168786489793     -0.777742774428
    8     -5.636034466728      1.091532487418     -0.780231771946
    8     -7.506957485182      4.334360804708     -0.785471311472
    8     -3.748957384432     -2.159706094527     -0.780867718546
    8      0.000000000000      0.000000000000     -2.343480358560
    8     -1.881062706217      3.252984349302     -2.343480358560
    8      1.881062706223     -3.252984349297     -2.343480358560
    8      3.756619632589     -0.003170248100     -2.343480358560
    8      1.875556926366      3.249814101205     -2.343480358560
    8      5.637682338818     -3.256154597397     -2.343480358560
    8     -3.756619632589      0.003170248090     -2.343480358560
    8     -5.637682338818      3.256154597397     -2.343480358560
    8     -1.875556926371     -3.249814101200     -2.343480358560
  258     -1.879227446269      1.085384865799     -3.124640478080
  258     -3.760290152482      4.338369215105     -3.124640478080
  258      0.001835259951     -2.167599483500     -3.124640478080
  258      1.877392186319      1.082214617702     -3.124640478080
  258     -0.003670519901      4.335198967004     -3.124640478080
  258      3.758454892541     -2.170769731598     -3.124640478080
  258     -5.635847078900      1.088555113881     -3.124640478080
  258     -7.516909785078      4.341539463205     -3.124640478080
  258     -3.754784372640     -2.164429235406     -3.124640478080
    8      1.879227446269     -1.085384865799     -3.905800597599
    8     -0.001835259951      2.167599483500     -3.905800597599
    8      3.760290152482     -4.338369215105     -3.905800597599
    8      5.635847078900     -1.088555113881     -3.905800597599
    8      3.754784372644      2.164429235406     -3.905800597599
    8      7.516909785078     -4.341539463205     -3.905800597599
    8     -1.877392186319     -1.082214617702     -3.905800597599
    8     -3.758454892543      2.170769731598     -3.905800597599
    8      0.003670519899     -4.335198967004     -3.905800597599
    8     11.178294098319      4.625090701053      6.752029666185
    1     11.236775471356      4.630067845191      5.759757783956
    1     10.519791980453      5.329958721688      6.958966858422
    8      0.230512220519      2.017442813386      5.956668885731
    1      0.102676602475      2.872012815176      6.441337018728
    1      1.184660951514      1.814582524896      5.885474751942
    8     15.389112869500      2.604399416389      5.947496958799
    1     15.146139067068      3.514765124782      5.640359698228
    1     16.358620249331      2.680142791273      6.139378688553
    8      3.981251234975     -2.773077752461      7.014799104963
    1      3.192030570121     -2.406953716523      6.528014784992
    1      4.703038593657     -2.184218411514      6.716448362478
    1     -2.782485445659     -2.221386207246      5.591592264909
    8     -1.967089324932     -1.848428429423      6.014915599127
    1     -1.278822995188     -2.552478020076      6.046220229836
    8     -3.080782162202      0.622305145986      6.470729371233
    1     -2.569708689044      0.873904824421      5.637696434132
    1     -2.587675065401     -0.176205908764      6.754976267263
    8     -5.519176969255     -0.662731423822      5.987873935426
    1     -6.090378540808      0.124643026513      5.907556758638
    1     -4.619326635514     -0.260285976618      6.133428848025
    8     -4.455384592898      3.227557469414      6.463126079297
    1     -4.053909948853      3.673685146271      5.656056680852
    1     -3.880686348150      2.474075882664      6.706415122616
    8     18.699450367153      8.096560147532      5.731521080416
    1     18.243994472542      8.788656527199      6.237400412389
    1     17.503100094895      5.362686066796      6.456791910018
    8     17.130077514111      6.048243983595      5.875497788443
    1     17.785606292023      6.863532610722      5.847821426526
    0    0
