   2   1   1 E -1.7659353746518E+04 DE 1.9E-07(  3)
  0.112696458874E+02 -0.999076467111E-02  0.000000000000E+00
 -0.564349688157E+01  0.975925512616E+01  0.000000000000E+00
  0.000000000000E+00  0.000000000000E+00  0.500000000000E+03
    1
  0.100000000000E+01  0.000000000000E+00  0.000000000000E+00
  0.000000000000E+00  0.100000000000E+01  0.000000000000E+00
  0.000000000000E+00  0.000000000000E+00  0.100000000000E+01
  0.000000000000E+00  0.000000000000E+00  0.000000000000E+00
  110
    8     -1.964486327834      1.104215656599      4.114298340646
    8     -3.710231821482      4.274450529846      4.134692614081
    8     -0.069510497612     -2.138064510901      3.810078883168
    8      1.939531624125      1.092917777926      4.118458335888
    8     -0.006074098888      4.389638589020      4.094590869033
    8      3.859902466472     -2.232259203519      3.992088132093
    8     -5.600188518844      1.128729235244      3.989210991705
    8     -7.562420792840      4.439281020350      4.111799375672
    8     -3.757368390227     -2.229005126974      4.096054782107
  258      1.904017224016     -1.092202180494      3.385438940725
  258     -0.003936704586      2.168619551749      3.340480175918
  258      3.770146363730     -4.339339061940      3.233361804652
  258      5.651066948886     -1.113878194161      3.293950691851
  258      3.764527590043      2.152138028937      3.305485309095
  258      7.520175485084     -4.341389068184      3.199674623075
  258     -1.877631948056     -1.077842345866      3.234873829290
  258     -3.770233108967      2.173974841191      3.197373904579
  258     -0.006143879108     -4.313874230207      3.304209386061
    8     -0.001406701513      0.095722437728      2.476105194683
    8     -1.856174186206      3.242505934332      2.418162380024
    8      1.899677336068     -3.295686840720      2.473169393146
    8      3.766845356671     -0.007470080148      2.469211858071
    8      1.867613996101      3.232039831934      2.452303682334
    8      5.671901838956     -3.267573665447      2.368901845157
    8     -3.747540223406     -0.031674543352      2.406445639990
    8     -5.654412507442      3.310367946463      2.439911767128
    8     -1.917156287524     -3.266846936500      2.372809424838
    8      1.871154675293     -1.091510652667      0.897257857587
    8      0.004524420441      2.180373235856      0.849571080060
    8      3.758503885145     -4.341230521016      0.862721961654
    8      5.630965932384     -1.084677760200      0.856017894802
    8      3.760449419171      2.159952842700      0.881962771842
    8      7.516480252487     -4.369516094735      0.828250788206
    8     -1.853038175040     -1.071783876548      0.864493706048
    8     -3.769639922472      2.171877065144      0.869902095123
    8      0.010397096928     -4.319423551697      0.861170614373
  258      0.012750318615      0.007790096190      0.085945425498
  258     -1.871415533279      3.251416478927      0.054117664057
  258      1.877259062275     -3.245533240052      0.078506229152
  258      3.755916822749     -0.007656664942      0.091611345412
  258      1.874935305709      3.237115622809      0.067175802296
  258      5.636670737619     -3.255223402956      0.048062873657
  258     -3.759700228930     -0.000667886548      0.051968687454
  258     -5.644515374990      3.264801004407      0.061877498178
  258     -1.865587210058     -3.250131250158      0.053204841697
    8     -1.881482269933      1.087072986749     -0.779339893698
    8     -3.760869296795      4.337702548752     -0.779707233701
    8      0.009488755194     -2.161177041647     -0.785000471699
    8      1.884961416857      1.074069960418     -0.774713012617
    8     -0.009213585229      4.333978155651     -0.793831762754
    8      3.751957191514     -2.168661749309     -0.777719474188
    8     -5.636080095487      1.092003932926     -0.780294852644
    8     -7.507051663945      4.334717539914     -0.785134157676
    8     -3.748490451119     -2.159666480658     -0.781495101521
    8      0.000000000000      0.000000000000     -2.343480358560
    8     -1.881165627191      3.253085042054     -2.343480358560
    8      1.881165627197     -3.253085042049     -2.343480358560
    8      3.756548629090     -0.003330254895     -2.343480358560
    8      1.875383001893      3.249754787163     -2.343480358560
    8      5.637714256294     -3.256415296944     -2.343480358560
    8     -3.756548629090      0.003330254885     -2.343480358560
    8     -5.637714256294      3.256415296944     -2.343480358560
    8     -1.875383001898     -3.249754787158     -2.343480358560
  258     -1.879238085428      1.085471765648     -3.124640478080
  258     -3.760403712615      4.338556807706     -3.124640478080
  258      0.001927541766     -2.167613276403     -3.124640478080
  258      1.877310543662      1.082141510756     -3.124640478080
  258     -0.003855083532      4.335226552811     -3.124640478080
  258      3.758476170858     -2.170943531296     -3.124640478080
  258     -5.635786714560      1.088802020524     -3.124640478080
  258     -7.516952341712      4.341887062601     -3.124640478080
  258     -3.754621087326     -2.164283021515     -3.124640478080
    8      1.879238085428     -1.085471765648     -3.905800597599
    8     -0.001927541766      2.167613276403     -3.905800597599
    8      3.760403712615     -4.338556807706     -3.905800597599
    8      5.635786714560     -1.088802020524     -3.905800597599
    8      3.754621087330      2.164283021515     -3.905800597599
    8      7.516952341712     -4.341887062601     -3.905800597599
    8     -1.877310543662     -1.082141510756     -3.905800597599
    8     -3.758476170860      2.170943531296     -3.905800597599
    8      0.003855083530     -4.335226552811     -3.905800597599
    8     11.149548855859      4.642673349792      6.749692765617
    1     11.215898102383      4.645051409180      5.758639563843
    1     10.508118023153      5.364774079317      6.954475738526
    8      0.232567121210      2.032373748178      5.958025975299
    1      0.095317154827      2.885497284148      6.441912099058
    1      1.188082080515      1.834901290841      5.897697481754
    8     15.381560089162      2.613170532346      5.949532259573
    1     15.146625626160      3.523059350754      5.633502120338
    1     16.350192335779      2.682950322433      6.145564958648
    8      3.990913833495     -2.735070596469      7.030916492761
    1      3.200291109693     -2.384381117210      6.535256986063
    1      4.707177005609     -2.139427805723      6.731918695463
    1     -2.778463889194     -2.224571720157      5.594505573872
    8     -1.961446857687     -1.851197018783      6.013432641927
    1     -1.273781513526     -2.556135543246      6.043405773832
    8     -3.054507454606      0.626449370010      6.483725188214
    1     -2.551954136313      0.878170432222      5.646070747169
    1     -2.560508174727     -0.173304566737      6.762231079828
    8     -5.499251888308     -0.643564809129      5.987969086416
    1     -6.033494843396      0.163872633684      5.858798070581
    1     -4.590895863251     -0.267442163750      6.145330040719
    8     -4.454169663380      3.226140558188      6.463993562139
    1     -4.052798631173      3.673253748759      5.657865645068
    1     -3.874225220856      2.478561651695      6.712408325975
    8     18.698068614060      8.096846531551      5.730731153831
    1     18.245066278275      8.790857859769      6.236146876643
    1     17.504424155786      5.363677783943      6.456602210522
    8     17.132509731174      6.049024893034      5.874333657879
    1     17.788035310235      6.865627505589      5.847807331789
    0    0
