   2   1   1 E -1.7659353757627E+04 DE-4.6E-07(  6)
  0.112698300511E+02 -0.990158507188E-02  0.000000000000E+00
 -0.564351169185E+01  0.975946445019E+01  0.000000000000E+00
  0.000000000000E+00  0.000000000000E+00  0.500000000000E+03
    1
  0.100000000000E+01  0.000000000000E+00  0.000000000000E+00
  0.000000000000E+00  0.100000000000E+01  0.000000000000E+00
  0.000000000000E+00  0.000000000000E+00  0.100000000000E+01
  0.000000000000E+00  0.000000000000E+00  0.000000000000E+00
  110
    8     -1.965375204425      1.103461407738      4.114103349844
    8     -3.709674047076      4.274395460841      4.135043830821
    8     -0.069517578439     -2.138520939099      3.810117988347
    8      1.940013225160      1.093349202867      4.119462770539
    8     -0.006171818581      4.389285127834      4.095519851310
    8      3.859728915045     -2.231714828239      3.990987967254
    8     -5.599148844842      1.128505891069      3.987996187301
    8     -7.562725130553      4.439130922528      4.111691531194
    8     -3.758139987446     -2.228426200922      4.096779268013
  258      1.903809640114     -1.092129529822      3.385680706432
  258     -0.003467635889      2.168950390195      3.340202575364
  258      3.769626903366     -4.339325031486      3.234428803820
  258      5.651268567438     -1.113075508169      3.293263077271
  258      3.765149247282      2.152198024040      3.306031982703
  258      7.520304257839     -4.341276037848      3.200100248019
  258     -1.877531845913     -1.077735078725      3.235284695740
  258     -3.770111417955      2.173831998975      3.196958209024
  258     -0.006423110959     -4.313881264071      3.303732773181
    8     -0.000987598718      0.095593351017      2.476645636017
    8     -1.855879225696      3.242340606247      2.418366257370
    8      1.899573947827     -3.295952930824      2.473543278538
    8      3.766499910449     -0.006670767294      2.469255429753
    8      1.867121601247      3.231868505736      2.452456476369
    8      5.672212889630     -3.268076407967      2.369127101550
    8     -3.747272065136     -0.032353924249      2.405392090316
    8     -5.654257780835      3.310864824017      2.440071132434
    8     -1.918208801839     -3.266551028726      2.373220763996
    8      1.870831607659     -1.091743490887      0.897429578440
    8      0.004505691469      2.180139232367      0.849230995623
    8      3.758375366208     -4.341566065387      0.863155908021
    8      5.630467924813     -1.084704002043      0.856060543710
    8      3.760595968101      2.160523253794      0.882186811564
    8      7.516823360635     -4.370109705877      0.827924665116
    8     -1.852126797543     -1.072203329859      0.864422966261
    8     -3.769860904828      2.172009830342      0.869727368469
    8      0.010183251027     -4.319258200522      0.861909551308
  258      0.012260568282      0.008296094324      0.085886871275
  258     -1.871303834957      3.251331009497      0.054398499020
  258      1.877136139375     -3.245627430927      0.078258337347
  258      3.755532079196     -0.007476608841      0.091687788498
  258      1.875525467342      3.237082069829      0.067136099882
  258      5.636512134613     -3.255591281073      0.048404767664
  258     -3.759720531388     -0.000825095262      0.052061135473
  258     -5.644361571457      3.264687957217      0.061900426802
  258     -1.865651143000     -3.250347340898      0.053263642177
    8     -1.881657039285      1.087048824361     -0.779029191071
    8     -3.761020786059      4.337905340568     -0.779650707551
    8      0.009566803277     -2.161503077729     -0.785396236060
    8      1.885356681304      1.074008673857     -0.774548637826
    8     -0.009335094355      4.334124914972     -0.793586061978
    8      3.751947320059     -2.168729059294     -0.777334711933
    8     -5.636136389245      1.091863135343     -0.780363573331
    8     -7.506608922006      4.334926797921     -0.785342560274
    8     -3.748689910594     -2.159518052386     -0.780824288963
    8      0.000000000000      0.000000000000     -2.343480358560
    8     -1.881170563953      3.253154816732     -2.343480358560
    8      1.881170563959     -3.253154816727     -2.343480358560
    8      3.756610017001     -0.003300528361     -2.343480358560
    8      1.875439453042      3.249854288373     -2.343480358560
    8      5.637780580967     -3.256455345088     -2.343480358560
    8     -3.756610017001      0.003300528351     -2.343480358560
    8     -5.637780580967      3.256455345088     -2.343480358560
    8     -1.875439453047     -3.249854288368     -2.343480358560
  258     -1.879260193652      1.085485115029     -3.124640478080
  258     -3.760430757601      4.338639931765     -3.124640478080
  258      0.001910370304     -2.167669701699     -3.124640478080
  258      1.877349823348      1.082184586671     -3.124640478080
  258     -0.003820740608      4.335339403403     -3.124640478080
  258      3.758520387307     -2.170970230059     -3.124640478080
  258     -5.635870210695      1.088785643373     -3.124640478080
  258     -7.517040774610      4.341940460127     -3.124640478080
  258     -3.754699646699     -2.164369173344     -3.124640478080
    8      1.879260193652     -1.085485115029     -3.905800597599
    8     -0.001910370304      2.167669701699     -3.905800597599
    8      3.760430757601     -4.338639931765     -3.905800597599
    8      5.635870210695     -1.088785643373     -3.905800597599
    8      3.754699646703      2.164369173344     -3.905800597599
    8      7.517040774610     -4.341940460127     -3.905800597599
    8     -1.877349823348     -1.082184586671     -3.905800597599
    8     -3.758520387309      2.170970230059     -3.905800597599
    8      0.003820740606     -4.335339403403     -3.905800597599
    8     11.159375597576      4.639756538085      6.750163798960
    1     11.223270574373      4.641256254384      5.758621733736
    1     10.513411044483      5.357709571401      6.954758314285
    8      0.231119514483      2.029556047648      5.957848453961
    1      0.096687991637      2.883259803910      6.441722745931
    1      1.186268139034      1.830429549608      5.894997244928
    8     15.384021029340      2.611578962677      5.949629467655
    1     15.146695638273      3.521628756052      5.636301686226
    1     16.353047927736      2.682916759754      6.144146017836
    8      3.989387928775     -2.743599009252      7.026809047891
    1      3.198779303870     -2.389089115882      6.533872994697
    1      4.706871492428     -2.149168801298      6.728350645007
    1     -2.779432094638     -2.223300994382      5.592557114017
    8     -1.962727423323     -1.849952436606      6.012508606862
    1     -1.274941867733     -2.554707109524      6.043411525007
    8     -3.061023648983      0.626122925712      6.481227753745
    1     -2.556132994089      0.877771421415      5.644731710454
    1     -2.567209541229     -0.173250184378      6.761244494299
    8     -5.503896674248     -0.649219415151      5.988106349847
    1     -6.049936001697      0.152819174034      5.873806365264
    1     -4.597901545364     -0.265121459194      6.141878596885
    8     -4.454441418639      3.226743389709      6.463945152442
    1     -4.052879841108      3.673483331876      5.657604835084
    1     -3.875695934369      2.477722066154      6.711268014827
    8     18.699166720347      8.097860958825      5.730989991530
    1     18.246011013603      8.791831350192      6.236460281021
    1     17.504620232492      5.363589081205      6.456437111558
    8     17.132250746237      6.048891503230      5.874418659921
    1     17.787246125494      6.865118397875      5.847750875284
    0    0
