   2   1   1 E -1.7659353721539E+04 DE 2.4E-07(  3)
  0.112699618561E+02 -0.951928729246E-02  0.000000000000E+00
 -0.564324707737E+01  0.975894535402E+01  0.000000000000E+00
  0.000000000000E+00  0.000000000000E+00  0.500000000000E+03
    1
  0.100000000000E+01  0.000000000000E+00  0.000000000000E+00
  0.000000000000E+00  0.100000000000E+01  0.000000000000E+00
  0.000000000000E+00  0.000000000000E+00  0.100000000000E+01
  0.000000000000E+00  0.000000000000E+00  0.000000000000E+00
  110
    8     -1.966579783173      1.102443134014      4.113859095120
    8     -3.709522615276      4.273878018917      4.135676341507
    8     -0.070143237357     -2.138520481243      3.811106094814
    8      1.940985672750      1.093035921817      4.120150849139
    8     -0.005564313144      4.387525555099      4.097598362369
    8      3.858329055424     -2.231681743266      3.989804539650
    8     -5.596192103280      1.126641234121      3.982464009979
    8     -7.563506214978      4.436777479229      4.112356147621
    8     -3.758969851178     -2.227760162341      4.098180231723
  258      1.903478778957     -1.092724251812      3.385174225103
  258     -0.003811169217      2.168144341363      3.339754404497
  258      3.769096885778     -4.339301356281      3.235724932280
  258      5.651105264425     -1.112250890103      3.293256299418
  258      3.765730474463      2.151799109534      3.305295162005
  258      7.519845482597     -4.341628607632      3.200712206328
  258     -1.877997119623     -1.078150030480      3.235275504210
  258     -3.769998065433      2.173000501825      3.195868213239
  258     -0.007191159769     -4.314122385565      3.303760313661
    8     -0.000942455112      0.095450010982      2.476681739641
    8     -1.855528296763      3.242305594044      2.418307275368
    8      1.898534557711     -3.296600469354      2.473640235305
    8      3.765460109463     -0.006869813263      2.468949602135
    8      1.867021675746      3.231305941531      2.452185564959
    8      5.672585387367     -3.268740767295      2.370161376384
    8     -3.746007784151     -0.033925094845      2.403317245834
    8     -5.654858917644      3.311496923491      2.439832211528
    8     -1.918950812247     -3.267217722192      2.374264430948
    8      1.870700564314     -1.092001169047      0.897533225464
    8      0.004200010384      2.179830474243      0.849249173071
    8      3.758293080182     -4.341095048203      0.863892464659
    8      5.629790571188     -1.084954454353      0.856015289025
    8      3.760793392244      2.160263458269      0.881695084198
    8      7.516712237496     -4.369873092122      0.828123355299
    8     -1.851552369927     -1.072942586744      0.863942809845
    8     -3.769903874831      2.171843478306      0.869246662970
    8      0.009313424761     -4.319057104785      0.861550903049
  258      0.012073946165      0.007751707801      0.085725964009
  258     -1.871274467603      3.251576118082      0.054315882370
  258      1.876989217419     -3.245528802627      0.078251490747
  258      3.755341905648     -0.007790114508      0.091573601556
  258      1.875478169261      3.236978263131      0.067028743559
  258      5.636325447700     -3.255474093732      0.048896165177
  258     -3.759976101940     -0.001223152573      0.051845297740
  258     -5.644616024143      3.264263854161      0.061585472656
  258     -1.865882494594     -3.250408208113      0.053324965022
    8     -1.881865281233      1.086812484683     -0.779358992369
    8     -3.760962707670      4.337799330210     -0.779485882174
    8      0.009733455909     -2.161572535291     -0.785374797953
    8      1.885092147727      1.073918506727     -0.774748632239
    8     -0.009315289354      4.333955730289     -0.793484595241
    8      3.751689560079     -2.168850152372     -0.777793886643
    8     -5.636155187866      1.091530546973     -0.780295094189
    8     -7.507020999596      4.334315459547     -0.785505042183
    8     -3.749000000338     -2.159765057318     -0.780876775902
    8      0.000000000000      0.000000000000     -2.343480358560
    8     -1.881082359127      3.252981784673     -2.343480358560
    8      1.881082359133     -3.252981784668     -2.343480358560
    8      3.756653952011     -0.003173095768     -2.343480358560
    8      1.875571592878      3.249808688908     -2.343480358560
    8      5.637736311150     -3.256154880436     -2.343480358560
    8     -3.756653952011      0.003173095758     -2.343480358560
    8     -5.637736311150      3.256154880436     -2.343480358560
    8     -1.875571592883     -3.249808688903     -2.343480358560
  258     -1.879245437046      1.085384960145     -3.124640478080
  258     -3.760327796169      4.338366744823     -3.124640478080
  258      0.001836922083     -2.167596824525     -3.124640478080
  258      1.877408514963      1.082211864380     -3.124640478080
  258     -0.003673844166      4.335193649053     -3.124640478080
  258      3.758490874096     -2.170769920291     -3.124640478080
  258     -5.635899389099      1.088558055896     -3.124640478080
  258     -7.516981748187      4.341539840591     -3.124640478080
  258     -3.754817029929     -2.164423728762     -3.124640478080
    8      1.879245437046     -1.085384960145     -3.905800597599
    8     -0.001836922083      2.167596824525     -3.905800597599
    8      3.760327796169     -4.338366744823     -3.905800597599
    8      5.635899389099     -1.088558055896     -3.905800597599
    8      3.754817029933      2.164423728762     -3.905800597599
    8      7.516981748187     -4.341539840591     -3.905800597599
    8     -1.877408514963     -1.082211864380     -3.905800597599
    8     -3.758490874098      2.170769920291     -3.905800597599
    8      0.003673844164     -4.335193649053     -3.905800597599
    8     11.175720327349      4.624347913609      6.752463888749
    1     11.235896787054      4.629666990173      5.760309377083
    1     10.517684421739      5.330014487484      6.958734144750
    8      0.230129175883      2.017166880491      5.956683716072
    1      0.101477534497      2.871402454446      6.441714242849
    1      1.184398988207      1.814931191706      5.885917658584
    8     15.389350873817      2.604235569824      5.947440014032
    1     15.146299176218      3.514680210311      5.640571750291
    1     16.358859164417      2.679987532218      6.139323118896
    8      3.980857766908     -2.771916252376      7.015780299609
    1      3.191989016788     -2.405958235932      6.528107235327
    1      4.703280683850     -2.183903884843      6.717346424293
    1     -2.782281275877     -2.221724480630      5.591416272397
    8     -1.966908807996     -1.848535223096      6.014618328872
    1     -1.278630753300     -2.552561937993      6.046195944862
    8     -3.081036458512      0.622307160512      6.470909971326
    1     -2.569837613481      0.874019310687      5.637957489044
    1     -2.587805302347     -0.176069201446      6.755219194787
    8     -5.518682077020     -0.663110542449      5.987201854091
    1     -6.091066393889      0.123295658546      5.908153422286
    1     -4.619277171900     -0.259854602802      6.133072521708
    8     -4.455707431607      3.227537094525      6.462948455194
    1     -4.054295745170      3.673854785774      5.655899169287
    1     -3.880548886016      2.474458689447      6.706505627542
    8     18.699845620176      8.096662606599      5.731481891746
    1     18.244078097971      8.788713665144      6.237108438781
    1     17.502944915452      5.362817278733      6.456782457304
    8     17.130269412196      6.048469354050      5.875355879112
    1     17.786116011241      6.863511021125      5.847679689404
    0    0
