   2   1   1 E -1.7659353768739E+04 DE-4.7E-07(  4)
  0.112699696221E+02 -0.951780649607E-02  0.000000000000E+00
 -0.564324968028E+01  0.975894953486E+01  0.000000000000E+00
  0.000000000000E+00  0.000000000000E+00  0.500000000000E+03
    1
  0.100000000000E+01  0.000000000000E+00  0.000000000000E+00
  0.000000000000E+00  0.100000000000E+01  0.000000000000E+00
  0.000000000000E+00  0.000000000000E+00  0.100000000000E+01
  0.000000000000E+00  0.000000000000E+00  0.000000000000E+00
  110
    8     -1.966542876940      1.102425789540      4.113844210211
    8     -3.709507967590      4.273855657221      4.135637969512
    8     -0.070164739889     -2.138530260822      3.811146343587
    8      1.940975398380      1.093024364273      4.120141222501
    8     -0.005556077333      4.387500309778      4.097588683917
    8      3.858316496151     -2.231690891820      3.989815155742
    8     -5.596169820884      1.126642190813      3.982432705640
    8     -7.563510790735      4.436770852308      4.112352510147
    8     -3.758926666027     -2.227767263819      4.098181495466
  258      1.903464273178     -1.092749896608      3.385179613794
  258     -0.003814482246      2.168123583441      3.339749957245
  258      3.769097602386     -4.339316074401      3.235719919560
  258      5.651112006472     -1.112253342921      3.293285276479
  258      3.765735922955      2.151794889420      3.305264765404
  258      7.519863429773     -4.341642265771      3.200709668834
  258     -1.877967124050     -1.078158094313      3.235257689535
  258     -3.769976289035      2.172992659279      3.195870504607
  258     -0.007197901713     -4.314140714311      3.303769024835
    8     -0.000918595551      0.095416404513      2.476668826020
    8     -1.855516488143      3.242300308826      2.418295970920
    8      1.898514297717     -3.296595321267      2.473650993274
    8      3.765468845521     -0.006881319045      2.468941723872
    8      1.867019913711      3.231306635491      2.452181034065
    8      5.672591489829     -3.268750880867      2.370197015635
    8     -3.746006545782     -0.033904731139      2.403323110500
    8     -5.654879387496      3.311494467274      2.439817383673
    8     -1.918919902359     -3.267248656455      2.374254914667
    8      1.870716129911     -1.092008653581      0.897540248398
    8      0.004196339762      2.179812776864      0.849243433582
    8      3.758289601277     -4.341098682717      0.863907253091
    8      5.629801922090     -1.084972566759      0.856025483470
    8      3.760780519822      2.160259529672      0.881672166260
    8      7.516710522599     -4.369867200156      0.828130936030
    8     -1.851563809249     -1.072942967059      0.863957506191
    8     -3.769899288317      2.171857548960      0.869250845265
    8      0.009316582825     -4.319069546269      0.861535651609
  258      0.012081755006      0.007730981135      0.085737528121
  258     -1.871285106924      3.251582768434      0.054320462552
  258      1.876983492709     -3.245525277572      0.078259006766
  258      3.755341339906     -0.007800305582      0.091573836878
  258      1.875480133272      3.236975294933      0.067028120454
  258      5.636330294533     -3.255480474466      0.048900148306
  258     -3.759979742969     -0.001225821740      0.051840542431
  258     -5.644621746226      3.264268913535      0.061590609077
  258     -1.865868874607     -3.250416228378      0.053329432087
    8     -1.881873382862      1.086804718212     -0.779361609098
    8     -3.760965559489      4.337805357654     -0.779490507743
    8      0.009740670288     -2.161569531330     -0.785365511510
    8      1.885082467376      1.073911922243     -0.774755475746
    8     -0.009315097355      4.333960188018     -0.793478164595
    8      3.751695191276     -2.168854269322     -0.777802277110
    8     -5.636147997915      1.091534798801     -0.780282306746
    8     -7.507035773411      4.334316233155     -0.785510578961
    8     -3.748996528750     -2.159765693658     -0.780880628944
    8      0.000000000000      0.000000000000     -2.343480358560
    8     -1.881083226762      3.252983178287     -2.343480358560
    8      1.881083226768     -3.252983178282     -2.343480358560
    8      3.756656540678     -0.003172602169     -2.343480358560
    8      1.875573313910      3.249810576120     -2.343480358560
    8      5.637739767453     -3.256155780451     -2.343480358560
    8     -3.756656540678      0.003172602160     -2.343480358560
    8     -5.637739767453      3.256155780451     -2.343480358560
    8     -1.875573313915     -3.249810576115     -2.343480358560
  258     -1.879246589148      1.085385260150     -3.124640478080
  258     -3.760329815906      4.338368438441     -3.124640478080
  258      0.001836637618     -2.167597918133     -3.124640478080
  258      1.877409951530      1.082212657984     -3.124640478080
  258     -0.003673275236      4.335195836271     -3.124640478080
  258      3.758493178298     -2.170770520301     -3.124640478080
  258     -5.635903129867      1.088557862302     -3.124640478080
  258     -7.516986356591      4.341541040611     -3.124640478080
  258     -3.754819903062     -2.164425315970     -3.124640478080
    8      1.879246589148     -1.085385260150     -3.905800597599
    8     -0.001836637618      2.167597918133     -3.905800597599
    8      3.760329815906     -4.338368438441     -3.905800597599
    8      5.635903129867     -1.088557862302     -3.905800597599
    8      3.754819903066      2.164425315970     -3.905800597599
    8      7.516986356591     -4.341541040611     -3.905800597599
    8     -1.877409951530     -1.082212657984     -3.905800597599
    8     -3.758493178300      2.170770520301     -3.905800597599
    8      0.003673275234     -4.335195836271     -3.905800597599
    8     11.175986432599      4.624530414324      6.752379300254
    1     11.235964162675      4.629784911345      5.760229208357
    1     10.517911580602      5.330117186537      6.958762552403
    8      0.230204970972      2.017303509301      5.956692175424
    1      0.101693428080      2.871564316382      6.441677885947
    1      1.184455357846      1.814936672115      5.885930234241
    8     15.389384239132      2.604268710172      5.947423398569
    1     15.146332468497      3.514697623288      5.640471358384
    1     16.358883608201      2.680038431322      6.139352832527
    8      3.980904959321     -2.771904797251      7.015700688935
    1      3.192011408888     -2.405955260345      6.528073229514
    1      4.703267275830     -2.183819178554      6.717270885006
    1     -2.782291768181     -2.221753523156      5.591469080104
    8     -1.966945405365     -1.848592169343      6.014736238206
    1     -1.278650176740     -2.552600831117      6.046214411677
    8     -3.081018725987      0.622260220281      6.470896434652
    1     -2.569847283161      0.873971348375      5.637931784312
    1     -2.587750580292     -0.176101930911      6.755179633163
    8     -5.518699169821     -0.662953353232      5.987133191315
    1     -6.090788915869      0.123621958608      5.907901303762
    1     -4.619242450939     -0.259985913472      6.133094461000
    8     -4.455664568729      3.227492688644      6.462926465995
    1     -4.054239684997      3.673814696119      5.655885975107
    1     -3.880506380879      2.474426452239      6.706520760921
    8     18.699855649148      8.096637719874      5.731503389477
    1     18.244050119472      8.788679417018      6.237120854550
    1     17.502990150349      5.362785227745      6.456773561186
    8     17.130310346257      6.048435233331      5.875351334991
    1     17.786147508173      6.863513606807      5.847677135904
    0    0
