   2   1   1 E -1.7659353751641E+04 DE-2.2E-06(  4)
  0.112698269518E+02 -0.997562130309E-02  0.000000000000E+00
 -0.564357426307E+01  0.975945395879E+01  0.000000000000E+00
  0.000000000000E+00  0.000000000000E+00  0.500000000000E+03
    1
  0.100000000000E+01  0.000000000000E+00  0.000000000000E+00
  0.000000000000E+00  0.100000000000E+01  0.000000000000E+00
  0.000000000000E+00  0.000000000000E+00  0.100000000000E+01
  0.000000000000E+00  0.000000000000E+00  0.000000000000E+00
  110
    8     -1.964893801260      1.103917791481      4.114328922851
    8     -3.709986425918      4.274463054643      4.134890387756
    8     -0.069424373833     -2.138301255220      3.810077150557
    8      1.939728388695      1.093088784470      4.118943154517
    8     -0.006149719376      4.389517826532      4.094903343211
    8      3.859972585585     -2.232095041601      3.991593666482
    8     -5.599895594111      1.128684199193      3.988908128294
    8     -7.562618855951      4.439349037066      4.111701792135
    8     -3.757767115818     -2.228775686746      4.096345918422
  258      1.904012230663     -1.092174706762      3.385600642139
  258     -0.003697468112      2.168828739458      3.340403951305
  258      3.769991915189     -4.339384343520      3.233804347488
  258      5.651197397426     -1.113641769740      3.293644247230
  258      3.764802786024      2.152187449351      3.305767701965
  258      7.520345272766     -4.341412733996      3.199850977423
  258     -1.877609439573     -1.077799393556      3.235149783306
  258     -3.770199711327      2.173989951524      3.197273812810
  258     -0.006243005521     -4.313959386199      3.303977796882
    8     -0.001240445283      0.095658524978      2.476415641803
    8     -1.856110525582      3.242403795898      2.418280558145
    8      1.899720662000     -3.295860982644      2.473322068122
    8      3.766748394554     -0.007127710836      2.469276528771
    8      1.867420424421      3.231972935300      2.452376014618
    8      5.672108651323     -3.267829001017      2.368913749660
    8     -3.747494141866     -0.031961636804      2.406101079805
    8     -5.654326968356      3.310599887023      2.440040538635
    8     -1.917645197400     -3.266693616967      2.373022291211
    8      1.871008107648     -1.091614729903      0.897368832515
    8      0.004519837390      2.180281649597      0.849409958477
    8      3.758518050314     -4.341473734545      0.862911796161
    8      5.630807459689     -1.084699172590      0.856052202194
    8      3.760566635394      2.160215581146      0.882124782231
    8      7.516740769765     -4.369862910516      0.828088815677
    8     -1.852655152074     -1.071983037951      0.864504725665
    8     -3.769809488421      2.171931040985      0.869860883343
    8      0.010331765018     -4.319410516720      0.861552548298
  258      0.012541244245      0.008050489730      0.085947381659
  258     -1.871388670006      3.251369080459      0.054268810506
  258      1.877232661359     -3.245623593865      0.078389669120
  258      3.755788614533     -0.007573971497      0.091661756605
  258      1.875252793877      3.237111029585      0.067168571496
  258      5.636673538826     -3.255421380934      0.048215964808
  258     -3.759742005479     -0.000733248599      0.052049792567
  258     -5.644483588318      3.264791480646      0.061889722555
  258     -1.865643835648     -3.250283574787      0.053229486102
    8     -1.881567506771      1.087085807087     -0.779146766516
    8     -3.760976950183      4.337830111457     -0.779663184723
    8      0.009535109314     -2.161362120002     -0.785161368814
    8      1.885179638756      1.074058565782     -0.774607415631
    8     -0.009259411896      4.334077199999     -0.793702337677
    8      3.752007811966     -2.168730986215     -0.777514261655
    8     -5.636148356097      1.091964587115     -0.780345480263
    8     -7.506885032851      4.334868426604     -0.785234388498
    8     -3.748599476198     -2.159619082196     -0.781176335510
    8      0.000000000000      0.000000000000     -2.343480358560
    8     -1.881191421024      3.253151319597     -2.343480358560
    8      1.881191421030     -3.253151319591     -2.343480358560
    8      3.756608983903     -0.003325207105     -2.343480358560
    8      1.875417562872      3.249826112494     -2.343480358560
    8      5.637800404940     -3.256476526697     -2.343480358560
    8     -3.756608983903      0.003325207095     -2.343480358560
    8     -5.637800404940      3.256476526697     -2.343480358560
    8     -1.875417562877     -3.249826112489     -2.343480358560
  258     -1.879266801643      1.085492175566     -3.124640478080
  258     -3.760458222663      4.338643495166     -3.124640478080
  258      0.001924619384     -2.167659144028     -3.124640478080
  258      1.877342182259      1.082166968463     -3.124640478080
  258     -0.003849238769      4.335318288060     -3.124640478080
  258      3.758533603289     -2.170984351131     -3.124640478080
  258     -5.635875785587      1.088817382653     -3.124640478080
  258     -7.517067206573      4.341968702271     -3.124640478080
  258     -3.754684364520     -2.164333936929     -3.124640478080
    8      1.879266801643     -1.085492175566     -3.905800597599
    8     -0.001924619384      2.167659144028     -3.905800597599
    8      3.760458222663     -4.338643495166     -3.905800597599
    8      5.635875785587     -1.088817382653     -3.905800597599
    8      3.754684364524      2.164333936929     -3.905800597599
    8      7.517067206573     -4.341968702271     -3.905800597599
    8     -1.877342182259     -1.082166968463     -3.905800597599
    8     -3.758533603291      2.170984351131     -3.905800597599
    8      0.003849238767     -4.335318288060     -3.905800597599
    8     11.152921863484      4.642028124287      6.749766926824
    1     11.218558086631      4.643831083528      5.758548163419
    1     10.510138329664      5.362971968037      6.954291380221
    8      0.231988776400      2.031541354287      5.957993092359
    1      0.095684850300      2.884905027724      6.441814502763
    1      1.187407162910      1.833623261215      5.896960098009
    8     15.382587233258      2.612813599289      5.949764555072
    1     15.146718695590      3.522756032508      5.634566541898
    1     16.351430662099      2.683204372195      6.145137664084
    8      3.990632903885     -2.737430118301      7.029690069002
    1      3.199956402470     -2.385621650947      6.534908063370
    1      4.707323780336     -2.142187371281      6.730923827447
    1     -2.778650095946     -2.224053988567      5.593706730021
    8     -1.961602017840     -1.850634498229      6.012679298399
    1     -1.273986030009     -2.555581307999      6.043198830921
    8     -3.056636895657      0.626325138299      6.483208002580
    1     -2.553385290620      0.878074766269      5.645852401300
    1     -2.562649839600     -0.173292615598      6.762157689340
    8     -5.500586350383     -0.645388903946      5.988177519110
    1     -6.039393280244      0.160080841145      5.864282185736
    1     -4.593101957155     -0.266021449522      6.144314870586
    8     -4.454306900240      3.226494403461      6.464057481313
    1     -4.052813792968      3.673425164381      5.657815138871
    1     -3.874760734507      2.478396949144      6.712148017695
    8     18.698609067200      8.097592954958      5.730875259073
    1     18.245763473861      8.791602393937      6.236472438677
    1     17.504555164552      5.363717552041      6.456628016456
    8     17.132644730931      6.049191778024      5.874405977728
    1     17.787970354694      6.865671896279      5.847935767108
    0    0
