   2   1   1 E -1.7659353766361E+04 DE 2.6E-07(  6)
  0.112698111217E+02 -0.958647040268E-02  0.000000000000E+00
 -0.564322955266E+01  0.975920991859E+01  0.000000000000E+00
  0.000000000000E+00  0.000000000000E+00  0.500000000000E+03
    1
  0.100000000000E+01  0.000000000000E+00  0.000000000000E+00
  0.000000000000E+00  0.100000000000E+01  0.000000000000E+00
  0.000000000000E+00  0.000000000000E+00  0.100000000000E+01
  0.000000000000E+00  0.000000000000E+00  0.000000000000E+00
  110
    8     -1.966465726416      1.102357899276      4.113638858023
    8     -3.709589821904      4.274090193391      4.135396317737
    8     -0.070247234532     -2.138948321806      3.811372820994
    8      1.940929677593      1.093441127444      4.120346168662
    8     -0.005989359804      4.388177540043      4.097394961320
    8      3.858572060611     -2.230944827679      3.989703329970
    8     -5.596816300385      1.127277363787      3.984006044936
    8     -7.563285770582      4.437373066083      4.112293069060
    8     -3.758721001392     -2.227841663336      4.097859254699
  258      1.903360517317     -1.092551933557      3.385571195885
  258     -0.003629996530      2.168614654072      3.339961725151
  258      3.768953760594     -4.339091208814      3.235675319707
  258      5.651073943762     -1.111854571892      3.292635502056
  258      3.765759985834      2.151958909704      3.305988256332
  258      7.519789050240     -4.341283146770      3.200718731634
  258     -1.877744384742     -1.078090040681      3.235228858115
  258     -3.770089136892      2.173054664454      3.195940084356
  258     -0.007052518429     -4.314135448495      3.303872245819
    8     -0.000551755008      0.095243191446      2.477007324665
    8     -1.855365264979      3.242473178350      2.418512292595
    8      1.898732298682     -3.296163122803      2.473949862203
    8      3.765764346249     -0.006301128457      2.468890832149
    8      1.866588233221      3.231604806709      2.452487573313
    8      5.672196562060     -3.268722570899      2.370048822546
    8     -3.746529437684     -0.033466600314      2.403553345204
    8     -5.654720871232      3.311383539983      2.439724988298
    8     -1.918968312285     -3.267106354755      2.373824549805
    8      1.870637534838     -1.092066983974      0.897426930258
    8      0.004309190770      2.179768104928      0.849263469791
    8      3.757987603661     -4.341350312131      0.863737735599
    8      5.629836078724     -1.084904223186      0.855997086331
    8      3.760474427778      2.160719729904      0.881846348154
    8      7.516577818108     -4.370084319076      0.827984177390
    8     -1.851368907360     -1.072842577852      0.864203442256
    8     -3.769773035405      2.172038258602      0.869304092745
    8      0.009697820996     -4.318997258366      0.861903742424
  258      0.011880623661      0.008155303244      0.085744466029
  258     -1.871184408469      3.251532643756      0.054479703160
  258      1.876948861477     -3.245560155649      0.078164336699
  258      3.755099601159     -0.007558387210      0.091611963390
  258      1.875667000589      3.237096189807      0.067201939644
  258      5.636147320103     -3.255714533636      0.048793468753
  258     -3.759897926732     -0.001316094165      0.051773687135
  258     -5.644407687528      3.264350144145      0.061780624090
  258     -1.865734500304     -3.250468599064      0.053300821508
    8     -1.881818827117      1.086829029468     -0.779137807957
    8     -3.760971892240      4.337891453343     -0.779655484249
    8      0.009536481533     -2.161626427328     -0.785671557820
    8      1.885286835192      1.073913887291     -0.774677522481
    8     -0.009422423450      4.334101646924     -0.793430678512
    8      3.751711004145     -2.168736642461     -0.777423465262
    8     -5.636095360623      1.091558703408     -0.780345661462
    8     -7.506620917521      4.334682597637     -0.785473520151
    8     -3.748955342961     -2.159585271245     -0.780634103348
    8      0.000000000000      0.000000000000     -2.343480358560
    8     -1.881076517556      3.253069972863     -2.343480358560
    8      1.881076517562     -3.253069972858     -2.343480358560
    8      3.756603707211     -0.003195490138     -2.343480358560
    8      1.875527189649      3.249874482728     -2.343480358560
    8      5.637680224780     -3.256265462997     -2.343480358560
    8     -3.756603707211      0.003195490128     -2.343480358560
    8     -5.637680224780      3.256265462997     -2.343480358560
    8     -1.875527189654     -3.249874482723     -2.343480358560
  258     -1.879226741590      1.085421820999     -3.124640478080
  258     -3.760303259141      4.338491793866     -3.124640478080
  258      0.001849775969     -2.167648151861     -3.124640478080
  258      1.877376965620      1.082226330864     -3.124640478080
  258     -0.003699551938      4.335296303727     -3.124640478080
  258      3.758453483182     -2.170843641998     -3.124640478080
  258     -5.635830448842      1.088617311119     -3.124640478080
  258     -7.516906966360      4.341687284005     -3.124640478080
  258     -3.754753931244     -2.164452661729     -3.124640478080
    8      1.879226741590     -1.085421820999     -3.905800597599
    8     -0.001849775969      2.167648151861     -3.905800597599
    8      3.760303259141     -4.338491793866     -3.905800597599
    8      5.635830448842     -1.088617311119     -3.905800597599
    8      3.754753931248      2.164452661729     -3.905800597599
    8      7.516906966360     -4.341687284005     -3.905800597599
    8     -1.877376965620     -1.082226330864     -3.905800597599
    8     -3.758453483184      2.170843641998     -3.905800597599
    8      0.003699551936     -4.335296303727     -3.905800597599
    8     11.178761294666      4.628131447662      6.751842070845
    1     11.236380317649      4.631680047263      5.759361001203
    1     10.521363057972      5.334613423288      6.958297753918
    8      0.230073876277      2.019808148958      5.957189326739
    1      0.101847468232      2.874581955492      6.441407820255
    1      1.184291904190      1.817053030234      5.887313473784
    8     15.388977044839      2.605990692778      5.948425236672
    1     15.146155739670      3.516202523016      5.640551154922
    1     16.358462058498      2.681660983910      6.140419923000
    8      3.982974240362     -2.769644476295      7.015889965091
    1      3.192852640360     -2.405200413086      6.529257964284
    1      4.703725759695     -2.179285330444      6.717581798664
    1     -2.782174237608     -2.221532566477      5.591101374965
    8     -1.966598718151     -1.848518083519      6.014241804144
    1     -1.278383215461     -2.552601691400      6.045689593606
    8     -3.078051890298      0.622907200865      6.472460710974
    1     -2.567270841496      0.874762094683      5.639223340953
    1     -2.584971678933     -0.175755947379      6.756118722928
    8     -5.517315521407     -0.661478334471      5.988228743673
    1     -6.084949213972      0.129063844038      5.903523850778
    1     -4.616107900295     -0.262348315953      6.134396356329
    8     -4.454812179889      3.227454170587      6.463890968430
    1     -4.053426002479      3.673615533214      5.656959986556
    1     -3.879799455766      2.474178726504      6.707370655233
    8     18.699404434901      8.097508812673      5.731667848806
    1     18.244447833812      8.790358928127      6.237126341117
    1     17.503957461024      5.362684958577      6.456868945834
    8     17.130584082435      6.048154005323      5.875670527793
    1     17.785412312905      6.863720694193      5.848258258138
    0    0
