   2   1   1 E -1.7659353742562E+04 DE-7.7E-07(  4)
  0.112697451005E+02 -0.996358256521E-02  0.000000000000E+00
 -0.564352303653E+01  0.975924261432E+01  0.000000000000E+00
  0.000000000000E+00  0.000000000000E+00  0.500000000000E+03
    1
  0.100000000000E+01  0.000000000000E+00  0.000000000000E+00
  0.000000000000E+00  0.100000000000E+01  0.000000000000E+00
  0.000000000000E+00  0.000000000000E+00  0.100000000000E+01
  0.000000000000E+00  0.000000000000E+00  0.000000000000E+00
  110
    8     -1.964054087759      1.104503143344      4.114588154251
    8     -3.710696284520      4.274601035974      4.134684647754
    8     -0.069613459347     -2.137982643157      3.810448674872
    8      1.939615496825      1.092795392264      4.118217457008
    8     -0.005916377356      4.389923367699      4.094667494458
    8      3.859933351160     -2.232328326422      3.992676469271
    8     -5.600537052656      1.128702060585      3.989287594785
    8     -7.562339152331      4.439134691830      4.112139315536
    8     -3.756944068059     -2.229211624868      4.095906786718
  258      1.904077259037     -1.092385532603      3.385458198827
  258     -0.004206548589      2.168422690295      3.340892038808
  258      3.770393317540     -4.339272481156      3.233162308989
  258      5.651189830228     -1.113962697598      3.294354764274
  258      3.764424146659      2.152143600549      3.305393041750
  258      7.520226863991     -4.341361167592      3.199768451384
  258     -1.877696694656     -1.078056845032      3.234828622718
  258     -3.770359607153      2.173929762550      3.197616597022
  258     -0.006046860679     -4.313889595773      3.304692378560
    8     -0.001534033936      0.095766129485      2.476079235311
    8     -1.856233820972      3.242778225792      2.418281869148
    8      1.899586971161     -3.295549846465      2.473164879728
    8      3.767020289721     -0.007849737833      2.469240978012
    8      1.867884269979      3.232221997517      2.452477607541
    8      5.671887025518     -3.267391042399      2.369127521122
    8     -3.747552041938     -0.031427478506      2.406852033892
    8     -5.654745404155      3.310268663760      2.439846563154
    8     -1.916692608818     -3.267145684211      2.372814504024
    8      1.871339882150     -1.091419364907      0.897239327054
    8      0.004514627052      2.180513075477      0.850017614657
    8      3.758556468554     -4.341035271054      0.862665270470
    8      5.631285654793     -1.084659746205      0.856106672198
    8      3.760396371649      2.159709834991      0.881818831966
    8      7.516396089223     -4.369162505407      0.828567005095
    8     -1.853431096493     -1.071640349027      0.864637419417
    8     -3.769473900422      2.171850719129      0.870024281175
    8      0.010438779069     -4.319516780463      0.860828718766
  258      0.012936983401      0.007470228680      0.086082859384
  258     -1.871452603697      3.251611510487      0.054084205839
  258      1.877302676403     -3.245491932980      0.078747018407
  258      3.756111363994     -0.007712985723      0.091667743494
  258      1.874695155779      3.237224571720      0.067349079378
  258      5.636819639250     -3.255067308647      0.048007457839
  258     -3.759784872032     -0.000652968960      0.051958428436
  258     -5.644752281314      3.264838499426      0.061970072078
  258     -1.865533363526     -3.250039716225      0.053321778147
    8     -1.881462522400      1.087066203830     -0.779501020005
    8     -3.760836481916      4.337667104528     -0.779639873310
    8      0.009412054025     -2.161023336759     -0.784715880097
    8      1.884749573683      1.074143373058     -0.774786985499
    8     -0.009107813352      4.333980445107     -0.793872973509
    8      3.751951158628     -2.168612523557     -0.777873502373
    8     -5.636144321884      1.092064414366     -0.780117034268
    8     -7.507480554191      4.334627391635     -0.784924299662
    8     -3.748485840096     -2.159774013224     -0.781768540685
    8      0.000000000000      0.000000000000     -2.343480358560
    8     -1.881174345514      3.253080871439     -2.343480358560
    8      1.881174345520     -3.253080871434     -2.343480358560
    8      3.756581700154     -0.003321194193     -2.343480358560
    8      1.875407354634      3.249759677250     -2.343480358560
    8      5.637756045680     -3.256402065627     -2.343480358560
    8     -3.756581700154      0.003321194183     -2.343480358560
    8     -5.637756045680      3.256402065627     -2.343480358560
    8     -1.875407354639     -3.249759677244     -2.343480358560
  258     -1.879252015223      1.085467355209     -3.124640478080
  258     -3.760426360733      4.338548226652     -3.124640478080
  258      0.001922330293     -2.167613516227     -3.124640478080
  258      1.877329684930      1.082146161019     -3.124640478080
  258     -0.003844660587      4.335227032458     -3.124640478080
  258      3.758504030449     -2.170934710418     -3.124640478080
  258     -5.635833715419      1.088788549383     -3.124640478080
  258     -7.517008060894      4.341869420844     -3.124640478080
  258     -3.754659369862     -2.164292322041     -3.124640478080
    8      1.879252015223     -1.085467355209     -3.905800597599
    8     -0.001922330293      2.167613516227     -3.905800597599
    8      3.760426360733     -4.338548226652     -3.905800597599
    8      5.635833715419     -1.088788549383     -3.905800597599
    8      3.754659369866      2.164292322041     -3.905800597599
    8      7.517008060894     -4.341869420844     -3.905800597599
    8     -1.877329684930     -1.082146161019     -3.905800597599
    8     -3.758504030451      2.170934710418     -3.905800597599
    8      0.003844660585     -4.335227032458     -3.905800597599
    8     11.148928750446      4.642839724984      6.749913725391
    1     11.215057809632      4.645986744439      5.758890607134
    1     10.507885459402      5.365153757968      6.955304698714
    8      0.233166699493      2.032790783626      5.958122753618
    1      0.095480900945      2.885735097193      6.442118581718
    1      1.188649475387      1.835062302492      5.897905299105
    8     15.381366686000      2.613182710737      5.949380050365
    1     15.146984187674      3.523030106429      5.632958195697
    1     16.349886100559      2.682545687315      6.145737859938
    8      3.991085182811     -2.734758293217      7.031099288519
    1      3.200638291185     -2.384196938297      6.535134472892
    1      4.707059754234     -2.138938161221      6.732131299549
    1     -2.778517230170     -2.224582634421      5.595431193802
    8     -1.961440629101     -1.851240485130      6.014064181243
    1     -1.273727757092     -2.556176672901      6.043636717184
    8     -3.053968300916      0.626421537785      6.483564114117
    1     -2.551509474797      0.878177962120      5.645860650537
    1     -2.560005085839     -0.173496052800      6.762022166937
    8     -5.499346421088     -0.642552147383      5.988195318057
    1     -6.030544378303      0.165869568537      5.855692239554
    1     -4.590392829523     -0.268068442440      6.146006975322
    8     -4.454347861088      3.226042871125      6.464013050070
    1     -4.053143651431      3.673320643739      5.657932108555
    1     -3.874416010505      2.478423348594      6.712258065878
    8     18.698140769663      8.096447536757      5.730848120548
    1     18.245083826172      8.790257103577      6.236211622225
    1     17.504335910017      5.363942933774      6.456721432703
    8     17.132548176524      6.049357666360      5.874442178838
    1     17.788436892348      6.866100069462      5.847825911661
    0    0
