   2   1   1 E -1.7659353842202E+04 DE-1.2E-07(  6)
  0.112696943830E+02 -0.992072972956E-02  0.000000000000E+00
 -0.564346061038E+01  0.975915128111E+01  0.000000000000E+00
  0.000000000000E+00  0.000000000000E+00  0.500000000000E+03
    1
  0.100000000000E+01  0.000000000000E+00  0.000000000000E+00
  0.000000000000E+00  0.100000000000E+01  0.000000000000E+00
  0.000000000000E+00  0.000000000000E+00  0.100000000000E+01
  0.000000000000E+00  0.000000000000E+00  0.000000000000E+00
  110
    8     -1.963189328290      1.104740735051      4.114972728775
    8     -3.710686608688      4.274603180676      4.134629595450
    8     -0.069488221804     -2.137756328524      3.810847463770
    8      1.939814589396      1.092941583172      4.117603391769
    8     -0.005551593520      4.390293006585      4.094603673140
    8      3.860246719169     -2.232339204957      3.993427679240
    8     -5.600660359369      1.128791259257      3.988988914256
    8     -7.562095484285      4.439157702034      4.112321717527
    8     -3.755992002419     -2.228900723238      4.095723671684
  258      1.904232115260     -1.092491300490      3.385330494429
  258     -0.004292404701      2.168258413987      3.341172478995
  258      3.770746106476     -4.339186565779      3.232968109687
  258      5.651512616563     -1.113862931846      3.294840319267
  258      3.764430003173      2.152302876359      3.305074777596
  258      7.520265709112     -4.341186901049      3.199725065005
  258     -1.877524570691     -1.078228225657      3.234806375865
  258     -3.770208963183      2.173708758030      3.197869843605
  258     -0.005863839335     -4.313732450483      3.305131228596
    8     -0.001493825393      0.095708204157      2.475864232942
    8     -1.856232020295      3.243010883355      2.418367854440
    8      1.899399998509     -3.295364932667      2.473182274093
    8      3.767076164414     -0.008327764569      2.469223835355
    8      1.868334357908      3.232478692791      2.452541310603
    8      5.671933483685     -3.267002006556      2.369387936629
    8     -3.747325978773     -0.031168887516      2.407221531755
    8     -5.654949342498      3.310486274562      2.439786717903
    8     -1.916172139409     -3.267478133422      2.372824346883
    8      1.871400829448     -1.091236546741      0.897266475722
    8      0.004392331867      2.180690174571      0.850436203068
    8      3.758676649172     -4.340902600674      0.862713813565
    8      5.631531275054     -1.084602305842      0.856141291604
    8      3.760318295864      2.159337320598      0.881528628355
    8      7.516237356861     -4.368722587885      0.828690567759
    8     -1.853674973743     -1.071624062382      0.864854133259
    8     -3.769180588786      2.171725891094      0.870103119512
    8      0.010562687074     -4.319640303612      0.860336208344
  258      0.013036223233      0.007191923104      0.086221378455
  258     -1.871455131091      3.251729699656      0.054064216006
  258      1.877267195084     -3.245413288940      0.078939619227
  258      3.756206481030     -0.007753350180      0.091688150401
  258      1.874347622812      3.237355257642      0.067370393009
  258      5.636949997445     -3.254848919459      0.047932042751
  258     -3.759801633822     -0.000495291673      0.052035345805
  258     -5.644668074871      3.264801004124      0.062051660996
  258     -1.865366074446     -3.249943807970      0.053450396089
    8     -1.881514120280      1.087043642334     -0.779677099383
    8     -3.760633129395      4.337640900559     -0.779495506830
    8      0.009398499053     -2.160810932475     -0.784339135146
    8      1.884498324567      1.074277807968     -0.774946371401
    8     -0.008937345024      4.334021371936     -0.793904760806
    8      3.751863405383     -2.168487512868     -0.778013457424
    8     -5.635924572148      1.092171553388     -0.779860177764
    8     -7.507820079600      4.334527411744     -0.784795060644
    8     -3.748466575660     -2.159671472262     -0.782021644574
    8      0.000000000000      0.000000000000     -2.343480358560
    8     -1.881153536797      3.253050427037     -2.343480358560
    8      1.881153536803     -3.253050427032     -2.343480358560
    8      3.756564794302     -0.003306909914     -2.343480358560
    8      1.875411257499      3.249743517126     -2.343480358560
    8      5.637718331111     -3.256357336946     -2.343480358560
    8     -3.756564794302      0.003306909904     -2.343480358560
    8     -5.637718331111      3.256357336946     -2.343480358560
    8     -1.875411257504     -3.249743517121     -2.343480358560
  258     -1.879239443700      1.085452445649     -3.124640478080
  258     -3.760392980493      4.338502872690     -3.124640478080
  258      0.001914093100     -2.167597981386     -3.124640478080
  258      1.877325350600      1.082145535738     -3.124640478080
  258     -0.003828186200      4.335195962775     -3.124640478080
  258      3.758478887403     -2.170904891298     -3.124640478080
  258     -5.635804238044      1.088759355545     -3.124640478080
  258     -7.516957774802      4.341809782604     -3.124640478080
  258     -3.754650701204     -2.164291071478     -3.124640478080
    8      1.879239443700     -1.085452445649     -3.905800597599
    8     -0.001914093100      2.167597981386     -3.905800597599
    8      3.760392980493     -4.338502872690     -3.905800597599
    8      5.635804238044     -1.088759355545     -3.905800597599
    8      3.754650701208      2.164291071478     -3.905800597599
    8      7.516957774802     -4.341809782604     -3.905800597599
    8     -1.877325350600     -1.082145535738     -3.905800597599
    8     -3.758478887405      2.170904891298     -3.905800597599
    8      0.003828186198     -4.335195962775     -3.905800597599
    8     11.147326216552      4.642776393023      6.749405202732
    1     11.213679924437      4.646990997790      5.758637565669
    1     10.506965940275      5.365361678333      6.956123901578
    8      0.233709155502      2.032992170967      5.957938593050
    1      0.095534184399      2.885633043605      6.441871644317
    1      1.189292263559      1.835178911344      5.897728158105
    8     15.381036988838      2.613321843438      5.949169486375
    1     15.146735028738      3.523080842409      5.632138582257
    1     16.349509018086      2.682688848658      6.145844331369
    8      3.991221772855     -2.734438750097      7.032053166538
    1      3.201234491201     -2.384088015369      6.535211952872
    1      4.707328432685     -2.139141339143      6.732830015821
    1     -2.778148470947     -2.223905563558      5.596605865888
    8     -1.961048644152     -1.851214531877      6.015346072227
    1     -1.273124669031     -2.556090366169      6.044149162129
    8     -3.053904827867      0.626125226517      6.483027233443
    1     -2.550987616950      0.878371036441      5.645556279614
    1     -2.559790145142     -0.173872825272      6.761341310827
    8     -5.499475093740     -0.641982585118      5.988683840505
    1     -6.028613848749      0.167752351027      5.854311337099
    1     -4.589789049873     -0.268621000204      6.146192759799
    8     -4.454559724400      3.226391331826      6.464089191036
    1     -4.053334706019      3.673718957837      5.658045427414
    1     -3.874573757872      2.478772167482      6.712453635159
    8     18.697927297825      8.096137736831      5.730926075025
    1     18.244241961472      8.789596540371      6.236130169157
    1     17.503895920478      5.364399144313      6.457154021328
    8     17.132464247739      6.049722241137      5.874589278269
    1     17.788782760168      6.866547986516      5.847688103503
    0    0
