   2   1   1 E -1.7659353768735E+04 DE-8.0E-07(  4)
  0.112698776111E+02 -0.951124450828E-02  0.000000000000E+00
 -0.564319792552E+01  0.975894906646E+01  0.000000000000E+00
  0.000000000000E+00  0.000000000000E+00  0.500000000000E+03
    1
  0.100000000000E+01  0.000000000000E+00  0.000000000000E+00
  0.000000000000E+00  0.100000000000E+01  0.000000000000E+00
  0.000000000000E+00  0.000000000000E+00  0.100000000000E+01
  0.000000000000E+00  0.000000000000E+00  0.000000000000E+00
  110
    8     -1.966452712634      1.102365590763      4.113808053041
    8     -3.709595271134      4.273839695163      4.135457903933
    8     -0.070222691717     -2.138689651196      3.811442165114
    8      1.941063529014      1.093096539339      4.120142291360
    8     -0.005616406161      4.387635665773      4.097578472825
    8      3.858403667997     -2.231446239194      3.989829603949
    8     -5.596194625295      1.126651137664      3.982539665607
    8     -7.563404675327      4.436712160009      4.112343177163
    8     -3.758689535951     -2.227832399070      4.098130643243
  258      1.903446401873     -1.092823385161      3.385312946724
  258     -0.003855181346      2.168155120060      3.339888177155
  258      3.769130984491     -4.339198141126      3.235702464839
  258      5.651138034271     -1.112095630135      3.293147056383
  258      3.765745974762      2.151768537940      3.305382828377
  258      7.519797575071     -4.341551097202      3.200708187289
  258     -1.877836468077     -1.078258729913      3.235234194778
  258     -3.769967461313      2.172867039420      3.195867480023
  258     -0.007150082057     -4.314221634903      3.303885954453
    8     -0.000752126715      0.095263912663      2.476828683802
    8     -1.855427560132      3.242386215323      2.418407631107
    8      1.898527191792     -3.296415406041      2.473734050425
    8      3.765573650594     -0.006866637996      2.468869032878
    8      1.866888604162      3.231372479716      2.452256560394
    8      5.672445373965     -3.268732499695      2.370267549999
    8     -3.746083507964     -0.033798845147      2.403379036039
    8     -5.654892341172      3.311405076030      2.439697296613
    8     -1.918797232672     -3.267346292155      2.374164044747
    8      1.870735688102     -1.092014601336      0.897510628382
    8      0.004166794350      2.179721587735      0.849354061967
    8      3.758192842105     -4.341132021762      0.863888256989
    8      5.629840809217     -1.084993741365      0.856039536257
    8      3.760615543774      2.160298980394      0.881608877859
    8      7.516600674784     -4.369821830621      0.828153365221
    8     -1.851525214346     -1.072914785394      0.864105315508
    8     -3.769750773365      2.171878803596      0.869292744523
    8      0.009423811715     -4.319078955625      0.861557118410
  258      0.012051316133      0.007730204846      0.085801262381
  258     -1.871257620046      3.251593580094      0.054379603788
  258      1.876977897639     -3.245504699096      0.078293982670
  258      3.755277671384     -0.007773232169      0.091598216682
  258      1.875478548795      3.237002913160      0.067137570054
  258      5.636275638748     -3.255518356636      0.048886378909
  258     -3.759957552249     -0.001305313113      0.051800680029
  258     -5.644569341159      3.264246480195      0.061667233043
  258     -1.865782563466     -3.250426772650      0.053365571567
    8     -1.881868862069      1.086770880481     -0.779331010621
    8     -3.760928744856      4.337785766207     -0.779510058989
    8      0.009684946215     -2.161552126943     -0.785364477465
    8      1.885052144971      1.073906657223     -0.774762475188
    8     -0.009313855642      4.333964157257     -0.793439101267
    8      3.751682635207     -2.168795639281     -0.777747344879
    8     -5.636052386348      1.091532713927     -0.780234155372
    8     -7.506971441172      4.334351629883     -0.785471543346
    8     -3.748965904938     -2.159713497605     -0.780866521780
    8      0.000000000000      0.000000000000     -2.343480358560
    8     -1.881065975177      3.252983022154     -2.343480358560
    8      1.881065975183     -3.252983022149     -2.343480358560
    8      3.756625870355     -0.003170414840     -2.343480358560
    8      1.875559895172      3.249812607317     -2.343480358560
    8      5.637691845545     -3.256153436990     -2.343480358560
    8     -3.756625870355      0.003170414830     -2.343480358560
    8     -5.637691845545      3.256153436990     -2.343480358560
    8     -1.875559895177     -3.249812607312     -2.343480358560
  258     -1.879230615178      1.085384478997     -3.124640478080
  258     -3.760296590351      4.338367501155     -3.124640478080
  258      0.001835360002     -2.167598543155     -3.124640478080
  258      1.877395255176      1.082214064159     -3.124640478080
  258     -0.003670720004      4.335197086314     -3.124640478080
  258      3.758461230359     -2.170768957993     -3.124640478080
  258     -5.635856485575      1.088554893819     -3.124640478080
  258     -7.516922460713      4.341537915995     -3.124640478080
  258     -3.754790510355     -2.164428128321     -3.124640478080
    8      1.879230615178     -1.085384478997     -3.905800597599
    8     -0.001835360002      2.167598543155     -3.905800597599
    8      3.760296590351     -4.338367501155     -3.905800597599
    8      5.635856485575     -1.088554893819     -3.905800597599
    8      3.754790510359      2.164428128321     -3.905800597599
    8      7.516922460713     -4.341537915995     -3.905800597599
    8     -1.877395255176     -1.082214064159     -3.905800597599
    8     -3.758461230361      2.170768957993     -3.905800597599
    8      0.003670720002     -4.335197086314     -3.905800597599
    8     11.177335143446      4.624934364879      6.752100730407
    1     11.236314601277      4.630028541090      5.759854710336
    1     10.519037698547      5.330060570385      6.958910167655
    8      0.230338345097      2.017405011184      5.956665154782
    1      0.102214822244      2.871905952585      6.441387452002
    1      1.184535837174      1.814753021467      5.885625634495
    8     15.389167164851      2.604429620574      5.947498611724
    1     15.146197173362      3.514792811967      5.640321265209
    1     16.358673530195      2.680170020037      6.139395887151
    8      3.981087985055     -2.772697097072      7.015082850485
    1      3.191938727397     -2.406609690678      6.528107579491
    1      4.702980246436     -2.183960861280      6.716722617105
    1     -2.782459133410     -2.221455735156      5.591561202055
    8     -1.967078249528     -1.848490310251      6.014924852726
    1     -1.278802220216     -2.552532830372      6.046224688708
    8     -3.080783158929      0.622283335053      6.470780023892
    1     -2.569712085994      0.873903283240      5.637743888731
    1     -2.587632951186     -0.176205538656      6.755025538743
    8     -5.519100274983     -0.662696202384      5.987795535289
    1     -6.090250572652      0.124678337417      5.907433970914
    1     -4.619246601245     -0.260311746725      6.133428690625
    8     -4.455404941020      3.227568118456      6.463101778836
    1     -4.053931793575      3.673717717666      5.656033818335
    1     -3.880626582031      2.474163506814      6.706465578833
    8     18.699477210082      8.096614437019      5.731507501737
    1     18.243945930784      8.788716881037      6.237321824206
    1     17.503104688724      5.362708540258      6.456784349892
    8     17.130121699512      6.048279648757      5.875473256633
    1     17.785680373348      6.863553301713      5.847796877694
    0    0
