   2   1   1 E -1.7659353762830E+04 DE-3.5E-07(  7)
  0.112696952048E+02 -0.973427574801E-02  0.000000000000E+00
 -0.564329948579E+01  0.975922918729E+01  0.000000000000E+00
  0.000000000000E+00  0.000000000000E+00  0.500000000000E+03
    1
  0.100000000000E+01  0.000000000000E+00  0.000000000000E+00
  0.000000000000E+00  0.100000000000E+01  0.000000000000E+00
  0.000000000000E+00  0.000000000000E+00  0.100000000000E+01
  0.000000000000E+00  0.000000000000E+00  0.000000000000E+00
  110
    8     -1.966235223549      1.102800139978      4.113733698723
    8     -3.709693195783      4.274285025856      4.135158200978
    8     -0.069949698737     -2.138881110582      3.810541104599
    8      1.940514020632      1.093380622738      4.120148248556
    8     -0.006267139458      4.388597395458      4.096451715649
    8      3.859019119514     -2.231162948813      3.989900240517
    8     -5.597871990822      1.127829676147      3.985939617372
    8     -7.562936499606      4.438096482983      4.111842364404
    8     -3.758827670219     -2.228187910394      4.097238750137
  258      1.903491769710     -1.092290168054      3.385620349994
  258     -0.003535885119      2.168874703883      3.339947023682
  258      3.769074426888     -4.339099901469      3.235048873502
  258      5.650993978574     -1.112343217033      3.292521573909
  258      3.765430025988      2.152002651584      3.306139104151
  258      7.519913625808     -4.341190829489      3.200408840852
  258     -1.877710925316     -1.077861243788      3.235232443864
  258     -3.770144526932      2.173474399502      3.196204393247
  258     -0.006801515611     -4.313993829749      3.303567358488
    8     -0.000780502230      0.095472997218      2.476943289916
    8     -1.855569857408      3.242323880370      2.418339010341
    8      1.899199693808     -3.296006496030      2.473671269392
    8      3.766011921493     -0.006232665434      2.468946531582
    8      1.866596824202      3.231629134194      2.452465125747
    8      5.672100053808     -3.268526916672      2.369387628585
    8     -3.746893728729     -0.033023409841      2.404185327605
    8     -5.654387524186      3.311001454430      2.439784391358
    8     -1.918843139518     -3.266632647982      2.373466491485
    8      1.870638930696     -1.091950645630      0.897316621875
    8      0.004454574042      2.179864754964      0.849100686718
    8      3.758030337977     -4.341443216882      0.863327114546
    8      5.629970266160     -1.084771275944      0.855942790931
    8      3.760470951060      2.160786352096      0.882064082494
    8      7.516661595383     -4.370188958793      0.827863184196
    8     -1.851581294889     -1.072521635699      0.864183990601
    8     -3.769841505443      2.172033756623      0.869379215364
    8      0.009888712312     -4.318973571775      0.862076749383
  258      0.011985027380      0.008362051557      0.085716332819
  258     -1.871194846369      3.251362046120      0.054398157026
  258      1.877005809925     -3.245561897137      0.078074388034
  258      3.755172971692     -0.007454073168      0.091591600378
  258      1.875704844812      3.237022425033      0.067149172813
  258      5.636185440127     -3.255701616287      0.048568365423
  258     -3.759768798869     -0.001153054689      0.051818729598
  258     -5.644337675214      3.264462118410      0.061770920170
  258     -1.865716063889     -3.250391219374      0.053197269635
    8     -1.881704593596      1.086922989651     -0.779090895621
    8     -3.761035682405      4.337854923294     -0.779756320892
    8      0.009511115702     -2.161621459131     -0.785735718795
    8      1.885394724780      1.073917948492     -0.774619968895
    8     -0.009430067755      4.334046045085     -0.793535490978
    8      3.751781860332     -2.168718776571     -0.777346875632
    8     -5.636148961468      1.091646892398     -0.780470556387
    8     -7.506385903291      4.334794814187     -0.785486440244
    8     -3.748797751816     -2.159550857751     -0.780646154025
    8      0.000000000000      0.000000000000     -2.343480358560
    8     -1.881099828597      3.253076395764     -2.343480358560
    8      1.881099828603     -3.253076395759     -2.343480358560
    8      3.756565068251     -0.003244758587     -2.343480358560
    8      1.875465239648      3.249831637180     -2.343480358560
    8      5.637664896861     -3.256321154345     -2.343480358560
    8     -3.756565068251      0.003244758577     -2.343480358560
    8     -5.637664896861      3.256321154345     -2.343480358560
    8     -1.875465239653     -3.249831637175     -2.343480358560
  258     -1.879221632283      1.085440384782     -3.124640478080
  258     -3.760321460877      4.338516780549     -3.124640478080
  258      0.001878196317     -2.167636010979     -3.124640478080
  258      1.877343435967      1.082195626198     -3.124640478080
  258     -0.003756392634      4.335272021962     -3.124640478080
  258      3.758443264570     -2.170880769564     -3.124640478080
  258     -5.635786700576      1.088685143351     -3.124640478080
  258     -7.516886529135      4.341761539136     -3.124640478080
  258     -3.754686871936     -2.164391252398     -3.124640478080
    8      1.879221632283     -1.085440384782     -3.905800597599
    8     -0.001878196317      2.167636010979     -3.905800597599
    8      3.760321460877     -4.338516780549     -3.905800597599
    8      5.635786700576     -1.088685143351     -3.905800597599
    8      3.754686871940      2.164391252398     -3.905800597599
    8      7.516886529135     -4.341761539136     -3.905800597599
    8     -1.877343435967     -1.082195626198     -3.905800597599
    8     -3.758443264572      2.170880769564     -3.905800597599
    8      0.003756392632     -4.335272021962     -3.905800597599
    8     11.172054411600      4.634228088215      6.751065844286
    1     11.231575511490      4.636008258077      5.758849531599
    1     10.519700024481      5.346026606951      6.956141443258
    8      0.230394620922      2.024513821966      5.957612542985
    1      0.099781736069      2.878950373606      6.441613492406
    1      1.184903602336      1.822993064417      5.890773157089
    8     15.386997549152      2.608331814521      5.948859273694
    1     15.146483596027      3.518503092111      5.638932878564
    1     16.356292343909      2.682029369748      6.141809208934
    8      3.986536899533     -2.757325997972      7.020245316463
    1      3.196031121729     -2.397521506039      6.530988758572
    1      4.705398779519     -2.164446046989      6.722388703470
    1     -2.781103849716     -2.222202111709      5.591153034172
    8     -1.964882069110     -1.848621010948      6.012217627457
    1     -1.277073520324     -2.553125971999      6.044052804829
    8     -3.070092840303      0.625100621104      6.476737084860
    1     -2.562120714342      0.876429974372      5.641901617687
    1     -2.576723302931     -0.173753832015      6.759176321496
    8     -5.510795681813     -0.655993074858      5.988129432933
    1     -6.069283666865      0.139328866583      5.890199191578
    1     -4.607639021453     -0.262924084805      6.137936536995
    8     -4.454383423158      3.227067599655      6.463899046483
    1     -4.053068513097      3.673468292133      5.657167951547
    1     -3.877723790620      2.475639543465      6.708978000227
    8     18.699234882730      8.097840696240      5.731237247082
    1     18.246070558827      8.791327465630      6.237137235977
    1     17.504050798252      5.363192560107      6.456770438695
    8     17.131022756156      6.048508405256      5.875200871078
    1     17.785728859964      6.864333114602      5.848171334163
    0    0
