   2   1   1 E -1.7659353739958E+04 DE 1.6E-07(  3)
  0.112696948343E+02 -0.994389997376E-02  0.000000000000E+00
 -0.564348088046E+01  0.975917460444E+01  0.000000000000E+00
  0.000000000000E+00  0.000000000000E+00  0.500000000000E+03
    1
  0.100000000000E+01  0.000000000000E+00  0.000000000000E+00
  0.000000000000E+00  0.100000000000E+01  0.000000000000E+00
  0.000000000000E+00  0.000000000000E+00  0.100000000000E+01
  0.000000000000E+00  0.000000000000E+00  0.000000000000E+00
  110
    8     -1.963673397574      1.104624160083      4.114734119721
    8     -3.710703885508      4.274615390415      4.134650851065
    8     -0.069548651812     -2.137879005791      3.810617161429
    8      1.939698680254      1.092844338322      4.117946549679
    8     -0.005749395007      4.390082529190      4.094617031837
    8      3.860054509141     -2.232330146630      3.992995761392
    8     -5.600589617626      1.128749671105      3.989176673452
    8     -7.562204034001      4.439131628774      4.112221630458
    8     -3.756520489918     -2.229090359135      4.095827922161
  258      1.904153020326     -1.092426430092      3.385395233078
  258     -0.004240796128      2.168350812488      3.341007709623
  258      3.770541233256     -4.339210452451      3.233046088018
  258      5.651307224183     -1.113923544057      3.294558668317
  258      3.764413887796      2.152200389921      3.305236062099
  258      7.520236060849     -4.341274536956      3.199744246889
  258     -1.877614217313     -1.078120369432      3.234806365559
  258     -3.770290706562      2.173858687388      3.197714877481
  258     -0.005959278905     -4.313817046604      3.304870335493
    8     -0.001518829178      0.095757072647      2.475978649976
    8     -1.856221788920      3.242882291325      2.418299453163
    8      1.899519340436     -3.295452999695      2.473150961773
    8      3.767061024246     -0.008053761376      2.469217943563
    8      1.868088669467      3.232332962982      2.452490947147
    8      5.671901128650     -3.267207279966      2.369227930098
    8     -3.747448119202     -0.031295488522      2.407022348624
    8     -5.654822278009      3.310336964133      2.439801714498
    8     -1.916435236932     -3.267271161908      2.372808214646
    8      1.871382863242     -1.091338508905      0.897236897346
    8      0.004487469530      2.180596507882      0.850204815331
    8      3.758602594309     -4.340946608641      0.862668251303
    8      5.631393893498     -1.084623062656      0.856117955515
    8      3.760362986249      2.159549643067      0.881689981432
    8      7.516313114638     -4.368943797910      0.828633610612
    8     -1.853543502537     -1.071608661516      0.864722828069
    8     -3.769342481025      2.171803557788      0.870057766947
    8      0.010492684601     -4.319551191260      0.860613586040
  258      0.013002207719      0.007346504964      0.086139607186
  258     -1.871442286003      3.251670410461      0.054069109739
  258      1.877291351538     -3.245444951221      0.078829342056
  258      3.756160313765     -0.007725583875      0.091672492485
  258      1.874583799925      3.237275455705      0.067369241528
  258      5.636868039470     -3.254953706892      0.047968738255
  258     -3.759783348255     -0.000587660224      0.051984476524
  258     -5.644750935776      3.264822121238      0.061995232229
  258     -1.865455294335     -3.249985392491      0.053373831021
    8     -1.881468976790      1.087059990799     -0.779582865926
    8     -3.760746339560      4.337639669107     -0.779589248787
    8      0.009408253063     -2.160919297092     -0.784554489796
    8      1.884640334813      1.074200443483     -0.774863076883
    8     -0.009026677034      4.333983522131     -0.793892794920
    8      3.751908899461     -2.168552097581     -0.777946837015
    8     -5.636049221954      1.092107467807     -0.780017433408
    8     -7.507613290797      4.334564967953     -0.784865593248
    8     -3.748458799489     -2.159736229616     -0.781891889455
    8      0.000000000000      0.000000000000     -2.343480358560
    8     -1.881160293490      3.253058201479     -2.343480358560
    8      1.881160293496     -3.253058201474     -2.343480358560
    8      3.756564944746     -0.003314633329     -2.343480358560
    8      1.875404651249      3.249743568154     -2.343480358560
    8      5.637725238248     -3.256372834803     -2.343480358560
    8     -3.756564944746      0.003314633319     -2.343480358560
    8     -5.637725238248      3.256372834803     -2.343480358560
    8     -1.875404651254     -3.249743568149     -2.343480358560
  258     -1.879241746079      1.085457611601     -3.124640478080
  258     -3.760402039566      4.338515813084     -3.124640478080
  258      0.001918547414     -2.167600589875     -3.124640478080
  258      1.877323198665      1.082142978275     -3.124640478080
  258     -0.003837094828      4.335201179755     -3.124640478080
  258      3.758483492162     -2.170915223202     -3.124640478080
  258     -5.635806690866      1.088772244912     -3.124640478080
  258     -7.516966984318      4.341830446413     -3.124640478080
  258     -3.754646397334     -2.164285956553     -3.124640478080
    8      1.879241746079     -1.085457611601     -3.905800597599
    8     -0.001918547414      2.167600589875     -3.905800597599
    8      3.760402039566     -4.338515813084     -3.905800597599
    8      5.635806690866     -1.088772244912     -3.905800597599
    8      3.754646397337      2.164285956553     -3.905800597599
    8      7.516966984318     -4.341830446413     -3.905800597599
    8     -1.877323198665     -1.082142978275     -3.905800597599
    8     -3.758483492164      2.170915223202     -3.905800597599
    8      0.003837094826     -4.335201179755     -3.905800597599
    8     11.148046492083      4.642800560499      6.749730214055
    1     11.214332936649      4.646451068062      5.758793943506
    1     10.507354747345      5.365286074377      6.955665552641
    8      0.233472123589      2.032869957558      5.958023111410
    1      0.095482836584      2.885691184796      6.441999674997
    1      1.188998380896      1.835149465961      5.897812511288
    8     15.381145003067      2.613248915436      5.949253297623
    1     15.146858617331      3.523053181177      5.632547872337
    1     16.349625532246      2.682594718956      6.145775864561
    8      3.991135381871     -2.734540890843      7.031560525451
    1      3.200891710973     -2.384083504499      6.535204633388
    1      4.707146962817     -2.138911147669      6.732488104451
    1     -2.778343668016     -2.224316382041      5.596003830554
    8     -1.961250975697     -1.851221690909      6.014653682188
    1     -1.273463460054     -2.556141347092      6.043893509679
    8     -3.053843220396      0.626303454362      6.483310654151
    1     -2.551237686351      0.878249780849      5.645701363302
    1     -2.559821725779     -0.173664804776      6.761698221554
    8     -5.499368501794     -0.642168711059      5.988422680345
    1     -6.029399387702      0.166877684857      5.854808116422
    1     -4.590057695705     -0.268379957843      6.146167489747
    8     -4.454435296714      3.226203322116      6.464046236384
    1     -4.053229260861      3.673503907331      5.657977866767
    1     -3.874484984348      2.478603297377      6.712352153146
    8     18.697983290940      8.096271900671      5.730859771226
    1     18.244689187899      8.789930427651      6.236162026820
    1     17.504101876384      5.364144952113      6.456909016932
    8     17.132455976451      6.049526729829      5.874520100846
    1     17.788543628722      6.866302714920      5.847773514413
    0    0
