   2   1   1 E -1.7659353766639E+04 DE 1.4E-07(  3)
  0.112697433942E+02 -0.953988127690E-02  0.000000000000E+00
 -0.564315548778E+01  0.975898277527E+01  0.000000000000E+00
  0.000000000000E+00  0.000000000000E+00  0.500000000000E+03
    1
  0.100000000000E+01  0.000000000000E+00  0.000000000000E+00
  0.000000000000E+00  0.100000000000E+01  0.000000000000E+00
  0.000000000000E+00  0.000000000000E+00  0.100000000000E+01
  0.000000000000E+00  0.000000000000E+00  0.000000000000E+00
  110
    8     -1.966626220096      1.102279038116      4.113511663061
    8     -3.709893194437      4.273800722127      4.135291274134
    8     -0.070446567022     -2.139001921266      3.811534420801
    8      1.940910415581      1.093050350643      4.120203325225
    8     -0.005990338726      4.387692879368      4.097426777636
    8      3.858256215848     -2.231103714997      3.989507431485
    8     -5.596706839776      1.126810299753      3.983440026483
    8     -7.563337349017      4.436764210017      4.112291528418
    8     -3.758831746785     -2.228106551485      4.097745621018
  258      1.903243319612     -1.092833013396      3.385408384483
  258     -0.003960851784      2.168258747479      3.339914915091
  258      3.768928322741     -4.339135643517      3.235558122647
  258      5.650827888411     -1.112060658655      3.292539186028
  258      3.765561930867      2.151693629832      3.305742418396
  258      7.519619558929     -4.341509795652      3.200648947315
  258     -1.877924372717     -1.078328350574      3.235054209320
  258     -3.770175450040      2.172861500563      3.195760114231
  258     -0.007187761506     -4.314362894917      3.303909539715
    8     -0.000717607837      0.095101525367      2.476930893545
    8     -1.855463717061      3.242393453924      2.418399813021
    8      1.898539199897     -3.296280856993      2.473786109715
    8      3.765656960284     -0.006599332975      2.468715437775
    8      1.866561173662      3.231397504724      2.452335922702
    8      5.672043696310     -3.268858598553      2.370085818130
    8     -3.746519688196     -0.033639899864      2.403438500400
    8     -5.654891039425      3.311098578249      2.439537163220
    8     -1.918836140762     -3.267364184405      2.373821743172
    8      1.870672806387     -1.092107674115      0.897348481555
    8      0.004209646988      2.179620035857      0.849367506665
    8      3.757929422646     -4.341226999174      0.863696580459
    8      5.629795527038     -1.085025308728      0.855946170466
    8      3.760379172114      2.160474529827      0.881672896047
    8      7.516400774601     -4.369922938263      0.828101895165
    8     -1.851574367874     -1.072858757309      0.864137979494
    8     -3.769737899723      2.171887146564      0.869249178042
    8      0.009576610460     -4.319066977934      0.861647262822
  258      0.011951641530      0.007894075127      0.085731833007
  258     -1.871237909917      3.251508539955      0.054386949483
  258      1.876919761901     -3.245565672738      0.078207150953
  258      3.755092994655     -0.007677380745      0.091560104984
  258      1.875532240934      3.236982417215      0.067249047642
  258      5.636096865021     -3.255662470043      0.048769995806
  258     -3.759959923439     -0.001431422545      0.051674129822
  258     -5.644562720749      3.264229543886      0.061703156810
  258     -1.865779472574     -3.250483257994      0.053276452962
    8     -1.881810295228      1.086750402578     -0.779280075274
    8     -3.760953307970      4.337712644111     -0.779676128964
    8      0.009501159463     -2.161579690668     -0.785564128295
    8      1.885094915500      1.073865869521     -0.774762589204
    8     -0.009413474126      4.333918525224     -0.793471041520
    8      3.751644520623     -2.168773719012     -0.777625890050
    8     -5.636105856391      1.091483328352     -0.780341883822
    8     -7.506794180385      4.334434209995     -0.785451302288
    8     -3.748950338774     -2.159715996292     -0.780835704913
    8      0.000000000000      0.000000000000     -2.343480358560
    8     -1.881051829263      3.252994258423     -2.343480358560
    8      1.881051829269     -3.252994258418     -2.343480358560
    8      3.756581131389     -0.003179960430     -2.343480358560
    8      1.875529302120      3.249814297996     -2.343480358560
    8      5.637632960665     -3.256174218848     -2.343480358560
    8     -3.756581131389      0.003179960420     -2.343480358560
    8     -5.637632960665      3.256174218848     -2.343480358560
    8     -1.875529302125     -3.249814297991     -2.343480358560
  258     -1.879210986885      1.085391406283     -3.124640478080
  258     -3.760262816144      4.338385664709     -3.124640478080
  258      0.001840842381     -2.167602852137     -3.124640478080
  258      1.877370144503      1.082211445856     -3.124640478080
  258     -0.003681684762      4.335205704279     -3.124640478080
  258      3.758421973772     -2.170782812565     -3.124640478080
  258     -5.635792118315      1.088571366694     -3.124640478080
  258     -7.516843947540      4.341565625139     -3.124640478080
  258     -3.754740289010     -2.164422891714     -3.124640478080
    8      1.879210986885     -1.085391406283     -3.905800597599
    8     -0.001840842381      2.167602852137     -3.905800597599
    8      3.760262816144     -4.338385664709     -3.905800597599
    8      5.635792118315     -1.088571366694     -3.905800597599
    8      3.754740289014      2.164422891714     -3.905800597599
    8      7.516843947540     -4.341565625139     -3.905800597599
    8     -1.877370144503     -1.082211445856     -3.905800597599
    8     -3.758421973774      2.170782812565     -3.905800597599
    8      0.003681684760     -4.335205704279     -3.905800597599
    8     11.181574049029      4.625871383198      6.751991623677
    1     11.238095999715      4.630090014711      5.759370238338
    1     10.522585231202      5.330593240062      6.958801942650
    8      0.230251059028      2.017831252048      5.956807254913
    1      0.103179710501      2.872762457902      6.441221624183
    1      1.184216289281      1.814479083755      5.885461460966
    8     15.388880859171      2.604674417278      5.947842366393
    1     15.146017523250      3.515064276384      5.640700382301
    1     16.358385382686      2.680146496942      6.139635897797
    8      3.982147884442     -2.773759888087      7.013272252461
    1      3.192092068729     -2.408064734803      6.527539099506
    1      4.702946758665     -2.183590470640      6.715102710984
    1     -2.782778696152     -2.221545531075      5.591150331673
    8     -1.967351005140     -1.848338738557      6.014313938279
    1     -1.279198398357     -2.552451323724      6.045851574907
    8     -3.080044464878      0.622761691156      6.471362718509
    1     -2.568873789062      0.874215793299      5.638319321616
    1     -2.587038450565     -0.175804360110      6.755760478221
    8     -5.519097192708     -0.662492927047      5.988045921707
    1     -6.087816440614      0.126416815025      5.904695231870
    1     -4.618569018783     -0.261748802271      6.134090496702
    8     -4.455351630679      3.226658992642      6.463243547886
    1     -4.053902132477      3.672949208072      5.656372557818
    1     -3.880760018224      2.472951310153      6.706238394577
    8     18.699358019681      8.096331170216      5.731551415388
    1     18.244899299763      8.788875871688      6.237674237279
    1     17.502989261238      5.362229836429      6.456608148932
    8     17.129679839251      6.047890812231      5.875565889107
    1     17.784946673788      6.863287079733      5.848063073130
    0    0
