   2   1   1 E -1.7659353768039E+04 DE-7.2E-07(  5)
  0.112698386087E+02 -0.953867010868E-02  0.000000000000E+00
 -0.564320206435E+01  0.975904403175E+01  0.000000000000E+00
  0.000000000000E+00  0.000000000000E+00  0.500000000000E+03
    1
  0.100000000000E+01  0.000000000000E+00  0.000000000000E+00
  0.000000000000E+00  0.100000000000E+01  0.000000000000E+00
  0.000000000000E+00  0.000000000000E+00  0.100000000000E+01
  0.000000000000E+00  0.000000000000E+00  0.000000000000E+00
  110
    8     -1.966506982402      1.102337541196      4.113696028982
    8     -3.709818848203      4.273836233364      4.135362608372
    8     -0.070335243762     -2.138912024278      3.811558683243
    8      1.940974865788      1.093075734977      4.120185470425
    8     -0.005862422274      4.387746791994      4.097472648046
    8      3.858398808309     -2.231223014687      3.989712736359
    8     -5.596619057530      1.126796642773      3.983293733424
    8     -7.563360235021      4.436810633080      4.112318289062
    8     -3.758728859835     -2.228032948982      4.097880775391
  258      1.903346957475     -1.092841436183      3.385435328901
  258     -0.003925925183      2.168240671912      3.339977402128
  258      3.769060163872     -4.339182256058      3.235618669183
  258      5.650996105744     -1.112082691303      3.292800702714
  258      3.765638623391      2.151739931643      3.305679912034
  258      7.519737527647     -4.341542257779      3.200696840520
  258     -1.877865235704     -1.078318338287      3.235169082842
  258     -3.770111261457      2.172865717275      3.195871990895
  258     -0.007135606252     -4.314345161221      3.303965041997
    8     -0.000712494304      0.095143835655      2.476941084548
    8     -1.855464703273      3.242422065980      2.418455256241
    8      1.898574240198     -3.296320648660      2.473807240107
    8      3.765683362686     -0.006714870658      2.468804813021
    8      1.866695454189      3.231423447893      2.452364229740
    8      5.672203403093     -3.268809607517      2.370179553876
    8     -3.746403192163     -0.033646741606      2.403522294555
    8     -5.654910299445      3.311204543991      2.439618707647
    8     -1.918784333330     -3.267384389034      2.373948529623
    8      1.870709012667     -1.092070635681      0.897421848264
    8      0.004190918922      2.179671497109      0.849406184358
    8      3.758049009752     -4.341240901780      0.863764402400
    8      5.629874383896     -1.085018744939      0.856005632040
    8      3.760460567423      2.160418368411      0.881661982189
    8      7.516507957070     -4.369911320981      0.828136098360
    8     -1.851577688282     -1.072868489025      0.864180417859
    8     -3.769733094352      2.171893983998      0.869298734248
    8      0.009558034984     -4.319116336325      0.861629001130
  258      0.011990821095      0.007838661167      0.085785476927
  258     -1.871254095967      3.251548693261      0.054400888437
  258      1.876954686817     -3.245565712865      0.078259590231
  258      3.755176591313     -0.007705546345      0.091591023999
  258      1.875511694717      3.237012179305      0.067233497656
  258      5.636197726963     -3.255638166512      0.048805409403
  258     -3.759963556268     -0.001371771733      0.051736796023
  258     -5.644579951634      3.264257851476      0.061717814955
  258     -1.865766076513     -3.250480542780      0.053326506608
    8     -1.881837691743      1.086764685598     -0.779290397047
    8     -3.760955261326      4.337763784471     -0.779605212908
    8      0.009561068745     -2.161574244222     -0.785465364026
    8      1.885081015058      1.073892314960     -0.774756299786
    8     -0.009369303914      4.333963018434     -0.793448692238
    8      3.751681954449     -2.168784367223     -0.777645347269
    8     -5.636094646371      1.091519239761     -0.780277043196
    8     -7.506891835572      4.334445153489     -0.785435621609
    8     -3.748962528526     -2.159711819178     -0.780841063281
    8      0.000000000000      0.000000000000     -2.343480358560
    8     -1.881067354785      3.253014677252     -2.343480358560
    8      1.881067354791     -3.253014677247     -2.343480358560
    8      3.756612869549     -0.003179556707     -2.343480358560
    8      1.875545514757      3.249835120548     -2.343480358560
    8      5.637680224347     -3.256194233954     -2.343480358560
    8     -3.756612869549      0.003179556697     -2.343480358560
    8     -5.637680224347      3.256194233954     -2.343480358560
    8     -1.875545514762     -3.249835120543     -2.343480358560
  258     -1.879226741445      1.085398077985     -3.124640478080
  258     -3.760294096227      4.338412755241     -3.124640478080
  258      0.001840613343     -2.167616599264     -3.124640478080
  258      1.877386128102      1.082218521281     -3.124640478080
  258     -0.003681226686      4.335233198533     -3.124640478080
  258      3.758453482894     -2.170796155969     -3.124640478080
  258     -5.635839611036      1.088577634674     -3.124640478080
  258     -7.516906965782      4.341592311948     -3.124640478080
  258     -3.754772256208     -2.164437042563     -3.124640478080
    8      1.879226741445     -1.085398077985     -3.905800597599
    8     -0.001840613343      2.167616599264     -3.905800597599
    8      3.760294096227     -4.338412755241     -3.905800597599
    8      5.635839611036     -1.088577634674     -3.905800597599
    8      3.754772256212      2.164437042563     -3.905800597599
    8      7.516906965782     -4.341592311948     -3.905800597599
    8     -1.877386128102     -1.082218521281     -3.905800597599
    8     -3.758453482896      2.170796155969     -3.905800597599
    8      0.003681226684     -4.335233198533     -3.905800597599
    8     11.180041307023      4.625943046152      6.751955099699
    1     11.237349138382      4.630386251730      5.759488006848
    1     10.521588779850      5.331042109934      6.958804428051
    8      0.230340470584      2.017942964616      5.956847606941
    1      0.102897878448      2.872717556690      6.441308991387
    1      1.184386446552      1.814797517753      5.885809358978
    8     15.388832419016      2.604816649893      5.947794149201
    1     15.146118612119      3.515188090704      5.640461182108
    1     16.358325427396      2.680244580656      6.139718112751
    8      3.982164698461     -2.772905218063      7.014098720241
    1      3.192368939608     -2.407403428179      6.527826144056
    1      4.703179067142     -2.183031528833      6.715857845073
    1     -2.782602292650     -2.221463919781      5.591429946467
    8     -1.967121356415     -1.848379257587      6.014520731859
    1     -1.278964147423     -2.552512609862      6.045964929560
    8     -3.079825950312      0.622610826388      6.471438911102
    1     -2.568854263867      0.874162538332      5.638321430128
    1     -2.586766563629     -0.175977054696      6.755627698761
    8     -5.518744589179     -0.662151994132      5.988114161448
    1     -6.087543478127      0.126664583684      5.904760058699
    1     -4.618271726550     -0.261294247131      6.134221168123
    8     -4.455410674368      3.227025941833      6.463268626382
    1     -4.053916759646      3.673238630811      5.656350116740
    1     -3.880689639716      2.473538576122      6.706524277303
    8     18.699426097179      8.096368396807      5.731592177688
    1     18.244709656322      8.788793364459      6.237654595393
    1     17.503065452443      5.362455355879      6.456789449943
    8     17.129892406950      6.048038293224      5.875605382401
    1     17.785253188867      6.863406423173      5.848059484196
    0    0
