# Starting Date: Sun Sep  8 15:00:59 AEST 2019
# Directory: /short/ep0/hm1876/CeO2/PH/CeO2-9H2O/NO-OV/test


 COORDINATE AND CELL OPTIMIZATION - POINT    1
 INFORMATION **** EXCBUF **** EXCH. BIPO BUFFER: WORDS USED =     4000000
 WARNING **** EXCBUF **** EXCH. BIPO BUFFER TOO SMALL - TO AVOID RECALC SET EXCHSIZE =    23854113

 DFT PARAMETERS

     ATOM       ELECTRONS   NET CHARGE   R(ANGSTROM)
   1   8  O       8.0000      0.0000     0.74000000
  10 258  CE     30.0000      0.0000     1.82000000
  83   1  H       1.0000      0.0000     1.11000000

 SIZE OF GRID=    6129207
 TTTTTTTTTTTTTTTTTTTTTTTTTTTTTT MAKE_GRID2_MTELAPSE       23.79 TCPU       22.51
 BECKE WEIGHT FUNCTION
 RADSAFE =     2.00
 TOLERANCES - DENSITY:10**- 6; POTENTIAL:10**- 9; GRID WGT:10**-14

 RADIAL INTEGRATION  - INTERVALS (POINTS,UPPER LIMIT):            1( 75,  4.0*R)

 ANGULAR INTEGRATION - INTERVALS (ACCURACY LEVEL [N. POINTS] UPPER LIMIT):
  1(  4[  86]   0.2)  2(  8[ 194]   0.5)  3( 12[ 350]   0.9)  4( 16[ 974]   3.5)
  5( 12[ 350]9999.0)

 *******************************************************************************
 Ceria bulk                                                                      
 CRYSTAL - SCF - TYPE OF CALCULATION :  UNRESTRICTED OPEN SHELL
 *******************************************************************************

 CAPPA:IS1  2;IS2  2;IS3  1; K PTS MONK NET   4; SYMMOPS:K SPACE   2;G SPACE   1

 TTTTTTTTTTTTTTTTTTTTTTTTTTTTTT SDIK        TELAPSE       29.09 TCPU       27.03

 INFORMATION FROM INTEGRAL EVALUATION

 RESTART FROM A PREVIOUS DENSITY MATRIX - DEP ACTIVE
 NUMBER OF COUPLE SETS (NEW, OLD, FOUND):  259964  259960  259218
 NUMBER OF IRREDUCIBLE G VECTORS        :  357091  357084  356443
 CHARGE NORMALIZATION FACTOR   1.00000000
 TOTAL ATOMIC CHARGES:
   9.1844123   9.3181239   9.2594972   9.2453007   9.3142336   9.1860537
   9.3588122   9.1990115   9.3696798  27.4229559  27.4255208  27.4192256
  27.4439095  27.4217844  27.4379208  27.4249647  27.4402988  27.4269437
   9.3132511   9.3044592   9.2968919   9.2962673   9.3047913   9.2912569
   9.2981337   9.2934529   9.2984154   9.3151079   9.3014036   9.2982871
   9.3250648   9.3005309   9.3235588   9.2937536   9.3337834   9.3152130
  27.4012919  27.4013772  27.3992217  27.4024236  27.4026586  27.4040273
  27.4031309  27.4004773  27.4015294   9.3289899   9.3303526   9.3287626
   9.3295875   9.3310501   9.3314800   9.3317544   9.3281311   9.3315028
   9.3062956   9.3053340   9.3043092   9.3051735   9.3069482   9.3073222
   9.3074996   9.3044284   9.3051350  27.4305666  27.4308712  27.4309295
  27.4311466  27.4311300  27.4307496  27.4308855  27.4306170  27.4311546
   9.2348592   9.2345802   9.2346979   9.2345462   9.2348170   9.2344902
   9.2347600   9.2349147   9.2350940   8.7127582   0.5763267   0.7006986
   8.6248756   0.6756803   0.6813938   0.6957811   8.6189932   0.6592480
   0.6771254   8.6668958   0.6423327   8.6410594   0.6579007   0.6704674
   8.6449853   0.6455554   0.7299501   0.6159061   8.6987960   0.6947270
   8.6705513   0.6374520   0.6674123   8.7695819   0.5626570   0.6584797
   8.6717044   0.6751881   0.6439904   8.5784151   0.7317739   0.6891263
   8.5943517   0.6876761   0.6982332   0.7003633   8.5566137   0.7441641
   0.7338647   8.5643778   0.6943913   8.5981333   0.7070016   0.6988833
   8.5735206   0.7451156   0.6969752   0.6358224   8.6424043   0.7087716
   8.6362118   0.6771261   0.6905727   8.6333933   0.7346126   0.6497573
   8.6051757   0.7234364   0.6443543   8.5812650   0.7350520   0.6918736
   8.6054097   0.6826623   0.6936206   0.7073280   8.5560540   0.7420513
   0.7358650   8.5633047   0.6945440   8.5945216   0.7020434   0.7068412
   8.5714228   0.7413893   0.7121548   0.6306222   8.6468333   0.7097037
   8.6362272   0.6753612   0.6951719   8.6280415   0.7451372   0.6495039
   8.6009076   0.7326931   0.6362880   8.5815692   0.7342551   0.6901950
   8.6045088   0.6842795   0.6927679   0.7071601   8.5527822   0.7454280
   0.7393436   8.5588224   0.6959055   8.5926297   0.7036511   0.7073529
   8.5739993   0.7436774   0.7059390   0.6317286   8.6452948   0.7098933
   8.6365475   0.6745434   0.6955733   8.6296973   0.7444043   0.6477802
   8.5994557   0.7342451   0.6358379   8.5848013   0.7355307   0.6848502
   8.6046986   0.6857925   0.6924902   0.7097114   8.5555765   0.7388089
   0.7381152   8.5609793   0.6942087   8.5958509   0.7000736   0.7082803
   8.5642095   0.7486963   0.7083605   0.6254684   8.6507399   0.7140991
   8.6373294   0.6760242   0.6942139   8.6315174   0.7482449   0.6439535
   8.6005456   0.7322596   0.6360606   8.6131084   0.7120137   0.6763727
   8.6207678   0.6812437   0.6963349   0.6973455   8.5677136   0.7422466
   0.7465369   8.5705277   0.6967582   8.6212459   0.6973156   0.6888039
   8.6325705   0.7312074   0.6381669   0.6405040   8.6633544   0.6827623
   8.6436408   0.6805468   0.6894438   8.6106651   0.6927051   0.6800104
   8.6237596   0.7133548   0.6479502
 SUMMED SPIN DENSITY           0.00000000
 TOTAL ATOMIC SPINS  :
   0.0000000   0.0000000  -0.0000000   0.0000000  -0.0000000  -0.0000000
   0.0000000  -0.0000000  -0.0000000   0.0000000   0.0000000   0.0000000
   0.0000000   0.0000000   0.0000000   0.0000000  -0.0000000  -0.0000000
   0.0000000   0.0000000  -0.0000000  -0.0000000   0.0000000  -0.0000000
  -0.0000000  -0.0000000   0.0000000   0.0000000   0.0000000   0.0000000
   0.0000000  -0.0000000   0.0000000   0.0000000   0.0000000  -0.0000000
   0.0000000   0.0000000   0.0000000   0.0000000  -0.0000000   0.0000000
   0.0000000   0.0000000   0.0000000  -0.0000000   0.0000000  -0.0000000
   0.0000000   0.0000000   0.0000000  -0.0000000  -0.0000000   0.0000000
  -0.0000000  -0.0000000  -0.0000000  -0.0000000   0.0000000   0.0000000
  -0.0000000  -0.0000000  -0.0000000   0.0000000   0.0000000  -0.0000000
  -0.0000000  -0.0000000  -0.0000000   0.0000000   0.0000000   0.0000000
   0.0000000   0.0000000   0.0000000  -0.0000000  -0.0000000   0.0000000
  -0.0000000  -0.0000000   0.0000000  -0.0000000   0.0000000   0.0000000
  -0.0000000   0.0000000   0.0000000   0.0000000  -0.0000000   0.0000000
  -0.0000000   0.0000000   0.0000000   0.0000000  -0.0000000   0.0000000
  -0.0000000   0.0000000   0.0000000  -0.0000000   0.0000000  -0.0000000
   0.0000000  -0.0000000  -0.0000000   0.0000000  -0.0000000   0.0000000
   0.0000000  -0.0000000  -0.0000000   0.0000000  -0.0000000   0.0000000
   0.0000000  -0.0000000  -0.0000000   0.0000000  -0.0000000   0.0000000
  -0.0000000   0.0000000  -0.0000000  -0.0000000  -0.0000000   0.0000000
   0.0000000  -0.0000000  -0.0000000  -0.0000000   0.0000000   0.0000000
  -0.0000000  -0.0000000   0.0000000   0.0000000  -0.0000000  -0.0000000
  -0.0000000   0.0000000   0.0000000  -0.0000000   0.0000000   0.0000000
   0.0000000   0.0000000  -0.0000000   0.0000000  -0.0000000   0.0000000
  -0.0000000   0.0000000  -0.0000000   0.0000000  -0.0000000   0.0000000
  -0.0000000   0.0000000   0.0000000  -0.0000000   0.0000000   0.0000000
  -0.0000000   0.0000000   0.0000000   0.0000000  -0.0000000  -0.0000000
   0.0000000  -0.0000000   0.0000000   0.0000000  -0.0000000  -0.0000000
  -0.0000000   0.0000000   0.0000000  -0.0000000  -0.0000000  -0.0000000
  -0.0000000  -0.0000000   0.0000000   0.0000000  -0.0000000  -0.0000000
  -0.0000000   0.0000000  -0.0000000   0.0000000   0.0000000  -0.0000000
   0.0000000  -0.0000000  -0.0000000   0.0000000  -0.0000000  -0.0000000
  -0.0000000  -0.0000000   0.0000000   0.0000000  -0.0000000  -0.0000000
  -0.0000000   0.0000000   0.0000000   0.0000000  -0.0000000  -0.0000000
  -0.0000000   0.0000000  -0.0000000   0.0000000   0.0000000  -0.0000000
  -0.0000000   0.0000000   0.0000000  -0.0000000   0.0000000  -0.0000000
   0.0000000   0.0000000  -0.0000000  -0.0000000   0.0000000  -0.0000000
   0.0000000   0.0000000  -0.0000000   0.0000000   0.0000000  -0.0000000
   0.0000000  -0.0000000  -0.0000000  -0.0000000   0.0000000  -0.0000000
  -0.0000000   0.0000000  -0.0000000  -0.0000000   0.0000000  -0.0000000
  -0.0000000   0.0000000   0.0000000   0.0000000  -0.0000000  -0.0000000
   0.0000000  -0.0000000  -0.0000000  -0.0000000  -0.0000000  -0.0000000
  -0.0000000  -0.0000000   0.0000000
 TTTTTTTTTTTTTTTTTTTTTTTTTTTTTT MOQGAD      TELAPSE       30.79 TCPU       28.72
 TTTTTTTTTTTTTTTTTTTTTTTTTTTTTT SHELLXN     TELAPSE      272.03 TCPU      269.81
 TTTTTTTTTTTTTTTTTTTTTTTTTTTTTT MONMO3      TELAPSE      289.17 TCPU      286.94
 NUMERICALLY INTEGRATED DENSITY    921.0002391180    921.0002391180
 TTTTTTTTTTTTTTTTTTTTTTTTTTTTTT NUMDFT      TELAPSE      321.06 TCPU      318.83
 CYC   0 ETOT(AU) -2.147905408777E+04 DETOT -2.15E+04 tst  0.00E+00 PX  1.00E+00
 CYCLE  0 WAVE FUNCTION SAVED IN FORTRAN UNIT 79
 TTTTTTTTTTTTTTTTTTTTTTTTTTTTTT MPP_TRAF    TELAPSE      326.65 TCPU      323.74
 TTTTTTTTTTTTTTTTTTTTTTTTTTTTTT MPP_DIAG    TELAPSE      326.65 TCPU      323.74
 TTTTTTTTTTTTTTTTTTTTTTTTTTTTTT MPP_DIIS    TELAPSE      326.65 TCPU      323.74
 TTTTTTTTTTTTTTTTTTTTTTTTTTTTTT MPP_TRAF    TELAPSE      332.47 TCPU      329.56
 TTTTTTTTTTTTTTTTTTTTTTTTTTTTTT MPP_DIAG    TELAPSE      349.21 TCPU      346.15

    ALPHA      ELECTRONS
 INSULATING STATE
 TOP OF VALENCE BANDS -    BAND    921; K    4; EIG -1.3868482E+01 AU
 TOP OF VALENCE BANDS -    BAND    921; K    1; EIG -1.3873653E+01 AU
 BOTTOM OF VIRTUAL BANDS - BAND    922; K    4; EIG -7.9695370E+00 AU
 DIRECT ENERGY BAND GAP: 160.5185 eV
 BOTTOM OF VIRTUAL BANDS - BAND    922; K    1; EIG -7.9001617E+00 AU

    BETA       ELECTRONS
 INSULATING STATE
 TOP OF VALENCE BANDS -    BAND    921; K    4; EIG -1.3868482E+01 AU
 TOP OF VALENCE BANDS -    BAND    921; K    1; EIG -1.3873653E+01 AU
 BOTTOM OF VIRTUAL BANDS - BAND    922; K    4; EIG -7.9695370E+00 AU
 DIRECT ENERGY BAND GAP: 160.5185 eV
 BOTTOM OF VIRTUAL BANDS - BAND    922; K    1; EIG -7.9001617E+00 AU
 TTTTTTTTTTTTTTTTTTTTTTTTTTTTTT FERMI       TELAPSE      349.21 TCPU      346.15
 TTTTTTTTTTTTTTTTTTTTTTTTTTTTTT MPP_PDIG    TELAPSE      350.60 TCPU      347.53
 TTTTTTTTTTTTTTTTTTTTTTTTTTTTTT MPP_PROT    TELAPSE      350.87 TCPU      347.80
 TTTTTTTTTTTTTTTTTTTTTTTTTTTTTT MPP_KSPA    TELAPSE      350.87 TCPU      347.80
 CHARGE NORMALIZATION FACTOR   1.00000000
 TOTAL ATOMIC CHARGES:
   9.1837435   9.3184947   9.2590298   9.2450630   9.3137469   9.1857800
   9.3589457   9.2017349   9.3695493  27.4221994  27.4264922  27.4199913
  27.4435955  27.4227333  27.4365462  27.4261314  27.4389303  27.4245791
   9.3132581   9.3040419   9.2970735   9.2964451   9.3048586   9.2911955
   9.2985947   9.2942499   9.2980179   9.3153814   9.3017395   9.2979171
   9.3250489   9.3006178   9.3235275   9.2937768   9.3336942   9.3153834
  27.4017667  27.4020905  27.3995046  27.4032227  27.4031983  27.4048460
  27.4036373  27.4007606  27.4020861   9.3289954   9.3296131   9.3289961
   9.3293719   9.3309376   9.3312407   9.3315187   9.3279220   9.3314177
   9.3061831   9.3051857   9.3042242   9.3050035   9.3068132   9.3070784
   9.3073645   9.3043579   9.3049939  27.4307913  27.4309916  27.4310622
  27.4312756  27.4312778  27.4309329  27.4310060  27.4306203  27.4312811
   9.2345403   9.2342627   9.2344008   9.2342437   9.2345187   9.2342225
   9.2344376   9.2345914   9.2347949   8.7127962   0.5764354   0.7005552
   8.6249122   0.6756016   0.6812382   0.6960083   8.6189491   0.6591859
   0.6772441   8.6662630   0.6426868   8.6411315   0.6578010   0.6705207
   8.6450657   0.6453758   0.7298762   0.6159688   8.6986146   0.6949859
   8.6702406   0.6374367   0.6677334   8.7706056   0.5616232   0.6585132
   8.6719938   0.6751416   0.6439280   8.5783645   0.7318500   0.6891972
   8.5945303   0.6875232   0.6981406   0.7003627   8.5565719   0.7440742
   0.7338719   8.5643046   0.6945439   8.5984259   0.7067971   0.6992582
   8.5733603   0.7452362   0.6968645   0.6360018   8.6417478   0.7088643
   8.6361285   0.6771636   0.6905932   8.6335276   0.7341935   0.6497455
   8.6050847   0.7233661   0.6445957   8.5812649   0.7350268   0.6918688
   8.6052935   0.6826299   0.6936808   0.7074764   8.5559707   0.7420476
   0.7359382   8.5630166   0.6948022   8.5944494   0.7020187   0.7068493
   8.5713144   0.7414205   0.7121426   0.6305824   8.6468552   0.7098405
   8.6360366   0.6753384   0.6954018   8.6284338   0.7448392   0.6492119
   8.6006823   0.7332471   0.6362007   8.5815361   0.7342973   0.6902387
   8.6046325   0.6842304   0.6926344   0.7071524   8.5528365   0.7453982
   0.7393902   8.5586599   0.6960905   8.5935029   0.7035725   0.7064602
   8.5737565   0.7437483   0.7060035   0.6317371   8.6454826   0.7099793
   8.6364526   0.6745469   0.6955936   8.6299473   0.7440700   0.6477578
   8.5993510   0.7343225   0.6360290   8.5846384   0.7356668   0.6848895
   8.6049149   0.6856638   0.6924054   0.7098661   8.5554978   0.7387843
   0.7382221   8.5607616   0.6943153   8.5957712   0.7000318   0.7084024
   8.5640406   0.7487740   0.7084415   0.6253587   8.6506361   0.7141368
   8.6371648   0.6760024   0.6944239   8.6318208   0.7479222   0.6438120
   8.6005172   0.7323654   0.6360549   8.6131306   0.7119742   0.6763589
   8.6209988   0.6811293   0.6962542   0.6971594   8.5678055   0.7423009
   0.7465085   8.5705819   0.6967189   8.6220966   0.6972631   0.6879399
   8.6324008   0.7313426   0.6381709   0.6405552   8.6633655   0.6828122
   8.6437101   0.6804851   0.6894022   8.6106843   0.6926498   0.6800655
   8.6237045   0.7134807   0.6479434
 SUMMED SPIN DENSITY           0.00000000
 TOTAL ATOMIC SPINS  :
  -0.0000000  -0.0000000  -0.0000000   0.0000000   0.0000000   0.0000000
  -0.0000000  -0.0000000   0.0000000   0.0000000  -0.0000000  -0.0000000
  -0.0000000   0.0000000  -0.0000000   0.0000000   0.0000000   0.0000000
  -0.0000000   0.0000000   0.0000000   0.0000000   0.0000000   0.0000000
  -0.0000000   0.0000000   0.0000000  -0.0000000  -0.0000000   0.0000000
   0.0000000  -0.0000000   0.0000000  -0.0000000  -0.0000000  -0.0000000
   0.0000000   0.0000000  -0.0000000  -0.0000000   0.0000000   0.0000000
  -0.0000000   0.0000000   0.0000000  -0.0000000   0.0000000  -0.0000000
  -0.0000000  -0.0000000  -0.0000000  -0.0000000  -0.0000000  -0.0000000
  -0.0000000  -0.0000000  -0.0000000   0.0000000  -0.0000000   0.0000000
  -0.0000000  -0.0000000  -0.0000000   0.0000000   0.0000000   0.0000000
  -0.0000000   0.0000000   0.0000000   0.0000000  -0.0000000  -0.0000000
   0.0000000   0.0000000  -0.0000000  -0.0000000  -0.0000000   0.0000000
  -0.0000000  -0.0000000  -0.0000000  -0.0000000   0.0000000   0.0000000
  -0.0000000   0.0000000   0.0000000   0.0000000  -0.0000000   0.0000000
  -0.0000000   0.0000000  -0.0000000   0.0000000  -0.0000000  -0.0000000
  -0.0000000   0.0000000   0.0000000   0.0000000  -0.0000000   0.0000000
  -0.0000000   0.0000000   0.0000000   0.0000000  -0.0000000   0.0000000
  -0.0000000   0.0000000   0.0000000  -0.0000000   0.0000000   0.0000000
   0.0000000   0.0000000   0.0000000  -0.0000000   0.0000000  -0.0000000
   0.0000000   0.0000000  -0.0000000  -0.0000000   0.0000000   0.0000000
  -0.0000000   0.0000000   0.0000000  -0.0000000  -0.0000000   0.0000000
  -0.0000000   0.0000000   0.0000000  -0.0000000   0.0000000   0.0000000
  -0.0000000  -0.0000000   0.0000000   0.0000000   0.0000000  -0.0000000
   0.0000000  -0.0000000  -0.0000000  -0.0000000   0.0000000  -0.0000000
  -0.0000000   0.0000000  -0.0000000  -0.0000000   0.0000000   0.0000000
   0.0000000   0.0000000   0.0000000  -0.0000000   0.0000000  -0.0000000
  -0.0000000   0.0000000  -0.0000000  -0.0000000  -0.0000000  -0.0000000
  -0.0000000   0.0000000   0.0000000   0.0000000  -0.0000000  -0.0000000
  -0.0000000   0.0000000   0.0000000   0.0000000  -0.0000000   0.0000000
  -0.0000000   0.0000000   0.0000000   0.0000000  -0.0000000  -0.0000000
   0.0000000  -0.0000000  -0.0000000  -0.0000000   0.0000000  -0.0000000
  -0.0000000   0.0000000   0.0000000  -0.0000000   0.0000000   0.0000000
  -0.0000000   0.0000000   0.0000000   0.0000000  -0.0000000   0.0000000
   0.0000000  -0.0000000  -0.0000000  -0.0000000   0.0000000   0.0000000
   0.0000000  -0.0000000   0.0000000  -0.0000000   0.0000000   0.0000000
   0.0000000  -0.0000000  -0.0000000   0.0000000  -0.0000000   0.0000000
   0.0000000  -0.0000000  -0.0000000  -0.0000000   0.0000000   0.0000000
  -0.0000000   0.0000000   0.0000000  -0.0000000   0.0000000   0.0000000
   0.0000000  -0.0000000   0.0000000   0.0000000  -0.0000000   0.0000000
   0.0000000   0.0000000  -0.0000000   0.0000000  -0.0000000   0.0000000
   0.0000000  -0.0000000  -0.0000000  -0.0000000  -0.0000000   0.0000000
   0.0000000  -0.0000000  -0.0000000   0.0000000  -0.0000000  -0.0000000
   0.0000000  -0.0000000  -0.0000000
 TTTTTTTTTTTTTTTTTTTTTTTTTTTTTT MOQGAD      TELAPSE      350.95 TCPU      347.87
 TTTTTTTTTTTTTTTTTTTTTTTTTTTTTT SHELLXN     TELAPSE      592.09 TCPU      588.94
 TTTTTTTTTTTTTTTTTTTTTTTTTTTTTT MONMO3      TELAPSE      610.15 TCPU      606.99
 NUMERICALLY INTEGRATED DENSITY    921.0002390936    921.0002390936
 TTTTTTTTTTTTTTTTTTTTTTTTTTTTTT NUMDFT      TELAPSE      642.51 TCPU      639.35
 CYC   1 ETOT(AU) -2.147905371447E+04 DETOT  3.73E-04 tst  0.00E+00 PX  2.16E+00
 CYCLE  1 WAVE FUNCTION SAVED IN FORTRAN UNIT 79
 TTTTTTTTTTTTTTTTTTTTTTTTTTTTTT MPP_TRAF    TELAPSE      648.08 TCPU      644.22
 TTTTTTTTTTTTTTTTTTTTTTTTTTTTTT MPP_DIAG    TELAPSE      652.98 TCPU      649.11
 TTTTTTTTTTTTTTTTTTTTTTTTTTTTTT MPP_DIIS    TELAPSE      653.01 TCPU      649.13
 DIIS TEST: 0.14449E-03 AT SCF   CYCLE   1 - MIX   90 %
 TTTTTTTTTTTTTTTTTTTTTTTTTTTTTT MPP_TRAF    TELAPSE      657.44 TCPU      653.56
 TTTTTTTTTTTTTTTTTTTTTTTTTTTTTT MPP_DIAG    TELAPSE      674.05 TCPU      670.07

    ALPHA      ELECTRONS
 INSULATING STATE
 TOP OF VALENCE BANDS -    BAND    921; K    4; EIG -2.4762650E-01 AU
 TOP OF VALENCE BANDS -    BAND    921; K    1; EIG -2.4771876E-01 AU
 BOTTOM OF VIRTUAL BANDS - BAND    922; K    4; EIG -1.4225620E-01 AU
 DIRECT ENERGY BAND GAP:   2.8673 eV
 BOTTOM OF VIRTUAL BANDS - BAND    922; K    1; EIG -1.4101943E-01 AU

    BETA       ELECTRONS
 INSULATING STATE
 TOP OF VALENCE BANDS -    BAND    921; K    4; EIG -2.4762650E-01 AU
 TOP OF VALENCE BANDS -    BAND    921; K    1; EIG -2.4771876E-01 AU
 BOTTOM OF VIRTUAL BANDS - BAND    922; K    4; EIG -1.4225620E-01 AU
 DIRECT ENERGY BAND GAP:   2.8673 eV
 BOTTOM OF VIRTUAL BANDS - BAND    922; K    1; EIG -1.4101943E-01 AU
 TTTTTTTTTTTTTTTTTTTTTTTTTTTTTT FERMI       TELAPSE      674.05 TCPU      670.07
 TTTTTTTTTTTTTTTTTTTTTTTTTTTTTT MPP_PDIG    TELAPSE      675.43 TCPU      671.44
 TTTTTTTTTTTTTTTTTTTTTTTTTTTTTT MPP_PROT    TELAPSE      675.70 TCPU      671.71
 TTTTTTTTTTTTTTTTTTTTTTTTTTTTTT MPP_KSPA    TELAPSE      675.70 TCPU      671.71
 CHARGE NORMALIZATION FACTOR   1.00000000
 TOTAL ATOMIC CHARGES:
   9.1839015   9.3184231   9.2589788   9.2452546   9.3139247   9.1858725
   9.3589895   9.2013620   9.3696439  27.4226027  27.4258767  27.4195842
  27.4436464  27.4221390  27.4368020  27.4255306  27.4395784  27.4255500
   9.3132826   9.3040736   9.2969807   9.2964448   9.3049489   9.2912257
   9.2985619   9.2941337   9.2980011   9.3153628   9.3017486   9.2979333
   9.3250946   9.3006319   9.3235669   9.2937895   9.3337167   9.3153570
  27.4015382  27.4017984  27.3993739  27.4028301  27.4028412  27.4043832
  27.4032720  27.4005544  27.4018087   9.3290992   9.3297206   9.3290763
   9.3294869   9.3310514   9.3313530   9.3316268   9.3280272   9.3315333
   9.3061930   9.3052028   9.3042224   9.3050287   9.3068327   9.3071162
   9.3073889   9.3043649   9.3050055  27.4307858  27.4310469  27.4311031
  27.4313016  27.4313307  27.4309548  27.4310580  27.4306707  27.4313348
   9.2346279   9.2343524   9.2344824   9.2343263   9.2345994   9.2343029
   9.2345258   9.2346788   9.2348742   8.7127911   0.5764513   0.7005617
   8.6249263   0.6756044   0.6812437   0.6960200   8.6189438   0.6591979
   0.6772390   8.6663040   0.6426810   8.6411165   0.6578057   0.6705250
   8.6450646   0.6453843   0.7298776   0.6159695   8.6986241   0.6949860
   8.6702421   0.6374491   0.6677405   8.7705899   0.5616284   0.6585221
   8.6719718   0.6751397   0.6439294   8.5783592   0.7318536   0.6891999
   8.5945343   0.6875221   0.6981394   0.7003621   8.5565754   0.7440731
   0.7338721   8.5643053   0.6945445   8.5983726   0.7068139   0.6992007
   8.5733649   0.7452354   0.6968650   0.6359914   8.6418324   0.7088712
   8.6361414   0.6771597   0.6905924   8.6335192   0.7341973   0.6497479
   8.6051184   0.7233703   0.6445401   8.5812617   0.7350272   0.6918697
   8.6052984   0.6826282   0.6936796   0.7074787   8.5559651   0.7420488
   0.7359392   8.5630148   0.6948021   8.5944609   0.7020172   0.7068482
   8.5713189   0.7414169   0.7121431   0.6305837   8.6468542   0.7098409
   8.6360411   0.6753358   0.6954008   8.6284177   0.7448354   0.6492307
   8.6006851   0.7332462   0.6361981   8.5815343   0.7342962   0.6902395
   8.6046354   0.6842297   0.6926335   0.7071528   8.5528355   0.7453984
   0.7393910   8.5586609   0.6960900   8.5933713   0.7035707   0.7066032
   8.5737607   0.7437461   0.7060032   0.6317364   8.6454705   0.7099782
   8.6364609   0.6745521   0.6955934   8.6299433   0.7440722   0.6477578
   8.5993832   0.7343234   0.6359782   8.5846356   0.7356675   0.6848909
   8.6049182   0.6856621   0.6924042   0.7098676   8.5554929   0.7387860
   0.7382231   8.5607601   0.6943149   8.5957812   0.7000299   0.7084013
   8.5640470   0.7487709   0.7084407   0.6253611   8.6506290   0.7141386
   8.6371661   0.6760011   0.6944236   8.6318050   0.7479224   0.6438317
   8.6005230   0.7323623   0.6360522   8.6131321   0.7119714   0.6763589
   8.6209994   0.6811291   0.6962540   0.6971594   8.5678054   0.7423011
   0.7465081   8.5705847   0.6967177   8.6219668   0.6972614   0.6880828
   8.6324044   0.7313405   0.6381702   0.6405547   8.6633491   0.6828099
   8.6437106   0.6804882   0.6894020   8.6106869   0.6926492   0.6800643
   8.6237110   0.7134772   0.6479414
 SUMMED SPIN DENSITY           0.00000000
 TOTAL ATOMIC SPINS  :
  -0.0000000  -0.0000000  -0.0000000   0.0000000   0.0000000   0.0000000
  -0.0000000   0.0000000  -0.0000000   0.0000000   0.0000000  -0.0000000
  -0.0000000   0.0000000  -0.0000000   0.0000000   0.0000000   0.0000000
  -0.0000000   0.0000000   0.0000000   0.0000000   0.0000000   0.0000000
   0.0000000  -0.0000000   0.0000000  -0.0000000   0.0000000   0.0000000
   0.0000000   0.0000000   0.0000000   0.0000000   0.0000000  -0.0000000
   0.0000000  -0.0000000  -0.0000000  -0.0000000  -0.0000000  -0.0000000
  -0.0000000   0.0000000  -0.0000000  -0.0000000   0.0000000   0.0000000
  -0.0000000  -0.0000000   0.0000000   0.0000000  -0.0000000   0.0000000
   0.0000000   0.0000000   0.0000000   0.0000000   0.0000000   0.0000000
   0.0000000   0.0000000  -0.0000000  -0.0000000   0.0000000  -0.0000000
   0.0000000   0.0000000  -0.0000000   0.0000000   0.0000000  -0.0000000
   0.0000000   0.0000000  -0.0000000  -0.0000000  -0.0000000   0.0000000
   0.0000000  -0.0000000   0.0000000  -0.0000000   0.0000000   0.0000000
   0.0000000  -0.0000000  -0.0000000   0.0000000  -0.0000000   0.0000000
   0.0000000   0.0000000  -0.0000000   0.0000000  -0.0000000  -0.0000000
  -0.0000000   0.0000000   0.0000000   0.0000000  -0.0000000   0.0000000
  -0.0000000   0.0000000   0.0000000   0.0000000  -0.0000000   0.0000000
  -0.0000000   0.0000000   0.0000000  -0.0000000  -0.0000000   0.0000000
  -0.0000000   0.0000000   0.0000000   0.0000000  -0.0000000   0.0000000
   0.0000000   0.0000000  -0.0000000   0.0000000  -0.0000000  -0.0000000
  -0.0000000   0.0000000   0.0000000  -0.0000000   0.0000000  -0.0000000
   0.0000000  -0.0000000  -0.0000000  -0.0000000   0.0000000  -0.0000000
   0.0000000  -0.0000000  -0.0000000  -0.0000000   0.0000000   0.0000000
   0.0000000  -0.0000000  -0.0000000  -0.0000000   0.0000000  -0.0000000
  -0.0000000   0.0000000  -0.0000000  -0.0000000   0.0000000   0.0000000
   0.0000000  -0.0000000  -0.0000000  -0.0000000   0.0000000  -0.0000000
  -0.0000000   0.0000000   0.0000000   0.0000000  -0.0000000  -0.0000000
   0.0000000  -0.0000000  -0.0000000  -0.0000000   0.0000000   0.0000000
  -0.0000000   0.0000000   0.0000000   0.0000000  -0.0000000   0.0000000
  -0.0000000   0.0000000  -0.0000000   0.0000000  -0.0000000  -0.0000000
   0.0000000  -0.0000000  -0.0000000  -0.0000000   0.0000000  -0.0000000
   0.0000000  -0.0000000  -0.0000000   0.0000000  -0.0000000  -0.0000000
  -0.0000000   0.0000000   0.0000000  -0.0000000   0.0000000  -0.0000000
   0.0000000  -0.0000000  -0.0000000   0.0000000  -0.0000000   0.0000000
  -0.0000000  -0.0000000   0.0000000  -0.0000000   0.0000000   0.0000000
  -0.0000000   0.0000000   0.0000000   0.0000000  -0.0000000   0.0000000
  -0.0000000   0.0000000   0.0000000  -0.0000000   0.0000000   0.0000000
  -0.0000000   0.0000000   0.0000000  -0.0000000   0.0000000  -0.0000000
   0.0000000  -0.0000000  -0.0000000   0.0000000  -0.0000000   0.0000000
  -0.0000000   0.0000000   0.0000000   0.0000000  -0.0000000  -0.0000000
   0.0000000  -0.0000000  -0.0000000   0.0000000  -0.0000000  -0.0000000
   0.0000000  -0.0000000  -0.0000000   0.0000000  -0.0000000  -0.0000000
   0.0000000  -0.0000000  -0.0000000
 TTTTTTTTTTTTTTTTTTTTTTTTTTTTTT MOQGAD      TELAPSE      675.78 TCPU      671.78
 TTTTTTTTTTTTTTTTTTTTTTTTTTTTTT SHELLXN     TELAPSE      917.11 TCPU      913.03
 TTTTTTTTTTTTTTTTTTTTTTTTTTTTTT MONMO3      TELAPSE      934.29 TCPU      930.21
 NUMERICALLY INTEGRATED DENSITY    921.0002390998    921.0002390998
 TTTTTTTTTTTTTTTTTTTTTTTTTTTTTT NUMDFT      TELAPSE      966.58 TCPU      962.49
 CYC   2 ETOT(AU) -2.147905379331E+04 DETOT -7.88E-05 tst  2.34E-09 PX  9.45E-03
 CYCLE  2 WAVE FUNCTION SAVED IN FORTRAN UNIT 79
 TTTTTTTTTTTTTTTTTTTTTTTTTTTTTT MPP_TRAF    TELAPSE      972.16 TCPU      967.23
 TTTTTTTTTTTTTTTTTTTTTTTTTTTTTT MPP_DIAG    TELAPSE      977.34 TCPU      972.40
 TTTTTTTTTTTTTTTTTTTTTTTTTTTTTT MPP_DIIS    TELAPSE      977.36 TCPU      972.41
 DIIS TEST: 0.87205E-04 AT SCF   CYCLE   2 - DIIS ACTIVE - HISTORY:     2 CYCLES
 MAXIMUM MEMORY OCCUPIED BY DIIS:     11.005 Mb PER CORE 
 TTTTTTTTTTTTTTTTTTTTTTTTTTTTTT MPP_TRAF    TELAPSE      981.85 TCPU      976.90
 TTTTTTTTTTTTTTTTTTTTTTTTTTTTTT MPP_DIAG    TELAPSE      998.49 TCPU      993.43

    ALPHA      ELECTRONS
 INSULATING STATE
 TOP OF VALENCE BANDS -    BAND    921; K    4; EIG -2.4766054E-01 AU
 TOP OF VALENCE BANDS -    BAND    921; K    1; EIG -2.4775111E-01 AU
 BOTTOM OF VIRTUAL BANDS - BAND    922; K    4; EIG -1.4228039E-01 AU
 DIRECT ENERGY BAND GAP:   2.8675 eV
 BOTTOM OF VIRTUAL BANDS - BAND    922; K    1; EIG -1.4104679E-01 AU

    BETA       ELECTRONS
 INSULATING STATE
 TOP OF VALENCE BANDS -    BAND    921; K    4; EIG -2.4766054E-01 AU
 TOP OF VALENCE BANDS -    BAND    921; K    1; EIG -2.4775111E-01 AU
 BOTTOM OF VIRTUAL BANDS - BAND    922; K    4; EIG -1.4228039E-01 AU
 DIRECT ENERGY BAND GAP:   2.8675 eV
 BOTTOM OF VIRTUAL BANDS - BAND    922; K    1; EIG -1.4104679E-01 AU
 TTTTTTTTTTTTTTTTTTTTTTTTTTTTTT FERMI       TELAPSE      998.49 TCPU      993.43
 TTTTTTTTTTTTTTTTTTTTTTTTTTTTTT MPP_PDIG    TELAPSE      999.86 TCPU      994.80
 TTTTTTTTTTTTTTTTTTTTTTTTTTTTTT MPP_PROT    TELAPSE     1000.13 TCPU      995.07
 TTTTTTTTTTTTTTTTTTTTTTTTTTTTTT MPP_KSPA    TELAPSE     1000.14 TCPU      995.07
 CHARGE NORMALIZATION FACTOR   1.00000000
 TOTAL ATOMIC CHARGES:
   9.1837797   9.3186826   9.2593279   9.2450266   9.3136787   9.1859492
   9.3589903   9.1990906   9.3696099  27.4217213  27.4274833  27.4206360
  27.4436366  27.4240792  27.4377759  27.4271501  27.4381419  27.4236978
   9.3129971   9.3038681   9.2971804   9.2962413   9.3046632   9.2912479
   9.2984827   9.2941841   9.2978769   9.3151679   9.3014622   9.2976565
   9.3248510   9.3003089   9.3233456   9.2934739   9.3336044   9.3152345
  27.4018414  27.4022202  27.3994904  27.4035038  27.4034123  27.4052014
  27.4039398  27.4009198  27.4022176   9.3289342   9.3296134   9.3289387
   9.3293081   9.3308572   9.3311761   9.3314568   9.3278816   9.3313598
   9.3061518   9.3051604   9.3042025   9.3049823   9.3067938   9.3070720
   9.3073312   9.3043472   9.3049764  27.4308780  27.4309829  27.4310790
  27.4313177  27.4312943  27.4309791  27.4310244  27.4306227  27.4313119
   9.2345881   9.2342995   9.2344592   9.2342995   9.2345731   9.2342890
   9.2344870   9.2346476   9.2348675   8.7127524   0.5764648   0.7005835
   8.6250430   0.6756188   0.6812671   0.6960324   8.6188687   0.6592091
   0.6772520   8.6665152   0.6425695   8.6410718   0.6578373   0.6705464
   8.6450558   0.6453860   0.7298854   0.6159729   8.6986338   0.6949971
   8.6701830   0.6374670   0.6677554   8.7705246   0.5615840   0.6585804
   8.6719066   0.6750315   0.6439164   8.5783213   0.7318683   0.6892153
   8.5945577   0.6875172   0.6981349   0.7003614   8.5565988   0.7440594
   0.7338858   8.5642895   0.6945526   8.5980971   0.7069922   0.6989155
   8.5733922   0.7452300   0.6968792   0.6359626   8.6422160   0.7089138
   8.6361954   0.6771401   0.6905860   8.6334684   0.7342122   0.6497618
   8.6052596   0.7234013   0.6442913   8.5812453   0.7350296   0.6918721
   8.6053213   0.6826184   0.6936749   0.7074893   8.5559400   0.7420543
   0.7359476   8.5630021   0.6948007   8.5945095   0.7020097   0.7068454
   8.5713347   0.7413994   0.7121534   0.6305937   8.6468478   0.7098438
   8.6360659   0.6753209   0.6953951   8.6282852   0.7448408   0.6493854
   8.6006912   0.7332485   0.6361849   8.5815235   0.7342883   0.6902440
   8.6046514   0.6842248   0.6926301   0.7071534   8.5528330   0.7453979
   0.7394030   8.5586641   0.6960877   8.5927051   0.7035657   0.7073184
   8.5737753   0.7437374   0.7060059   0.6317446   8.6453690   0.7099840
   8.6365014   0.6745742   0.6955913   8.6299236   0.7440854   0.6477581
   8.5995216   0.7343314   0.6357558   8.5846199   0.7356733   0.6848982
   8.6049400   0.6856485   0.6923976   0.7098755   8.5554670   0.7387953
   0.7382294   8.5607543   0.6943099   8.5958241   0.7000214   0.7083980
   8.5640742   0.7487559   0.7084406   0.6253756   8.6505935   0.7141478
   8.6371738   0.6759935   0.6944206   8.6316843   0.7479310   0.6439894
   8.6005494   0.7323447   0.6360398   8.6131405   0.7119517   0.6763591
   8.6210050   0.6811257   0.6962534   0.6971597   8.5678020   0.7423052
   0.7465064   8.5706005   0.6967102   8.6213246   0.6972570   0.6887807
   8.6324212   0.7313298   0.6381668   0.6405604   8.6632397   0.6827947
   8.6437163   0.6804998   0.6893995   8.6106994   0.6926464   0.6800582
   8.6237482   0.7134541   0.6479326
 SUMMED SPIN DENSITY           0.00000000
 TOTAL ATOMIC SPINS  :
   0.0000000   0.0000000   0.0000000   0.0000000  -0.0000000  -0.0000000
  -0.0000000  -0.0000000   0.0000000  -0.0000000   0.0000000   0.0000000
   0.0000000  -0.0000000   0.0000000  -0.0000000  -0.0000000  -0.0000000
   0.0000000   0.0000000   0.0000000  -0.0000000   0.0000000  -0.0000000
   0.0000000   0.0000000   0.0000000   0.0000000   0.0000000   0.0000000
  -0.0000000   0.0000000  -0.0000000  -0.0000000  -0.0000000   0.0000000
   0.0000000  -0.0000000  -0.0000000   0.0000000   0.0000000   0.0000000
   0.0000000  -0.0000000  -0.0000000  -0.0000000   0.0000000  -0.0000000
  -0.0000000  -0.0000000  -0.0000000   0.0000000   0.0000000  -0.0000000
   0.0000000  -0.0000000   0.0000000   0.0000000  -0.0000000  -0.0000000
   0.0000000  -0.0000000  -0.0000000   0.0000000   0.0000000  -0.0000000
  -0.0000000  -0.0000000   0.0000000   0.0000000   0.0000000   0.0000000
  -0.0000000   0.0000000   0.0000000  -0.0000000   0.0000000  -0.0000000
  -0.0000000  -0.0000000  -0.0000000  -0.0000000  -0.0000000  -0.0000000
  -0.0000000   0.0000000   0.0000000  -0.0000000   0.0000000  -0.0000000
  -0.0000000   0.0000000  -0.0000000   0.0000000  -0.0000000   0.0000000
   0.0000000  -0.0000000   0.0000000   0.0000000  -0.0000000   0.0000000
  -0.0000000   0.0000000   0.0000000  -0.0000000   0.0000000  -0.0000000
   0.0000000  -0.0000000  -0.0000000  -0.0000000   0.0000000   0.0000000
   0.0000000   0.0000000   0.0000000   0.0000000  -0.0000000   0.0000000
  -0.0000000   0.0000000  -0.0000000   0.0000000   0.0000000  -0.0000000
  -0.0000000   0.0000000   0.0000000  -0.0000000   0.0000000  -0.0000000
  -0.0000000   0.0000000   0.0000000  -0.0000000   0.0000000   0.0000000
   0.0000000  -0.0000000   0.0000000   0.0000000  -0.0000000  -0.0000000
   0.0000000  -0.0000000  -0.0000000  -0.0000000   0.0000000  -0.0000000
   0.0000000  -0.0000000   0.0000000   0.0000000  -0.0000000  -0.0000000
   0.0000000  -0.0000000  -0.0000000  -0.0000000   0.0000000  -0.0000000
   0.0000000  -0.0000000  -0.0000000   0.0000000  -0.0000000  -0.0000000
   0.0000000  -0.0000000  -0.0000000  -0.0000000   0.0000000  -0.0000000
  -0.0000000  -0.0000000   0.0000000  -0.0000000   0.0000000  -0.0000000
  -0.0000000   0.0000000  -0.0000000   0.0000000  -0.0000000  -0.0000000
   0.0000000  -0.0000000  -0.0000000  -0.0000000   0.0000000  -0.0000000
   0.0000000  -0.0000000  -0.0000000  -0.0000000   0.0000000   0.0000000
  -0.0000000   0.0000000   0.0000000  -0.0000000   0.0000000   0.0000000
   0.0000000   0.0000000  -0.0000000   0.0000000  -0.0000000  -0.0000000
  -0.0000000   0.0000000   0.0000000  -0.0000000  -0.0000000   0.0000000
  -0.0000000   0.0000000   0.0000000  -0.0000000  -0.0000000   0.0000000
   0.0000000  -0.0000000  -0.0000000   0.0000000  -0.0000000  -0.0000000
   0.0000000  -0.0000000  -0.0000000   0.0000000  -0.0000000  -0.0000000
  -0.0000000  -0.0000000  -0.0000000   0.0000000  -0.0000000   0.0000000
   0.0000000  -0.0000000   0.0000000   0.0000000   0.0000000  -0.0000000
  -0.0000000  -0.0000000   0.0000000   0.0000000  -0.0000000   0.0000000
  -0.0000000  -0.0000000   0.0000000   0.0000000  -0.0000000  -0.0000000
  -0.0000000   0.0000000   0.0000000
 TTTTTTTTTTTTTTTTTTTTTTTTTTTTTT MOQGAD      TELAPSE     1000.21 TCPU      995.14
 TTTTTTTTTTTTTTTTTTTTTTTTTTTTTT SHELLXN     TELAPSE     1241.34 TCPU     1236.19
 TTTTTTTTTTTTTTTTTTTTTTTTTTTTTT MONMO3      TELAPSE     1259.38 TCPU     1254.23
 NUMERICALLY INTEGRATED DENSITY    921.0002391021    921.0002391021
 TTTTTTTTTTTTTTTTTTTTTTTTTTTTTT NUMDFT      TELAPSE     1291.97 TCPU     1286.80
 CYC   3 ETOT(AU) -2.147905409015E+04 DETOT -2.97E-04 tst  1.91E-07 PX  8.27E-02
 CYCLE  3 WAVE FUNCTION SAVED IN FORTRAN UNIT 79
 TTTTTTTTTTTTTTTTTTTTTTTTTTTTTT MPP_TRAF    TELAPSE     1297.56 TCPU     1291.62
 TTTTTTTTTTTTTTTTTTTTTTTTTTTTTT MPP_DIAG    TELAPSE     1303.03 TCPU     1297.08
 TTTTTTTTTTTTTTTTTTTTTTTTTTTTTT MPP_DIIS    TELAPSE     1303.06 TCPU     1297.11
 DIIS TEST: 0.11056E-03 AT SCF   CYCLE   3 - DIIS ACTIVE - HISTORY:     3 CYCLES
 MAXIMUM MEMORY OCCUPIED BY DIIS:     16.507 Mb PER CORE 
 TTTTTTTTTTTTTTTTTTTTTTTTTTTTTT MPP_TRAF    TELAPSE     1307.60 TCPU     1301.65
 TTTTTTTTTTTTTTTTTTTTTTTTTTTTTT MPP_DIAG    TELAPSE     1324.24 TCPU     1318.18

    ALPHA      ELECTRONS
 INSULATING STATE
 TOP OF VALENCE BANDS -    BAND    921; K    4; EIG -2.4768634E-01 AU
 TOP OF VALENCE BANDS -    BAND    921; K    1; EIG -2.4777579E-01 AU
 BOTTOM OF VIRTUAL BANDS - BAND    922; K    4; EIG -1.4233999E-01 AU
 DIRECT ENERGY BAND GAP:   2.8666 eV
 BOTTOM OF VIRTUAL BANDS - BAND    922; K    1; EIG -1.4109928E-01 AU

    BETA       ELECTRONS
 INSULATING STATE
 TOP OF VALENCE BANDS -    BAND    921; K    4; EIG -2.4768634E-01 AU
 TOP OF VALENCE BANDS -    BAND    921; K    1; EIG -2.4777579E-01 AU
 BOTTOM OF VIRTUAL BANDS - BAND    922; K    4; EIG -1.4233999E-01 AU
 DIRECT ENERGY BAND GAP:   2.8666 eV
 BOTTOM OF VIRTUAL BANDS - BAND    922; K    1; EIG -1.4109928E-01 AU
 TTTTTTTTTTTTTTTTTTTTTTTTTTTTTT FERMI       TELAPSE     1324.24 TCPU     1318.18
 TTTTTTTTTTTTTTTTTTTTTTTTTTTTTT MPP_PDIG    TELAPSE     1325.63 TCPU     1319.57
 TTTTTTTTTTTTTTTTTTTTTTTTTTTTTT MPP_PROT    TELAPSE     1325.90 TCPU     1319.84
 TTTTTTTTTTTTTTTTTTTTTTTTTTTTTT MPP_KSPA    TELAPSE     1325.90 TCPU     1319.84
 CHARGE NORMALIZATION FACTOR   1.00000000
 TOTAL ATOMIC CHARGES:
   9.1839312   9.3180825   9.2586547   9.2453434   9.3140330   9.1855904
   9.3589602   9.1982313   9.3695684  27.4233791  27.4243208  27.4185787
  27.4435420  27.4203222  27.4376878  27.4237516  27.4410413  27.4283485
   9.3137919   9.3044098   9.2970477   9.2969306   9.3056648   9.2917266
   9.2988526   9.2940498   9.2983171   9.3156836   9.3021905   9.2983334
   9.3254319   9.3011468   9.3238366   9.2942447   9.3339064   9.3156449
  27.4017064  27.4018732  27.3995768  27.4027232  27.4028802  27.4041300
  27.4030758  27.4006605  27.4018629   9.3290987   9.3296007   9.3291025
   9.3294737   9.3311064   9.3313310   9.3316076   9.3280021   9.3315323
   9.3062368   9.3052229   9.3042525   9.3050643   9.3068514   9.3071262
   9.3074166   9.3043779   9.3050159  27.4306398  27.4310850  27.4310853
  27.4312197  27.4312943  27.4308466  27.4309928  27.4306689  27.4312424
   9.2344213   9.2341667   9.2342599   9.2341167   9.2343853   9.2340743
   9.2343224   9.2344560   9.2346226   8.7128515   0.5764351   0.7005679
   8.6249988   0.6756216   0.6812784   0.6960316   8.6189914   0.6591931
   0.6772137   8.6665624   0.6425637   8.6411346   0.6577904   0.6705097
   8.6450815   0.6453689   0.7298806   0.6159645   8.6985975   0.6950029
   8.6702354   0.6374694   0.6677661   8.7706347   0.5615372   0.6585730
   8.6720252   0.6749939   0.6438585   8.5783626   0.7318536   0.6892071
   8.5945232   0.6875287   0.6981462   0.7003602   8.5565869   0.7440669
   0.7338995   8.5642676   0.6945599   8.5980525   0.7070021   0.6989322
   8.5733482   0.7452414   0.6968912   0.6359640   8.6422381   0.7089092
   8.6361891   0.6771429   0.6905936   8.6335161   0.7342008   0.6497481
   8.6052353   0.7234047   0.6442947   8.5812706   0.7350267   0.6918629
   8.6052893   0.6826270   0.6936852   0.7074761   8.5559688   0.7420483
   0.7359435   8.5630103   0.6948005   8.5944927   0.7020199   0.7068496
   8.5712888   0.7414256   0.7121628   0.6305884   8.6468517   0.7098418
   8.6360352   0.6753360   0.6954053   8.6283314   0.7448359   0.6493789
   8.6006600   0.7332687   0.6361973   8.5815351   0.7342889   0.6902378
   8.6046314   0.6842292   0.6926385   0.7071476   8.5528490   0.7453912
   0.7394052   8.5586539   0.6960939   8.5926661   0.7035912   0.7073261
   8.5737348   0.7437567   0.7060157   0.6317461   8.6453397   0.7099922
   8.6365040   0.6745824   0.6955875   8.6299536   0.7440728   0.6477565
   8.5994862   0.7343460   0.6357686   8.5846373   0.7356707   0.6848894
   8.6049250   0.6856526   0.6924055   0.7098650   8.5554991   0.7387827
   0.7382247   8.5607648   0.6943084   8.5958015   0.7000331   0.7084031
   8.5640200   0.7487795   0.7084529   0.6253621   8.6506424   0.7141358
   8.6371714   0.6759982   0.6944194   8.6317204   0.7479221   0.6439822
   8.6005064   0.7323609   0.6360539   8.6131331   0.7119594   0.6763597
   8.6210053   0.6811245   0.6962555   0.6971605   8.5678020   0.7423060
   0.7465103   8.5705861   0.6967174   8.6212695   0.6972899   0.6887944
   8.6323932   0.7313460   0.6381740   0.6405631   8.6632173   0.6828046
   8.6437116   0.6805089   0.6893970   8.6106815   0.6926507   0.6800665
   8.6237120   0.7134692   0.6479480
 SUMMED SPIN DENSITY           0.00000000
 TOTAL ATOMIC SPINS  :
   0.0000000   0.0000000   0.0000000   0.0000000  -0.0000000  -0.0000000
  -0.0000000  -0.0000000  -0.0000000  -0.0000000   0.0000000   0.0000000
   0.0000000  -0.0000000   0.0000000  -0.0000000  -0.0000000  -0.0000000
   0.0000000   0.0000000   0.0000000  -0.0000000   0.0000000  -0.0000000
   0.0000000   0.0000000  -0.0000000   0.0000000  -0.0000000   0.0000000
  -0.0000000   0.0000000  -0.0000000  -0.0000000  -0.0000000   0.0000000
   0.0000000  -0.0000000   0.0000000  -0.0000000   0.0000000   0.0000000
   0.0000000  -0.0000000  -0.0000000  -0.0000000   0.0000000  -0.0000000
  -0.0000000  -0.0000000  -0.0000000   0.0000000   0.0000000  -0.0000000
   0.0000000  -0.0000000   0.0000000   0.0000000  -0.0000000  -0.0000000
   0.0000000  -0.0000000  -0.0000000  -0.0000000   0.0000000  -0.0000000
   0.0000000  -0.0000000   0.0000000   0.0000000   0.0000000   0.0000000
   0.0000000   0.0000000   0.0000000  -0.0000000   0.0000000   0.0000000
  -0.0000000  -0.0000000  -0.0000000  -0.0000000   0.0000000   0.0000000
  -0.0000000   0.0000000   0.0000000  -0.0000000   0.0000000   0.0000000
  -0.0000000   0.0000000  -0.0000000  -0.0000000  -0.0000000   0.0000000
   0.0000000  -0.0000000  -0.0000000   0.0000000   0.0000000  -0.0000000
   0.0000000  -0.0000000  -0.0000000  -0.0000000   0.0000000   0.0000000
   0.0000000  -0.0000000  -0.0000000  -0.0000000   0.0000000  -0.0000000
  -0.0000000   0.0000000   0.0000000   0.0000000  -0.0000000   0.0000000
  -0.0000000  -0.0000000   0.0000000   0.0000000   0.0000000  -0.0000000
  -0.0000000   0.0000000   0.0000000   0.0000000  -0.0000000   0.0000000
  -0.0000000   0.0000000   0.0000000  -0.0000000   0.0000000   0.0000000
   0.0000000  -0.0000000  -0.0000000   0.0000000  -0.0000000   0.0000000
   0.0000000  -0.0000000  -0.0000000  -0.0000000   0.0000000  -0.0000000
   0.0000000  -0.0000000   0.0000000  -0.0000000   0.0000000  -0.0000000
   0.0000000  -0.0000000  -0.0000000  -0.0000000   0.0000000  -0.0000000
   0.0000000  -0.0000000  -0.0000000   0.0000000  -0.0000000  -0.0000000
   0.0000000  -0.0000000  -0.0000000  -0.0000000   0.0000000   0.0000000
  -0.0000000   0.0000000   0.0000000   0.0000000  -0.0000000   0.0000000
  -0.0000000   0.0000000  -0.0000000   0.0000000  -0.0000000  -0.0000000
   0.0000000  -0.0000000  -0.0000000  -0.0000000   0.0000000  -0.0000000
   0.0000000  -0.0000000  -0.0000000   0.0000000  -0.0000000  -0.0000000
  -0.0000000   0.0000000   0.0000000  -0.0000000   0.0000000   0.0000000
   0.0000000  -0.0000000  -0.0000000  -0.0000000   0.0000000  -0.0000000
  -0.0000000   0.0000000  -0.0000000  -0.0000000  -0.0000000   0.0000000
  -0.0000000   0.0000000   0.0000000   0.0000000  -0.0000000   0.0000000
   0.0000000  -0.0000000  -0.0000000  -0.0000000   0.0000000   0.0000000
   0.0000000  -0.0000000  -0.0000000   0.0000000   0.0000000  -0.0000000
   0.0000000  -0.0000000  -0.0000000  -0.0000000  -0.0000000   0.0000000
   0.0000000  -0.0000000  -0.0000000   0.0000000   0.0000000  -0.0000000
  -0.0000000  -0.0000000   0.0000000   0.0000000  -0.0000000  -0.0000000
  -0.0000000  -0.0000000   0.0000000   0.0000000  -0.0000000  -0.0000000
  -0.0000000   0.0000000   0.0000000
 TTTTTTTTTTTTTTTTTTTTTTTTTTTTTT MOQGAD      TELAPSE     1325.97 TCPU     1319.90
 TTTTTTTTTTTTTTTTTTTTTTTTTTTTTT SHELLXN     TELAPSE     1567.47 TCPU     1561.31
 TTTTTTTTTTTTTTTTTTTTTTTTTTTTTT MONMO3      TELAPSE     1584.39 TCPU     1578.23
 NUMERICALLY INTEGRATED DENSITY    921.0002391060    921.0002391060
 TTTTTTTTTTTTTTTTTTTTTTTTTTTTTT NUMDFT      TELAPSE     1616.78 TCPU     1610.61
 CYC   4 ETOT(AU) -2.147905409511E+04 DETOT -4.96E-06 tst  8.76E-09 PX  1.35E-03
 CYCLE  4 WAVE FUNCTION SAVED IN FORTRAN UNIT 79
 TTTTTTTTTTTTTTTTTTTTTTTTTTTTTT MPP_TRAF    TELAPSE     1622.33 TCPU     1615.44
 TTTTTTTTTTTTTTTTTTTTTTTTTTTTTT MPP_DIAG    TELAPSE     1628.04 TCPU     1621.14
 TTTTTTTTTTTTTTTTTTTTTTTTTTTTTT MPP_DIIS    TELAPSE     1628.06 TCPU     1621.16
 DIIS TEST: 0.11090E-03 AT SCF   CYCLE   4 - DIIS ACTIVE - HISTORY:     4 CYCLES
 MAXIMUM MEMORY OCCUPIED BY DIIS:     22.010 Mb PER CORE 
 TTTTTTTTTTTTTTTTTTTTTTTTTTTTTT MPP_TRAF    TELAPSE     1632.66 TCPU     1625.76
 TTTTTTTTTTTTTTTTTTTTTTTTTTTTTT MPP_DIAG    TELAPSE     1649.42 TCPU     1642.41

    ALPHA      ELECTRONS
 INSULATING STATE
 TOP OF VALENCE BANDS -    BAND    921; K    4; EIG -2.4760829E-01 AU
 TOP OF VALENCE BANDS -    BAND    921; K    1; EIG -2.4769808E-01 AU
 BOTTOM OF VIRTUAL BANDS - BAND    922; K    4; EIG -1.4216764E-01 AU
 DIRECT ENERGY BAND GAP:   2.8692 eV
 BOTTOM OF VIRTUAL BANDS - BAND    922; K    1; EIG -1.4093482E-01 AU

    BETA       ELECTRONS
 INSULATING STATE
 TOP OF VALENCE BANDS -    BAND    921; K    4; EIG -2.4760829E-01 AU
 TOP OF VALENCE BANDS -    BAND    921; K    1; EIG -2.4769808E-01 AU
 BOTTOM OF VIRTUAL BANDS - BAND    922; K    4; EIG -1.4216764E-01 AU
 DIRECT ENERGY BAND GAP:   2.8692 eV
 BOTTOM OF VIRTUAL BANDS - BAND    922; K    1; EIG -1.4093482E-01 AU
 TTTTTTTTTTTTTTTTTTTTTTTTTTTTTT FERMI       TELAPSE     1649.43 TCPU     1642.41
 TTTTTTTTTTTTTTTTTTTTTTTTTTTTTT MPP_PDIG    TELAPSE     1650.81 TCPU     1643.80
 TTTTTTTTTTTTTTTTTTTTTTTTTTTTTT MPP_PROT    TELAPSE     1651.09 TCPU     1644.07
 TTTTTTTTTTTTTTTTTTTTTTTTTTTTTT MPP_KSPA    TELAPSE     1651.09 TCPU     1644.07
 CHARGE NORMALIZATION FACTOR   1.00000000
 TOTAL ATOMIC CHARGES:
   9.1840520   9.3184352   9.2590451   9.2453732   9.3140478   9.1859497
   9.3590328   9.1990458   9.3697061  27.4227902  27.4255670  27.4193623
  27.4436793  27.4221308  27.4377978  27.4253169  27.4399404  27.4262240
   9.3132525   9.3040619   9.2969670   9.2964283   9.3050733   9.2913821
   9.2985285   9.2939956   9.2979891   9.3153829   9.3018061   9.2979941
   9.3251809   9.3007061   9.3236372   9.2938332   9.3337792   9.3154099
  27.4012208  27.4014144  27.3991435  27.4023745  27.4024027  27.4038731
  27.4028839  27.4003138  27.4014437   9.3292237   9.3298337   9.3291991
   9.3296156   9.3312034   9.3314752   9.3317467   9.3281563   9.3316687
   9.3061976   9.3052204   9.3042246   9.3050555   9.3068513   9.3071551
   9.3074067   9.3043787   9.3050157  27.4308018  27.4310886  27.4311270
  27.4313231  27.4313753  27.4309872  27.4311219  27.4307117  27.4314049
   9.2347324   9.2344569   9.2345831   9.2344209   9.2346972   9.2344018
   9.2346280   9.2347831   9.2349787   8.7128366   0.5764613   0.7005685
   8.6250454   0.6756082   0.6812740   0.6960316   8.6189622   0.6592088
   0.6772211   8.6665553   0.6425916   8.6411392   0.6578121   0.6705239
   8.6450721   0.6453887   0.7298806   0.6159681   8.6986233   0.6950031
   8.6702310   0.6374733   0.6677636   8.7705981   0.5615701   0.6585757
   8.6719923   0.6750173   0.6438847   8.5783509   0.7318558   0.6892087
   8.5945333   0.6875247   0.6981437   0.7003618   8.5565880   0.7440670
   0.7338937   8.5642747   0.6945595   8.5980802   0.7069928   0.6989171
   8.5733626   0.7452406   0.6968864   0.6359650   8.6422382   0.7089103
   8.6361934   0.6771410   0.6905907   8.6335005   0.7342056   0.6497516
   8.6052470   0.7234008   0.6442912   8.5812622   0.7350282   0.6918655
   8.6053005   0.6826236   0.6936816   0.7074791   8.5559604   0.7420514
   0.7359433   8.5630077   0.6948017   8.5945009   0.7020162   0.7068463
   8.5713024   0.7414195   0.7121587   0.6305894   8.6468505   0.7098419
   8.6360441   0.6753321   0.6954016   8.6283134   0.7448420   0.6493831
   8.6006679   0.7332647   0.6361953   8.5815308   0.7342889   0.6902398
   8.6046375   0.6842277   0.6926363   0.7071493   8.5528450   0.7453929
   0.7394030   8.5586570   0.6960929   8.5926767   0.7035853   0.7073231
   8.5737465   0.7437518   0.7060125   0.6317446   8.6453464   0.7099883
   8.6365026   0.6745830   0.6955876   8.6299437   0.7440770   0.6477576
   8.5994990   0.7343410   0.6357635   8.5846320   0.7356717   0.6848917
   8.6049299   0.6856513   0.6924038   0.7098680   8.5554897   0.7387867
   0.7382255   8.5607612   0.6943096   8.5958108   0.7000293   0.7083999
   8.5640371   0.7487728   0.7084483   0.6253660   8.6506258   0.7141405
   8.6371728   0.6759971   0.6944192   8.6317072   0.7479257   0.6439854
   8.6005185   0.7323556   0.6360506   8.6131347   0.7119578   0.6763593
   8.6210053   0.6811249   0.6962550   0.6971607   8.5678018   0.7423059
   0.7465081   8.5705904   0.6967157   8.6212848   0.6972817   0.6887896
   8.6324003   0.7313424   0.6381721   0.6405616   8.6632225   0.6828010
   8.6437113   0.6805093   0.6893969   8.6106868   0.6926493   0.6800642
   8.6237225   0.7134647   0.6479441
 SUMMED SPIN DENSITY           0.00000000
 TOTAL ATOMIC SPINS  :
   0.0000000   0.0000000   0.0000000   0.0000000  -0.0000000  -0.0000000
  -0.0000000  -0.0000000   0.0000000  -0.0000000   0.0000000   0.0000000
   0.0000000  -0.0000000   0.0000000  -0.0000000  -0.0000000  -0.0000000
   0.0000000   0.0000000   0.0000000  -0.0000000   0.0000000  -0.0000000
   0.0000000   0.0000000   0.0000000   0.0000000  -0.0000000   0.0000000
  -0.0000000   0.0000000   0.0000000  -0.0000000  -0.0000000   0.0000000
   0.0000000  -0.0000000   0.0000000   0.0000000  -0.0000000   0.0000000
   0.0000000  -0.0000000  -0.0000000  -0.0000000   0.0000000  -0.0000000
  -0.0000000  -0.0000000  -0.0000000   0.0000000   0.0000000  -0.0000000
   0.0000000  -0.0000000   0.0000000   0.0000000   0.0000000  -0.0000000
   0.0000000  -0.0000000  -0.0000000   0.0000000   0.0000000  -0.0000000
   0.0000000  -0.0000000   0.0000000   0.0000000   0.0000000   0.0000000
  -0.0000000   0.0000000   0.0000000  -0.0000000   0.0000000   0.0000000
  -0.0000000  -0.0000000   0.0000000  -0.0000000  -0.0000000   0.0000000
  -0.0000000   0.0000000   0.0000000  -0.0000000  -0.0000000   0.0000000
  -0.0000000   0.0000000  -0.0000000  -0.0000000   0.0000000   0.0000000
   0.0000000  -0.0000000  -0.0000000   0.0000000  -0.0000000  -0.0000000
   0.0000000  -0.0000000  -0.0000000  -0.0000000   0.0000000   0.0000000
   0.0000000  -0.0000000  -0.0000000  -0.0000000   0.0000000   0.0000000
  -0.0000000   0.0000000   0.0000000  -0.0000000  -0.0000000   0.0000000
   0.0000000  -0.0000000   0.0000000   0.0000000   0.0000000  -0.0000000
  -0.0000000   0.0000000   0.0000000  -0.0000000   0.0000000   0.0000000
  -0.0000000   0.0000000   0.0000000  -0.0000000   0.0000000   0.0000000
   0.0000000  -0.0000000   0.0000000  -0.0000000  -0.0000000   0.0000000
   0.0000000  -0.0000000  -0.0000000  -0.0000000   0.0000000  -0.0000000
   0.0000000  -0.0000000   0.0000000  -0.0000000   0.0000000  -0.0000000
   0.0000000   0.0000000  -0.0000000  -0.0000000   0.0000000  -0.0000000
   0.0000000  -0.0000000  -0.0000000   0.0000000  -0.0000000  -0.0000000
   0.0000000  -0.0000000  -0.0000000  -0.0000000  -0.0000000   0.0000000
  -0.0000000  -0.0000000   0.0000000   0.0000000  -0.0000000   0.0000000
  -0.0000000   0.0000000  -0.0000000   0.0000000  -0.0000000  -0.0000000
   0.0000000  -0.0000000  -0.0000000  -0.0000000   0.0000000  -0.0000000
   0.0000000  -0.0000000  -0.0000000   0.0000000  -0.0000000   0.0000000
  -0.0000000   0.0000000   0.0000000  -0.0000000   0.0000000   0.0000000
   0.0000000  -0.0000000  -0.0000000  -0.0000000   0.0000000  -0.0000000
  -0.0000000   0.0000000  -0.0000000  -0.0000000  -0.0000000   0.0000000
  -0.0000000   0.0000000   0.0000000   0.0000000  -0.0000000   0.0000000
   0.0000000  -0.0000000  -0.0000000   0.0000000  -0.0000000  -0.0000000
   0.0000000  -0.0000000  -0.0000000   0.0000000   0.0000000  -0.0000000
   0.0000000  -0.0000000  -0.0000000   0.0000000  -0.0000000   0.0000000
   0.0000000  -0.0000000   0.0000000   0.0000000   0.0000000  -0.0000000
   0.0000000  -0.0000000   0.0000000   0.0000000  -0.0000000  -0.0000000
   0.0000000  -0.0000000   0.0000000  -0.0000000   0.0000000  -0.0000000
  -0.0000000   0.0000000   0.0000000
 TTTTTTTTTTTTTTTTTTTTTTTTTTTTTT MOQGAD      TELAPSE     1651.16 TCPU     1644.13
 TTTTTTTTTTTTTTTTTTTTTTTTTTTTTT SHELLXN     TELAPSE     1892.48 TCPU     1885.38

 ::: DIPOLE MOMENT ALONG NON PERIODIC DIRECTIONS:
 ::: A.U.     (Z)  3.41664E-01
 ::: DEBYE        -8.68422E-01

 +++ ENERGIES IN A.U. +++
 ::: EXT EL-POLE                                  -4.2141300855599E+05
 ::: EXT EL-SPHEROPOLE                             0.0000000000000E+00
 ::: BIELET ZONE E-E                               5.1689569643758E+04
 ::: TOTAL E-E                                    -3.6972343891223E+05
 ::: TOTAL E-N + N-E                               7.2000394489386E+05
 ::: TOTAL N-N                                    -3.8363457855699E+05
 ::: KINETIC ENERGY                                1.3497234139830E+04
 ::: PSEUDO TOTAL   ENERGY                        -1.9856838435534E+04
 ::: VIRIAL COEFFICIENT                            8.0933050135528E-01
 TTTTTTTTTTTTTTTTTTTTTTTTTTTTTT MONMO3      TELAPSE     1909.86 TCPU     1902.75
 NUMERICALLY INTEGRATED DENSITY    921.0002391164    921.0002391164
 TTTTTTTTTTTTTTTTTTTTTTTTTTTTTT NUMDFT      TELAPSE     1942.27 TCPU     1935.14
 CYC   5 ETOT(AU) -2.147905410513E+04 DETOT -1.00E-05 tst  1.50E-09 PX  1.35E-03

 == SCF ENDED - CONVERGENCE ON ENERGY      E(AU) -2.1479054105130E+04 CYCLES   5


 ENERGY EXPRESSION=HARTREE+FOCK EXCH*0.12000+(BECKE      EXCH)*0.88000+LYP        CORR


 TOTAL ENERGY(DFT)(AU)(  5) -2.1479054105130E+04 DE-1.0E-05 tester 1.5E-09
 TTTTTTTTTTTTTTTTTTTTTTTTTTTTTT EDFT        TELAPSE     1942.33 TCPU     1935.21

 *******************************************************************************
 *                             FORCE CALCULATION                               *
