 INFORMATION **** EXCBUF **** EXCH. BIPO BUFFER: WORDS USED =     4000000
 WARNING **** EXCBUF **** EXCH. BIPO BUFFER TOO SMALL - TO AVOID RECALC SET EXCHSIZE =    23939649

 DFT PARAMETERS

     ATOM       ELECTRONS   NET CHARGE   R(ANGSTROM)
   1   8  O       8.0000      0.0000     0.74000000
  10 258  CE     30.0000      0.0000     1.82000000
  83   1  H       1.0000      0.0000     1.11000000

 SIZE OF GRID=    6136373
 TTTTTTTTTTTTTTTTTTTTTTTTTTTTTT MAKE_GRID2_MTELAPSE    89294.57 TCPU    89147.34
 BECKE WEIGHT FUNCTION
 RADSAFE =     2.00
 TOLERANCES - DENSITY:10**- 6; POTENTIAL:10**- 9; GRID WGT:10**-14

 RADIAL INTEGRATION  - INTERVALS (POINTS,UPPER LIMIT):            1( 75,  4.0*R)

 ANGULAR INTEGRATION - INTERVALS (ACCURACY LEVEL [N. POINTS] UPPER LIMIT):
  1(  4[  86]   0.2)  2(  8[ 194]   0.5)  3( 12[ 350]   0.9)  4( 16[ 974]   3.5)
  5( 12[ 350]9999.0)

 *******************************************************************************
 Ceria bulk                                                                      
 CRYSTAL - SCF - TYPE OF CALCULATION :  UNRESTRICTED OPEN SHELL
 *******************************************************************************

 CAPPA:IS1  2;IS2  2;IS3  1; K PTS MONK NET   4; SYMMOPS:K SPACE   2;G SPACE   1

 TTTTTTTTTTTTTTTTTTTTTTTTTTTTTT SDIK        TELAPSE    89298.93 TCPU    89151.69

 INFORMATION FROM INTEGRAL EVALUATION

 RESTART FROM A PREVIOUS DENSITY MATRIX - DEP ACTIVE
 NUMBER OF COUPLE SETS (NEW, OLD, FOUND):  259521  259521  259521
 NUMBER OF IRREDUCIBLE G VECTORS        :  357897  357897  357897
 CHARGE NORMALIZATION FACTOR   1.00000865
 TOTAL ATOMIC CHARGES:
   9.1705939   9.3347601   9.2432397   9.2241524   9.2972487   9.1740855
   9.3535262   9.1870300   9.3626140  27.4266315  27.4284144  27.4215819
  27.4517669  27.4321283  27.4431433  27.4294447  27.4429225  27.4411367
   9.3135234   9.3007496   9.2951571   9.2981247   9.3051423   9.2943205
   9.2973852   9.2884700   9.2995006   9.3119758   9.3018886   9.2972909
   9.3245237   9.3031495   9.3188504   9.2884363   9.3314393   9.3151453
  27.4035803  27.4033423  27.4017599  27.4048861  27.4043129  27.4061694
  27.4058140  27.4030985  27.4051322   9.3279729   9.3299257   9.3265878
   9.3284836   9.3296894   9.3307211   9.3312184   9.3270530   9.3310150
   9.3050886   9.3043164   9.3030581   9.3045456   9.3063438   9.3064427
   9.3066098   9.3033551   9.3037059  27.4334683  27.4338431  27.4338213
  27.4340608  27.4341993  27.4337031  27.4335977  27.4333730  27.4340642
   9.2335948   9.2333083   9.2334143   9.2332952   9.2335683   9.2332603
   9.2335573   9.2336760   9.2338918   8.7388546   0.5727190   0.6827447
   8.6648392   0.6637853   0.6611129   0.6601066   8.6629688   0.6811116
   0.6636887   8.7111842   0.6475985   8.6410142   0.6564172   0.6680568
   8.7474852   0.6305673   0.6386320   0.5932518   8.7353020   0.6803166
   8.6455644   0.6470724   0.6829569   8.8092154   0.5377586   0.6594767
   8.6470150   0.7121764   0.6414458   8.5851894   0.7242159   0.6824067
   8.6135097   0.6687737   0.7067037   0.6818300   8.6093428   0.7153121
   0.6968944   8.5863121   0.6673038   8.6390551   0.6666498   0.6966435
   8.6863774   0.6960046   0.6395003   0.6019109   8.7175858   0.6975091
   8.6236066   0.6748991   0.7087475   8.6491186   0.7134598   0.6453224
   8.6375961   0.6852457   0.6497432   8.5834428   0.7289886   0.6829755
   8.6195023   0.6763589   0.6967407   0.6527345   8.5632831   0.7176991
   0.6825922   8.6419412   0.6682978   8.6050101   0.7099104   0.6897021
   8.6902424   0.7006479   0.6370873   0.5852775   8.7358938   0.6913152
   8.6124246   0.6767127   0.7082426   8.6607534   0.7100228   0.6475947
   8.6274802   0.7020384   0.6433569   8.5884159   0.7283125   0.6797988
   8.6196076   0.6658533   0.7060400   0.6835743   8.6145893   0.7180684
   0.6984673   8.5977559   0.6724066   8.6260851   0.6960276   0.6850579
   8.6845722   0.6857445   0.6535020   0.5876975   8.7410295   0.6906235
   8.6288372   0.6858351   0.7102873   8.6582373   0.7163360   0.6435406
   8.6229734   0.7033585   0.6429854   8.5893020   0.7241281   0.6815908
   8.6274548   0.6680892   0.7007121   0.6406236   8.6264991   0.7207377
   0.7011491   8.6029214   0.6678461   8.6045806   0.6802713   0.6946451
   8.6699275   0.6969914   0.6537994   0.5777282   8.7468679   0.6875025
   8.6262395   0.6862511   0.7039821   8.6507291   0.7203640   0.6400057
   8.6380334   0.6965868   0.6299121   8.6149522   0.7013314   0.6807944
   8.6112434   0.6865741   0.7070568   0.6385287   8.6508467   0.7038797
   0.7114499   8.6297469   0.6653069   8.6436489   0.6713713   0.6865980
   8.6762631   0.6633512   0.6662677   0.6250070   8.6994918   0.6790524
   8.6407559   0.6764487   0.6930173   8.6143687   0.6889375   0.6832173
   8.6608030   0.6949834   0.6447156
 SUMMED SPIN DENSITY           0.00000000
 TOTAL ATOMIC SPINS  :
  -0.0000000   0.0000000   0.0000000  -0.0000000  -0.0000000  -0.0000000
  -0.0000000  -0.0000000   0.0000000   0.0000000   0.0000000   0.0000000
   0.0000000   0.0000000   0.0000000  -0.0000000  -0.0000000   0.0000000
   0.0000000  -0.0000000  -0.0000000  -0.0000000  -0.0000000   0.0000000
   0.0000000   0.0000000   0.0000000   0.0000000  -0.0000000   0.0000000
  -0.0000000  -0.0000000  -0.0000000  -0.0000000  -0.0000000   0.0000000
  -0.0000000   0.0000000   0.0000000   0.0000000   0.0000000   0.0000000
   0.0000000   0.0000000   0.0000000  -0.0000000   0.0000000   0.0000000
   0.0000000  -0.0000000  -0.0000000  -0.0000000   0.0000000   0.0000000
   0.0000000   0.0000000   0.0000000  -0.0000000   0.0000000  -0.0000000
  -0.0000000   0.0000000  -0.0000000  -0.0000000   0.0000000   0.0000000
  -0.0000000  -0.0000000   0.0000000  -0.0000000  -0.0000000   0.0000000
   0.0000000  -0.0000000  -0.0000000  -0.0000000   0.0000000   0.0000000
   0.0000000   0.0000000   0.0000000  -0.0000000   0.0000000   0.0000000
  -0.0000000   0.0000000   0.0000000   0.0000000  -0.0000000  -0.0000000
  -0.0000000   0.0000000  -0.0000000   0.0000000  -0.0000000  -0.0000000
   0.0000000  -0.0000000  -0.0000000  -0.0000000   0.0000000  -0.0000000
  -0.0000000   0.0000000   0.0000000   0.0000000  -0.0000000  -0.0000000
  -0.0000000   0.0000000   0.0000000   0.0000000  -0.0000000  -0.0000000
   0.0000000  -0.0000000  -0.0000000   0.0000000   0.0000000   0.0000000
  -0.0000000   0.0000000  -0.0000000  -0.0000000   0.0000000  -0.0000000
   0.0000000  -0.0000000  -0.0000000  -0.0000000   0.0000000  -0.0000000
   0.0000000  -0.0000000  -0.0000000   0.0000000  -0.0000000  -0.0000000
  -0.0000000   0.0000000   0.0000000  -0.0000000   0.0000000  -0.0000000
  -0.0000000   0.0000000   0.0000000   0.0000000  -0.0000000   0.0000000
  -0.0000000  -0.0000000   0.0000000  -0.0000000   0.0000000   0.0000000
   0.0000000  -0.0000000  -0.0000000   0.0000000   0.0000000  -0.0000000
  -0.0000000   0.0000000  -0.0000000   0.0000000  -0.0000000  -0.0000000
   0.0000000   0.0000000   0.0000000   0.0000000  -0.0000000  -0.0000000
   0.0000000  -0.0000000  -0.0000000  -0.0000000   0.0000000   0.0000000
   0.0000000  -0.0000000   0.0000000   0.0000000  -0.0000000  -0.0000000
   0.0000000  -0.0000000  -0.0000000  -0.0000000   0.0000000   0.0000000
   0.0000000  -0.0000000   0.0000000  -0.0000000   0.0000000   0.0000000
  -0.0000000   0.0000000   0.0000000  -0.0000000   0.0000000  -0.0000000
   0.0000000  -0.0000000  -0.0000000  -0.0000000   0.0000000  -0.0000000
  -0.0000000   0.0000000   0.0000000  -0.0000000  -0.0000000   0.0000000
   0.0000000  -0.0000000  -0.0000000  -0.0000000   0.0000000  -0.0000000
   0.0000000  -0.0000000  -0.0000000   0.0000000  -0.0000000  -0.0000000
  -0.0000000   0.0000000   0.0000000  -0.0000000   0.0000000   0.0000000
  -0.0000000   0.0000000   0.0000000  -0.0000000   0.0000000  -0.0000000
  -0.0000000   0.0000000  -0.0000000   0.0000000  -0.0000000   0.0000000
  -0.0000000  -0.0000000   0.0000000   0.0000000   0.0000000   0.0000000
   0.0000000  -0.0000000  -0.0000000   0.0000000  -0.0000000  -0.0000000
  -0.0000000   0.0000000   0.0000000
 TTTTTTTTTTTTTTTTTTTTTTTTTTTTTT MOQGAD      TELAPSE    89300.56 TCPU    89153.32
 TTTTTTTTTTTTTTTTTTTTTTTTTTTTTT SHELLXN     TELAPSE    89539.23 TCPU    89391.88
 TTTTTTTTTTTTTTTTTTTTTTTTTTTTTT MONMO3      TELAPSE    89562.04 TCPU    89414.69
 NUMERICALLY INTEGRATED DENSITY    921.0003874018    921.0003874018
 TTTTTTTTTTTTTTTTTTTTTTTTTTTTTT NUMDFT      TELAPSE    89594.90 TCPU    89447.54
 CYC   0 ETOT(AU) -2.147967144642E+04 DETOT -2.15E+04 tst  3.12E-10 PX  1.00E+00
 CYCLE  0 WAVE FUNCTION SAVED IN FORTRAN UNIT 79
 TTTTTTTTTTTTTTTTTTTTTTTTTTTTTT MPP_TRAF    TELAPSE    89599.67 TCPU    89452.25
 TTTTTTTTTTTTTTTTTTTTTTTTTTTTTT MPP_DIAG    TELAPSE    89599.67 TCPU    89452.25
 TTTTTTTTTTTTTTTTTTTTTTTTTTTTTT MPP_DIIS    TELAPSE    89599.68 TCPU    89452.25
 TTTTTTTTTTTTTTTTTTTTTTTTTTTTTT MPP_TRAF    TELAPSE    89605.85 TCPU    89458.42
 TTTTTTTTTTTTTTTTTTTTTTTTTTTTTT MPP_DIAG    TELAPSE    89622.59 TCPU    89475.06

    ALPHA      ELECTRONS
 INSULATING STATE
 TOP OF VALENCE BANDS -    BAND    921; K    1; EIG -1.4032178E+01 AU
 BOTTOM OF VIRTUAL BANDS - BAND    922; K    3; EIG -7.8993475E+00 AU
 INDIRECT ENERGY BAND GAP: 166.8829 eV
 BOTTOM OF VIRTUAL BANDS - BAND    922; K    1; EIG -7.8272008E+00 AU

    BETA       ELECTRONS
 INSULATING STATE
 TOP OF VALENCE BANDS -    BAND    921; K    1; EIG -1.4032178E+01 AU
 BOTTOM OF VIRTUAL BANDS - BAND    922; K    3; EIG -7.8993475E+00 AU
 INDIRECT ENERGY BAND GAP: 166.8829 eV
 BOTTOM OF VIRTUAL BANDS - BAND    922; K    1; EIG -7.8272008E+00 AU
 TTTTTTTTTTTTTTTTTTTTTTTTTTTTTT FERMI       TELAPSE    89622.59 TCPU    89475.06
 TTTTTTTTTTTTTTTTTTTTTTTTTTTTTT MPP_PDIG    TELAPSE    89623.99 TCPU    89476.46
 TTTTTTTTTTTTTTTTTTTTTTTTTTTTTT MPP_PROT    TELAPSE    89624.27 TCPU    89476.73
 TTTTTTTTTTTTTTTTTTTTTTTTTTTTTT MPP_KSPA    TELAPSE    89624.27 TCPU    89476.73
 CHARGE NORMALIZATION FACTOR   1.00000000
 TOTAL ATOMIC CHARGES:
   9.1762367   9.3177896   9.2442333   9.2427712   9.2998453   9.1795974
   9.3546439   9.1965800   9.3632961  27.4226368  27.4445495  27.4249132
  27.4531622  27.4313994  27.4455078  27.4366654  27.4398287  27.4079452
   9.3124363   9.2995795   9.2955298   9.2974784   9.3042293   9.2938918
   9.2963686   9.2873823   9.2996650   9.3122669   9.3021362   9.2971252
   9.3239084   9.3036560   9.3178435   9.2888315   9.3315562   9.3152730
  27.4016240  27.4013034  27.3998130  27.4025522  27.4019025  27.4036472
  27.4035094  27.4012401  27.4031923   9.3272060   9.3292357   9.3258870
   9.3275594   9.3289511   9.3297577   9.3301342   9.3261558   9.3303547
   9.3047697   9.3038513   9.3028464   9.3041009   9.3058960   9.3059463
   9.3062921   9.3032028   9.3036409  27.4318163  27.4320069  27.4321448
  27.4322549  27.4325081  27.4319949  27.4318189  27.4316228  27.4325444
   9.2331889   9.2329012   9.2330091   9.2328069   9.2331142   9.2328199
   9.2331508   9.2332643   9.2335271   8.7392366   0.5713287   0.6869944
   8.6574531   0.6645017   0.6640326   0.6576033   8.6681676   0.6832961
   0.6886511   8.6364033   0.6493096   8.6393834   0.6578002   0.6696683
   8.7546054   0.6302530   0.6389059   0.5960142   8.7302885   0.6823491
   8.6243322   0.6588200   0.6854438   8.7959570   0.5345688   0.6667818
   8.6607244   0.7073894   0.6355819   8.5824984   0.7197041   0.6886848
   8.6067126   0.6707496   0.7028972   0.6904609   8.5622231   0.7215657
   0.6825317   8.6368385   0.6555154   8.6476270   0.6543289   0.7001933
   8.6789451   0.7031403   0.6347303   0.6051886   8.7099101   0.7058226
   8.6220365   0.6720997   0.7153028   8.6487151   0.7078564   0.6491357
   8.6366014   0.6804145   0.6525068   8.5768591   0.7296000   0.6894487
   8.6110172   0.6783518   0.7002512   0.6617387   8.6622673   0.6992255
   0.6844987   8.6332114   0.6624165   8.6132185   0.7036248   0.6900608
   8.7051601   0.6874015   0.6420187   0.5887110   8.7228868   0.7011951
   8.6342336   0.6722493   0.7100942   8.6478927   0.7081874   0.6536602
   8.6298065   0.6983484   0.6454263   8.5865432   0.7279587   0.6818402
   8.6137593   0.6696119   0.7050959   0.6991266   8.5698696   0.7169279
   0.6919605   8.6249154   0.6660278   8.6033073   0.7123550   0.6839238
   8.6869968   0.6932902   0.6430342   0.5912720   8.7360925   0.6946892
   8.6052037   0.6977051   0.7100018   8.6498607   0.7160997   0.6484865
   8.6198681   0.6999909   0.6500923   8.5838514   0.7252618   0.6824531
   8.6168990   0.6709749   0.7026159   0.6171047   8.7020055   0.7121753
   0.6955700   8.6147647   0.6621913   8.6725021   0.6491073   0.6860900
   8.6823918   0.6883565   0.6512705   0.5815347   8.7408067   0.6882792
   8.6195303   0.6883709   0.7050952   8.6475520   0.7198921   0.6447063
   8.6731549   0.6918049   0.6213664   8.6128431   0.7015877   0.6804256
   8.6088650   0.6869579   0.7069329   0.6347732   8.6532429   0.6944597
   0.7185398   8.6184455   0.6611389   8.6477959   0.6680260   0.6821059
   8.6922194   0.6511684   0.6701831   0.6251117   8.6991755   0.6792236
   8.6251629   0.6845396   0.6918788   8.6153213   0.6872892   0.6831352
   8.6620119   0.6941004   0.6440823
 SUMMED SPIN DENSITY          -0.00000000
 TOTAL ATOMIC SPINS  :
   0.0000000  -0.0000000   0.0000000   0.0000000  -0.0000000  -0.0000000
   0.0000000  -0.0000000   0.0000000   0.0000000  -0.0000000   0.0000000
  -0.0000000   0.0000000  -0.0000000   0.0000000  -0.0000000   0.0000000
   0.0000000   0.0000000  -0.0000000  -0.0000000  -0.0000000   0.0000000
   0.0000000  -0.0000000   0.0000000  -0.0000000   0.0000000  -0.0000000
   0.0000000   0.0000000   0.0000000  -0.0000000  -0.0000000   0.0000000
  -0.0000000   0.0000000   0.0000000   0.0000000  -0.0000000  -0.0000000
   0.0000000   0.0000000  -0.0000000  -0.0000000  -0.0000000   0.0000000
   0.0000000   0.0000000  -0.0000000   0.0000000  -0.0000000   0.0000000
   0.0000000   0.0000000  -0.0000000   0.0000000  -0.0000000   0.0000000
  -0.0000000  -0.0000000   0.0000000  -0.0000000   0.0000000   0.0000000
  -0.0000000   0.0000000  -0.0000000  -0.0000000  -0.0000000   0.0000000
  -0.0000000  -0.0000000  -0.0000000   0.0000000   0.0000000  -0.0000000
  -0.0000000  -0.0000000  -0.0000000  -0.0000000   0.0000000   0.0000000
  -0.0000000   0.0000000   0.0000000  -0.0000000   0.0000000  -0.0000000
   0.0000000  -0.0000000   0.0000000   0.0000000  -0.0000000  -0.0000000
  -0.0000000   0.0000000   0.0000000   0.0000000  -0.0000000   0.0000000
  -0.0000000   0.0000000   0.0000000   0.0000000  -0.0000000  -0.0000000
  -0.0000000   0.0000000   0.0000000   0.0000000  -0.0000000  -0.0000000
  -0.0000000   0.0000000   0.0000000  -0.0000000  -0.0000000   0.0000000
  -0.0000000   0.0000000  -0.0000000   0.0000000  -0.0000000  -0.0000000
  -0.0000000   0.0000000  -0.0000000  -0.0000000   0.0000000  -0.0000000
   0.0000000  -0.0000000  -0.0000000   0.0000000  -0.0000000  -0.0000000
   0.0000000  -0.0000000  -0.0000000   0.0000000  -0.0000000   0.0000000
  -0.0000000   0.0000000   0.0000000  -0.0000000   0.0000000  -0.0000000
   0.0000000  -0.0000000   0.0000000  -0.0000000   0.0000000   0.0000000
   0.0000000  -0.0000000  -0.0000000   0.0000000  -0.0000000   0.0000000
   0.0000000  -0.0000000  -0.0000000  -0.0000000   0.0000000   0.0000000
   0.0000000  -0.0000000  -0.0000000  -0.0000000   0.0000000  -0.0000000
   0.0000000  -0.0000000  -0.0000000  -0.0000000   0.0000000  -0.0000000
  -0.0000000  -0.0000000   0.0000000  -0.0000000  -0.0000000   0.0000000
  -0.0000000  -0.0000000   0.0000000   0.0000000  -0.0000000  -0.0000000
  -0.0000000  -0.0000000   0.0000000  -0.0000000   0.0000000   0.0000000
  -0.0000000   0.0000000   0.0000000   0.0000000  -0.0000000   0.0000000
   0.0000000   0.0000000  -0.0000000   0.0000000  -0.0000000  -0.0000000
   0.0000000  -0.0000000   0.0000000  -0.0000000   0.0000000   0.0000000
  -0.0000000   0.0000000   0.0000000   0.0000000   0.0000000   0.0000000
  -0.0000000   0.0000000   0.0000000   0.0000000  -0.0000000  -0.0000000
  -0.0000000  -0.0000000   0.0000000   0.0000000  -0.0000000  -0.0000000
  -0.0000000   0.0000000   0.0000000   0.0000000  -0.0000000   0.0000000
  -0.0000000  -0.0000000   0.0000000   0.0000000  -0.0000000  -0.0000000
  -0.0000000   0.0000000   0.0000000  -0.0000000   0.0000000  -0.0000000
   0.0000000  -0.0000000  -0.0000000   0.0000000  -0.0000000  -0.0000000
   0.0000000  -0.0000000  -0.0000000
 TTTTTTTTTTTTTTTTTTTTTTTTTTTTTT MOQGAD      TELAPSE    89624.34 TCPU    89476.80
 TTTTTTTTTTTTTTTTTTTTTTTTTTTTTT SHELLXN     TELAPSE    89863.13 TCPU    89715.52
 TTTTTTTTTTTTTTTTTTTTTTTTTTTTTT MONMO3      TELAPSE    89886.18 TCPU    89738.57
 NUMERICALLY INTEGRATED DENSITY    921.0003839898    921.0003839898
 TTTTTTTTTTTTTTTTTTTTTTTTTTTTTT NUMDFT      TELAPSE    89919.02 TCPU    89771.39
 CYC   1 ETOT(AU) -2.147957338325E+04 DETOT  9.81E-02 tst  0.00E+00 PX  2.72E-02
 CYCLE  1 WAVE FUNCTION SAVED IN FORTRAN UNIT 79
 TTTTTTTTTTTTTTTTTTTTTTTTTTTTTT MPP_TRAF    TELAPSE    89924.51 TCPU    89776.15
 TTTTTTTTTTTTTTTTTTTTTTTTTTTTTT MPP_DIAG    TELAPSE    89929.25 TCPU    89780.87
 TTTTTTTTTTTTTTTTTTTTTTTTTTTTTT MPP_DIIS    TELAPSE    89929.27 TCPU    89780.89
 DIIS TEST: 0.70881E-01 AT SCF   CYCLE   1 - MIX   90 %
 TTTTTTTTTTTTTTTTTTTTTTTTTTTTTT MPP_TRAF    TELAPSE    89933.68 TCPU    89785.30
 TTTTTTTTTTTTTTTTTTTTTTTTTTTTTT MPP_DIAG    TELAPSE    89950.43 TCPU    89801.94

    ALPHA      ELECTRONS
 INSULATING STATE
 TOP OF VALENCE BANDS -    BAND    921; K    1; EIG -2.5383998E-01 AU
 BOTTOM OF VIRTUAL BANDS - BAND    922; K    4; EIG -1.4293183E-01 AU
 INDIRECT ENERGY BAND GAP:   3.0180 eV
 BOTTOM OF VIRTUAL BANDS - BAND    922; K    1; EIG -1.4166753E-01 AU

    BETA       ELECTRONS
 INSULATING STATE
 TOP OF VALENCE BANDS -    BAND    921; K    1; EIG -2.5383998E-01 AU
 BOTTOM OF VIRTUAL BANDS - BAND    922; K    4; EIG -1.4293183E-01 AU
 INDIRECT ENERGY BAND GAP:   3.0180 eV
 BOTTOM OF VIRTUAL BANDS - BAND    922; K    1; EIG -1.4166753E-01 AU
 TTTTTTTTTTTTTTTTTTTTTTTTTTTTTT FERMI       TELAPSE    89950.43 TCPU    89801.94
 TTTTTTTTTTTTTTTTTTTTTTTTTTTTTT MPP_PDIG    TELAPSE    89951.82 TCPU    89803.33
 TTTTTTTTTTTTTTTTTTTTTTTTTTTTTT MPP_PROT    TELAPSE    89952.10 TCPU    89803.61
 TTTTTTTTTTTTTTTTTTTTTTTTTTTTTT MPP_KSPA    TELAPSE    89952.10 TCPU    89803.61
 CHARGE NORMALIZATION FACTOR   1.00000000
 TOTAL ATOMIC CHARGES:
   9.1740564   9.3206142   9.2420655   9.2385727   9.2985401   9.1775066
   9.3541826   9.1930491   9.3624080  27.4244320  27.4351967  27.4222904
  27.4509546  27.4317266  27.4426011  27.4312647  27.4412972  27.4246206
   9.3133448   9.3005418   9.2951854   9.2975937   9.3047712   9.2943484
   9.2970035   9.2875423   9.2997711   9.3119714   9.3021098   9.2969733
   9.3240945   9.3033051   9.3179511   9.2886311   9.3313859   9.3143905
  27.4024616  27.4022895  27.4007793  27.4035723  27.4029641  27.4047046
  27.4044294  27.4021342  27.4041256   9.3275437   9.3296147   9.3262465
   9.3279317   9.3292854   9.3301217   9.3305372   9.3265536   9.3306296
   9.3047923   9.3039325   9.3028343   9.3042213   9.3059937   9.3060990
   9.3063904   9.3031929   9.3036049  27.4325815  27.4328884  27.4329463
  27.4330894  27.4332742  27.4327886  27.4326530  27.4324564  27.4332289
   9.2333276   9.2330499   9.2331485   9.2329869   9.2332693   9.2329807
   9.2332981   9.2334009   9.2336380   8.7394248   0.5708883   0.6864890
   8.6582103   0.6641665   0.6636058   0.6581055   8.6678264   0.6829027
   0.6893340   8.6380490   0.6485413   8.6386534   0.6579116   0.6694872
   8.7536618   0.6301829   0.6387376   0.5956013   8.7309766   0.6818046
   8.6239874   0.6592211   0.6852109   8.7964268   0.5347306   0.6667198
   8.6592998   0.7084045   0.6355390   8.5822787   0.7206592   0.6878940
   8.6077011   0.6705916   0.7027112   0.6903763   8.5636507   0.7210211
   0.6831952   8.6351758   0.6563482   8.6470911   0.6547224   0.6996297
   8.6783603   0.7037265   0.6346376   0.6051229   8.7104419   0.7052991
   8.6227183   0.6720324   0.7145187   8.6486911   0.7086673   0.6487679
   8.6354063   0.6815913   0.6524906   8.5771404   0.7297494   0.6886229
   8.6119841   0.6779670   0.6998561   0.6618885   8.6573613   0.7015052
   0.6858290   8.6319688   0.6626453   8.6128163   0.7035760   0.6899570
   8.7043922   0.6873138   0.6419510   0.5882634   8.7236853   0.7009030
   8.6343337   0.6717656   0.7100922   8.6483599   0.7082087   0.6535781
   8.6290770   0.6994871   0.6452056   8.5864961   0.7278507   0.6815851
   8.6141956   0.6694340   0.7052663   0.6998518   8.5702055   0.7167611
   0.6921376   8.6239549   0.6664673   8.6045703   0.7117211   0.6833788
   8.6869556   0.6930963   0.6430517   0.5912860   8.7361217   0.6945600
   8.6054940   0.6977085   0.7099172   8.6501073   0.7163904   0.6480836
   8.6196517   0.7004748   0.6498825   8.5840910   0.7250257   0.6822864
   8.6174026   0.6708089   0.7026728   0.6173827   8.6980774   0.7138584
   0.6955588   8.6143206   0.6625057   8.6690180   0.6500418   0.6875413
   8.6820172   0.6882848   0.6513203   0.5815519   8.7412691   0.6883256
   8.6197711   0.6881959   0.7050938   8.6478367   0.7195349   0.6445692
   8.6709484   0.6929972   0.6215289   8.6129221   0.7015044   0.6804025
   8.6090198   0.6868388   0.7069715   0.6349083   8.6537727   0.6945753
   0.7187836   8.6181170   0.6613346   8.6482467   0.6678840   0.6822584
   8.6918417   0.6513099   0.6702060   0.6249981   8.6992537   0.6793768
   8.6252314   0.6845449   0.6919395   8.6152703   0.6872057   0.6832682
   8.6620840   0.6940268   0.6440193
 SUMMED SPIN DENSITY           0.00000000
 TOTAL ATOMIC SPINS  :
  -0.0000000  -0.0000000  -0.0000000  -0.0000000  -0.0000000  -0.0000000
   0.0000000  -0.0000000   0.0000000   0.0000000   0.0000000   0.0000000
  -0.0000000   0.0000000   0.0000000  -0.0000000  -0.0000000   0.0000000
   0.0000000  -0.0000000   0.0000000  -0.0000000  -0.0000000   0.0000000
   0.0000000   0.0000000   0.0000000  -0.0000000  -0.0000000  -0.0000000
  -0.0000000  -0.0000000   0.0000000   0.0000000  -0.0000000  -0.0000000
  -0.0000000   0.0000000  -0.0000000   0.0000000   0.0000000   0.0000000
   0.0000000   0.0000000  -0.0000000  -0.0000000   0.0000000   0.0000000
   0.0000000   0.0000000   0.0000000  -0.0000000  -0.0000000  -0.0000000
   0.0000000  -0.0000000   0.0000000   0.0000000  -0.0000000   0.0000000
   0.0000000  -0.0000000   0.0000000   0.0000000   0.0000000  -0.0000000
  -0.0000000   0.0000000  -0.0000000  -0.0000000   0.0000000   0.0000000
   0.0000000   0.0000000  -0.0000000   0.0000000   0.0000000   0.0000000
  -0.0000000   0.0000000  -0.0000000  -0.0000000   0.0000000  -0.0000000
  -0.0000000   0.0000000   0.0000000  -0.0000000   0.0000000  -0.0000000
   0.0000000  -0.0000000  -0.0000000  -0.0000000   0.0000000   0.0000000
  -0.0000000   0.0000000   0.0000000   0.0000000  -0.0000000  -0.0000000
  -0.0000000   0.0000000   0.0000000  -0.0000000   0.0000000   0.0000000
  -0.0000000   0.0000000   0.0000000   0.0000000  -0.0000000  -0.0000000
   0.0000000  -0.0000000  -0.0000000  -0.0000000   0.0000000  -0.0000000
   0.0000000  -0.0000000  -0.0000000   0.0000000  -0.0000000  -0.0000000
   0.0000000  -0.0000000  -0.0000000   0.0000000  -0.0000000   0.0000000
   0.0000000  -0.0000000  -0.0000000   0.0000000   0.0000000  -0.0000000
   0.0000000  -0.0000000  -0.0000000  -0.0000000   0.0000000  -0.0000000
  -0.0000000   0.0000000   0.0000000  -0.0000000   0.0000000  -0.0000000
  -0.0000000   0.0000000  -0.0000000   0.0000000  -0.0000000  -0.0000000
  -0.0000000  -0.0000000   0.0000000   0.0000000   0.0000000  -0.0000000
   0.0000000   0.0000000   0.0000000  -0.0000000   0.0000000   0.0000000
   0.0000000  -0.0000000  -0.0000000  -0.0000000   0.0000000   0.0000000
   0.0000000  -0.0000000  -0.0000000  -0.0000000   0.0000000  -0.0000000
  -0.0000000  -0.0000000   0.0000000   0.0000000  -0.0000000   0.0000000
  -0.0000000   0.0000000   0.0000000   0.0000000  -0.0000000   0.0000000
   0.0000000  -0.0000000   0.0000000  -0.0000000   0.0000000   0.0000000
  -0.0000000   0.0000000   0.0000000   0.0000000   0.0000000  -0.0000000
   0.0000000  -0.0000000  -0.0000000  -0.0000000   0.0000000  -0.0000000
   0.0000000  -0.0000000  -0.0000000  -0.0000000   0.0000000   0.0000000
  -0.0000000   0.0000000   0.0000000  -0.0000000   0.0000000  -0.0000000
  -0.0000000   0.0000000   0.0000000  -0.0000000   0.0000000   0.0000000
  -0.0000000   0.0000000   0.0000000   0.0000000  -0.0000000  -0.0000000
  -0.0000000   0.0000000   0.0000000   0.0000000   0.0000000  -0.0000000
  -0.0000000  -0.0000000   0.0000000   0.0000000  -0.0000000  -0.0000000
   0.0000000  -0.0000000  -0.0000000  -0.0000000   0.0000000  -0.0000000
  -0.0000000   0.0000000   0.0000000   0.0000000  -0.0000000  -0.0000000
   0.0000000  -0.0000000  -0.0000000
 TTTTTTTTTTTTTTTTTTTTTTTTTTTTTT MOQGAD      TELAPSE    89952.16 TCPU    89803.67
 TTTTTTTTTTTTTTTTTTTTTTTTTTTTTT SHELLXN     TELAPSE    90191.17 TCPU    90042.60
 TTTTTTTTTTTTTTTTTTTTTTTTTTTTTT MONMO3      TELAPSE    90213.81 TCPU    90065.23
 NUMERICALLY INTEGRATED DENSITY    921.0003840024    921.0003840024
 TTTTTTTTTTTTTTTTTTTTTTTTTTTTTT NUMDFT      TELAPSE    90246.56 TCPU    90097.97
 CYC   2 ETOT(AU) -2.147957582340E+04 DETOT -2.44E-03 tst  1.36E-07 PX  4.78E-03
 CYCLE  2 WAVE FUNCTION SAVED IN FORTRAN UNIT 79
 TTTTTTTTTTTTTTTTTTTTTTTTTTTTTT MPP_TRAF    TELAPSE    90252.07 TCPU    90102.68
 TTTTTTTTTTTTTTTTTTTTTTTTTTTTTT MPP_DIAG    TELAPSE    90257.08 TCPU    90107.68
 TTTTTTTTTTTTTTTTTTTTTTTTTTTTTT MPP_DIIS    TELAPSE    90257.10 TCPU    90107.70
 DIIS TEST: 0.39433E-01 AT SCF   CYCLE   2 - DIIS ACTIVE - HISTORY:     2 CYCLES
 MAXIMUM MEMORY OCCUPIED BY DIIS:     11.008 Mb PER CORE 
 TTTTTTTTTTTTTTTTTTTTTTTTTTTTTT MPP_TRAF    TELAPSE    90261.55 TCPU    90112.15
 TTTTTTTTTTTTTTTTTTTTTTTTTTTTTT MPP_DIAG    TELAPSE    90278.24 TCPU    90128.73

    ALPHA      ELECTRONS
 INSULATING STATE
 TOP OF VALENCE BANDS -    BAND    921; K    2; EIG -2.5317005E-01 AU
 TOP OF VALENCE BANDS -    BAND    921; K    1; EIG -2.5320913E-01 AU
 BOTTOM OF VIRTUAL BANDS - BAND    922; K    3; EIG -1.6508427E-01 AU
 INDIRECT ENERGY BAND GAP:   2.3969 eV
 BOTTOM OF VIRTUAL BANDS - BAND    922; K    1; EIG -1.6403368E-01 AU

    BETA       ELECTRONS
 INSULATING STATE
 TOP OF VALENCE BANDS -    BAND    921; K    2; EIG -2.5317005E-01 AU
 TOP OF VALENCE BANDS -    BAND    921; K    1; EIG -2.5320913E-01 AU
 BOTTOM OF VIRTUAL BANDS - BAND    922; K    3; EIG -1.6508427E-01 AU
 INDIRECT ENERGY BAND GAP:   2.3969 eV
 BOTTOM OF VIRTUAL BANDS - BAND    922; K    1; EIG -1.6403368E-01 AU
 TTTTTTTTTTTTTTTTTTTTTTTTTTTTTT FERMI       TELAPSE    90278.24 TCPU    90128.74
 TTTTTTTTTTTTTTTTTTTTTTTTTTTTTT MPP_PDIG    TELAPSE    90279.63 TCPU    90130.12
 TTTTTTTTTTTTTTTTTTTTTTTTTTTTTT MPP_PROT    TELAPSE    90279.91 TCPU    90130.39
 TTTTTTTTTTTTTTTTTTTTTTTTTTTTTT MPP_KSPA    TELAPSE    90279.91 TCPU    90130.39
 CHARGE NORMALIZATION FACTOR   1.00000000
 TOTAL ATOMIC CHARGES:
   9.1708129   9.3288225   9.2585248   9.2471690   9.2936888   9.1805686
   9.3574814   9.2139154   9.3611866  27.4119434  27.5029656  27.4439070
  27.4685808  27.4303562  27.4680734  27.4766705  27.4330459  27.3318994
   9.3028450   9.2911584   9.3000745   9.2978250   9.2974060   9.2905704
   9.2921799   9.2931565   9.2974722   9.3152728   9.3034816   9.2994134
   9.3244764   9.3060054   9.3187228   9.2913802   9.3329232   9.3187597
  27.3981104  27.3957185  27.3945209  27.3984499  27.3970186  27.3997616
  27.4006897  27.3962554  27.3985219   9.3266663   9.3282860   9.3250740
   9.3270394   9.3285695   9.3293851   9.3296595   9.3254592   9.3300272
   9.3056112   9.3046492   9.3040145   9.3048270   9.3066026   9.3064254
   9.3068121   9.3042949   9.3045401  27.4282382  27.4275887  27.4282632
  27.4283953  27.4290685  27.4282168  27.4277482  27.4274046  27.4295169
   9.2335168   9.2331027   9.2333585   9.2329732   9.2334887   9.2329903
   9.2333191   9.2336523   9.2340507   8.7425365   0.5698844   0.6820020
   8.6619003   0.6634528   0.6627099   0.6601124   8.6684401   0.6803817
   0.6973511   8.6426312   0.6475434   8.6385822   0.6584673   0.6676169
   8.7492839   0.6307977   0.6374746   0.5945501   8.7333437   0.6800162
   8.6224598   0.6616524   0.6831661   8.7985752   0.5379571   0.6667637
   8.6558715   0.7149197   0.6362810   8.5816566   0.7263822   0.6828475
   8.6116045   0.6706118   0.7028531   0.6941686   8.5666751   0.7191506
   0.6846198   8.6296012   0.6603364   8.6456067   0.6569759   0.6947766
   8.6757803   0.7085165   0.6341073   0.6048949   8.7130758   0.7021964
   8.6258753   0.6724980   0.7093077   8.6482004   0.7136245   0.6467619
   8.6292012   0.6888527   0.6519512   8.5785955   0.7309577   0.6832960
   8.6168079   0.6760706   0.6977999   0.6538302   8.6415227   0.7098424
   0.6946065   8.6238577   0.6641411   8.6113497   0.7024872   0.6889969
   8.7013508   0.6849431   0.6410323   0.5860725   8.7267443   0.6994232
   8.6365413   0.6679795   0.7092439   8.6495844   0.7091260   0.6535797
   8.6254420   0.7068955   0.6432927   8.5863797   0.7270823   0.6801283
   8.6157795   0.6685130   0.7071478   0.7067358   8.5668289   0.7171512
   0.6919664   8.6197485   0.6686760   8.6105761   0.7078984   0.6809505
   8.6874751   0.6916707   0.6429515   0.5913893   8.7364257   0.6938510
   8.6057241   0.6985293   0.7101854   8.6508788   0.7187455   0.6456294
   8.6179219   0.7036514   0.6482660   8.5850392   0.7237150   0.6816223
   8.6193803   0.6703393   0.7035835   0.6145932   8.6849663   0.7194813
   0.6947168   8.6123783   0.6643931   8.6557429   0.6521506   0.6930814
   8.6804784   0.6870771   0.6514515   0.5819471   8.7421429   0.6890603
   8.6207758   0.6872728   0.7053391   8.6492698   0.7173829   0.6436754
   8.6627594   0.6984046   0.6200564   8.6134773   0.7009511   0.6803012
   8.6097435   0.6861712   0.7074055   0.6365338   8.6545241   0.6959862
   0.7202061   8.6162542   0.6627720   8.6500204   0.6666854   0.6835826
   8.6908659   0.6517718   0.6695582   0.6242576   8.6995797   0.6804136
   8.6253050   0.6847808   0.6926954   8.6150890   0.6867104   0.6840499
   8.6625486   0.6934819   0.6436755
 SUMMED SPIN DENSITY           0.00000000
 TOTAL ATOMIC SPINS  :
   0.0000000  -0.0000000   0.0000000  -0.0000000  -0.0000000  -0.0000000
  -0.0000000  -0.0000000  -0.0000000   0.0000000   0.0000000   0.0000000
   0.0000000   0.0000000   0.0000000   0.0000000  -0.0000000   0.0000000
  -0.0000000   0.0000000  -0.0000000  -0.0000000  -0.0000000  -0.0000000
  -0.0000000   0.0000000  -0.0000000   0.0000000  -0.0000000  -0.0000000
  -0.0000000   0.0000000  -0.0000000   0.0000000   0.0000000  -0.0000000
  -0.0000000  -0.0000000   0.0000000  -0.0000000   0.0000000   0.0000000
  -0.0000000   0.0000000   0.0000000   0.0000000   0.0000000  -0.0000000
  -0.0000000  -0.0000000   0.0000000   0.0000000   0.0000000   0.0000000
  -0.0000000  -0.0000000  -0.0000000   0.0000000   0.0000000   0.0000000
  -0.0000000  -0.0000000  -0.0000000   0.0000000   0.0000000  -0.0000000
  -0.0000000   0.0000000   0.0000000  -0.0000000  -0.0000000  -0.0000000
   0.0000000   0.0000000  -0.0000000   0.0000000   0.0000000   0.0000000
  -0.0000000   0.0000000   0.0000000  -0.0000000   0.0000000   0.0000000
  -0.0000000   0.0000000   0.0000000   0.0000000  -0.0000000   0.0000000
  -0.0000000   0.0000000   0.0000000   0.0000000  -0.0000000  -0.0000000
   0.0000000  -0.0000000   0.0000000  -0.0000000   0.0000000  -0.0000000
   0.0000000  -0.0000000  -0.0000000  -0.0000000   0.0000000   0.0000000
   0.0000000  -0.0000000  -0.0000000  -0.0000000   0.0000000   0.0000000
  -0.0000000   0.0000000   0.0000000   0.0000000  -0.0000000   0.0000000
  -0.0000000   0.0000000  -0.0000000  -0.0000000   0.0000000   0.0000000
   0.0000000  -0.0000000  -0.0000000   0.0000000  -0.0000000  -0.0000000
   0.0000000   0.0000000   0.0000000  -0.0000000  -0.0000000   0.0000000
   0.0000000   0.0000000  -0.0000000  -0.0000000   0.0000000  -0.0000000
   0.0000000  -0.0000000  -0.0000000  -0.0000000   0.0000000  -0.0000000
  -0.0000000   0.0000000   0.0000000  -0.0000000   0.0000000   0.0000000
  -0.0000000   0.0000000   0.0000000   0.0000000  -0.0000000   0.0000000
  -0.0000000   0.0000000   0.0000000   0.0000000  -0.0000000  -0.0000000
  -0.0000000   0.0000000   0.0000000  -0.0000000   0.0000000   0.0000000
  -0.0000000   0.0000000   0.0000000  -0.0000000   0.0000000  -0.0000000
  -0.0000000   0.0000000  -0.0000000   0.0000000  -0.0000000  -0.0000000
  -0.0000000   0.0000000   0.0000000  -0.0000000   0.0000000  -0.0000000
  -0.0000000   0.0000000   0.0000000   0.0000000  -0.0000000  -0.0000000
  -0.0000000   0.0000000   0.0000000  -0.0000000   0.0000000   0.0000000
  -0.0000000   0.0000000  -0.0000000  -0.0000000   0.0000000  -0.0000000
   0.0000000  -0.0000000   0.0000000  -0.0000000   0.0000000   0.0000000
  -0.0000000   0.0000000   0.0000000   0.0000000  -0.0000000   0.0000000
  -0.0000000   0.0000000   0.0000000   0.0000000  -0.0000000  -0.0000000
  -0.0000000  -0.0000000   0.0000000  -0.0000000   0.0000000  -0.0000000
  -0.0000000   0.0000000   0.0000000  -0.0000000   0.0000000  -0.0000000
  -0.0000000  -0.0000000   0.0000000  -0.0000000  -0.0000000   0.0000000
   0.0000000  -0.0000000  -0.0000000   0.0000000  -0.0000000   0.0000000
   0.0000000  -0.0000000  -0.0000000  -0.0000000   0.0000000   0.0000000
   0.0000000  -0.0000000  -0.0000000
 TTTTTTTTTTTTTTTTTTTTTTTTTTTTTT MOQGAD      TELAPSE    90279.97 TCPU    90130.46
 TTTTTTTTTTTTTTTTTTTTTTTTTTTTTT SHELLXN     TELAPSE    90518.47 TCPU    90368.88
 TTTTTTTTTTTTTTTTTTTTTTTTTTTTTT MONMO3      TELAPSE    90541.33 TCPU    90391.73
 NUMERICALLY INTEGRATED DENSITY    921.0003844583    921.0003844583
 TTTTTTTTTTTTTTTTTTTTTTTTTTTTTT NUMDFT      TELAPSE    90574.23 TCPU    90424.63
 CYC   3 ETOT(AU) -2.147956732740E+04 DETOT  8.50E-03 tst  4.07E-06 PX  3.68E-02
 CYCLE  3 WAVE FUNCTION SAVED IN FORTRAN UNIT 79
 TTTTTTTTTTTTTTTTTTTTTTTTTTTTTT MPP_TRAF    TELAPSE    90579.71 TCPU    90429.38
 TTTTTTTTTTTTTTTTTTTTTTTTTTTTTT MPP_DIAG    TELAPSE    90585.03 TCPU    90434.69
 TTTTTTTTTTTTTTTTTTTTTTTTTTTTTT MPP_DIIS    TELAPSE    90585.05 TCPU    90434.71
 DIIS TEST: 0.10800E+00 AT SCF   CYCLE   3 - DIIS ACTIVE - HISTORY:     3 CYCLES
 MAXIMUM MEMORY OCCUPIED BY DIIS:     16.511 Mb PER CORE 
 TTTTTTTTTTTTTTTTTTTTTTTTTTTTTT MPP_TRAF    TELAPSE    90589.57 TCPU    90439.22
 TTTTTTTTTTTTTTTTTTTTTTTTTTTTTT MPP_DIAG    TELAPSE    90606.26 TCPU    90455.81

    ALPHA      ELECTRONS
 INSULATING STATE
 TOP OF VALENCE BANDS -    BAND    921; K    2; EIG -2.5444241E-01 AU
 TOP OF VALENCE BANDS -    BAND    921; K    1; EIG -2.5448898E-01 AU
 BOTTOM OF VIRTUAL BANDS - BAND    922; K    2; EIG -1.5419889E-01 AU
 DIRECT ENERGY BAND GAP:   2.7278 eV
 BOTTOM OF VIRTUAL BANDS - BAND    922; K    1; EIG -1.5279869E-01 AU

    BETA       ELECTRONS
 INSULATING STATE
 TOP OF VALENCE BANDS -    BAND    921; K    2; EIG -2.5444241E-01 AU
 TOP OF VALENCE BANDS -    BAND    921; K    1; EIG -2.5448898E-01 AU
 BOTTOM OF VIRTUAL BANDS - BAND    922; K    2; EIG -1.5419889E-01 AU
 DIRECT ENERGY BAND GAP:   2.7278 eV
 BOTTOM OF VIRTUAL BANDS - BAND    922; K    1; EIG -1.5279869E-01 AU
 TTTTTTTTTTTTTTTTTTTTTTTTTTTTTT FERMI       TELAPSE    90606.26 TCPU    90455.81
 TTTTTTTTTTTTTTTTTTTTTTTTTTTTTT MPP_PDIG    TELAPSE    90607.66 TCPU    90457.20
 TTTTTTTTTTTTTTTTTTTTTTTTTTTTTT MPP_PROT    TELAPSE    90607.94 TCPU    90457.48
 TTTTTTTTTTTTTTTTTTTTTTTTTTTTTT MPP_KSPA    TELAPSE    90607.94 TCPU    90457.48
 CHARGE NORMALIZATION FACTOR   1.00000000
 TOTAL ATOMIC CHARGES:
   9.1812645   9.3185474   9.2389065   9.2423237   9.3037861   9.1791094
   9.3542785   9.1897446   9.3664401  27.4326433  27.3995707  27.4132063
  27.4444634  27.4322278  27.4321373  27.4092365  27.4470149  27.4620900
   9.3185903   9.3045145   9.2927962   9.2976738   9.3088517   9.2965120
   9.2994352   9.2845010   9.3019099   9.3108902   9.3018640   9.2961587
   9.3236412   9.3023746   9.3176244   9.2880197   9.3308117   9.3134962
  27.4043756  27.4051536  27.4036764  27.4048800  27.4053964  27.4057383
  27.4050187  27.4046910  27.4068071   9.3273903   9.3294343   9.3261639
   9.3278183   9.3290006   9.3297862   9.3303067   9.3264200   9.3303452
   9.3042368   9.3033622   9.3021150   9.3036584   9.3054545   9.3057165
   9.3059984   9.3024728   9.3030214  27.4343318  27.4352277  27.4349070
  27.4349779  27.4349099  27.4346079  27.4346621  27.4346632  27.4345791
   9.2327260   9.2325477   9.2325233   9.2324604   9.2326094   9.2324693
   9.2328036   9.2327453   9.2328928   8.7419515   0.5702568   0.6832937
   8.6604930   0.6640297   0.6624863   0.6600908   8.6680924   0.6814875
   0.6956548   8.6400243   0.6483065   8.6379228   0.6580478   0.6683157
   8.7508901   0.6304589   0.6378079   0.5950171   8.7327496   0.6802407
   8.6232713   0.6615984   0.6847526   8.7971246   0.5367220   0.6670052
   8.6566967   0.7124077   0.6359986   8.5817173   0.7248657   0.6844114
   8.6098899   0.6709287   0.7032275   0.6943146   8.5640411   0.7202790
   0.6828553   8.6331074   0.6588567   8.6468399   0.6559404   0.6957636
   8.6763585   0.7074311   0.6342388   0.6050077   8.7123217   0.7029720
   8.6247803   0.6727619   0.7105158   8.6479643   0.7126149   0.6473464
   8.6312274   0.6869479   0.6519510   8.5780785   0.7307209   0.6846388
   8.6152868   0.6767650   0.6983357   0.6523268   8.6514571   0.7050145
   0.6925786   8.6256604   0.6639114   8.6120770   0.7022012   0.6893426
   8.7028643   0.6845337   0.6411206   0.5869123   8.7254921   0.6997332
   8.6364713   0.6687177   0.7090915   8.6487532   0.7090181   0.6537081
   8.6267309   0.7051970   0.6434139   8.5863773   0.7272043   0.6807023
   8.6149838   0.6687302   0.7070342   0.7060677   8.5656096   0.7176773
   0.6913681   8.6215552   0.6679206   8.6085839   0.7086270   0.6820386
   8.6877092   0.6920077   0.6428933   0.5913737   8.7363760   0.6941173
   8.6049973   0.6986756   0.7105518   8.6504804   0.7183534   0.6462501
   8.6183081   0.7029668   0.6482772   8.5844807   0.7241340   0.6820711
   8.6185036   0.6706888   0.7035251   0.6132147   8.6927290   0.7160876
   0.6944605   8.6133443   0.6639193   8.6622306   0.6502108   0.6903461
   8.6811407   0.6870099   0.6513850   0.5819125   8.7414138   0.6889402
   8.6203881   0.6874582   0.7054344   8.6488003   0.7179447   0.6438256
   8.6669403   0.6963151   0.6192448   8.6133904   0.7010275   0.6803702
   8.6094856   0.6863555   0.7073791   0.6364243   8.6537366   0.6958188
   0.7197578   8.6167542   0.6626354   8.6495708   0.6665301   0.6833848
   8.6917286   0.6514793   0.6693088   0.6243816   8.6994834   0.6801618
   8.6250947   0.6847919   0.6927952   8.6152037   0.6868204   0.6838455
   8.6624265   0.6935538   0.6438194
 SUMMED SPIN DENSITY           0.00000000
 TOTAL ATOMIC SPINS  :
   0.0000000  -0.0000000   0.0000000  -0.0000000   0.0000000  -0.0000000
  -0.0000000  -0.0000000  -0.0000000   0.0000000   0.0000000   0.0000000
   0.0000000   0.0000000   0.0000000  -0.0000000  -0.0000000   0.0000000
  -0.0000000  -0.0000000  -0.0000000  -0.0000000  -0.0000000  -0.0000000
  -0.0000000   0.0000000   0.0000000   0.0000000   0.0000000  -0.0000000
  -0.0000000   0.0000000  -0.0000000   0.0000000   0.0000000  -0.0000000
  -0.0000000  -0.0000000  -0.0000000  -0.0000000   0.0000000   0.0000000
   0.0000000   0.0000000  -0.0000000   0.0000000   0.0000000  -0.0000000
  -0.0000000  -0.0000000   0.0000000   0.0000000   0.0000000   0.0000000
  -0.0000000   0.0000000  -0.0000000   0.0000000   0.0000000   0.0000000
  -0.0000000  -0.0000000  -0.0000000   0.0000000   0.0000000   0.0000000
  -0.0000000  -0.0000000   0.0000000  -0.0000000  -0.0000000  -0.0000000
   0.0000000  -0.0000000  -0.0000000   0.0000000   0.0000000   0.0000000
  -0.0000000   0.0000000   0.0000000   0.0000000  -0.0000000   0.0000000
  -0.0000000   0.0000000   0.0000000  -0.0000000  -0.0000000   0.0000000
  -0.0000000   0.0000000  -0.0000000   0.0000000  -0.0000000  -0.0000000
   0.0000000  -0.0000000  -0.0000000  -0.0000000   0.0000000  -0.0000000
   0.0000000  -0.0000000  -0.0000000  -0.0000000   0.0000000   0.0000000
   0.0000000  -0.0000000   0.0000000  -0.0000000   0.0000000   0.0000000
  -0.0000000   0.0000000   0.0000000   0.0000000   0.0000000  -0.0000000
  -0.0000000   0.0000000  -0.0000000  -0.0000000  -0.0000000   0.0000000
   0.0000000  -0.0000000  -0.0000000   0.0000000  -0.0000000  -0.0000000
   0.0000000  -0.0000000   0.0000000  -0.0000000  -0.0000000   0.0000000
  -0.0000000   0.0000000  -0.0000000  -0.0000000   0.0000000  -0.0000000
   0.0000000  -0.0000000  -0.0000000  -0.0000000   0.0000000  -0.0000000
  -0.0000000   0.0000000  -0.0000000  -0.0000000   0.0000000   0.0000000
  -0.0000000   0.0000000   0.0000000   0.0000000  -0.0000000   0.0000000
   0.0000000   0.0000000   0.0000000   0.0000000  -0.0000000  -0.0000000
  -0.0000000   0.0000000   0.0000000  -0.0000000   0.0000000   0.0000000
  -0.0000000   0.0000000   0.0000000  -0.0000000   0.0000000  -0.0000000
  -0.0000000   0.0000000  -0.0000000   0.0000000  -0.0000000  -0.0000000
  -0.0000000   0.0000000   0.0000000   0.0000000   0.0000000  -0.0000000
  -0.0000000   0.0000000   0.0000000   0.0000000  -0.0000000  -0.0000000
  -0.0000000   0.0000000   0.0000000  -0.0000000   0.0000000   0.0000000
  -0.0000000   0.0000000   0.0000000  -0.0000000   0.0000000  -0.0000000
   0.0000000  -0.0000000   0.0000000  -0.0000000   0.0000000   0.0000000
   0.0000000   0.0000000  -0.0000000   0.0000000  -0.0000000   0.0000000
   0.0000000   0.0000000  -0.0000000   0.0000000   0.0000000  -0.0000000
  -0.0000000   0.0000000   0.0000000   0.0000000   0.0000000  -0.0000000
  -0.0000000   0.0000000   0.0000000   0.0000000  -0.0000000  -0.0000000
   0.0000000  -0.0000000   0.0000000   0.0000000  -0.0000000   0.0000000
   0.0000000  -0.0000000  -0.0000000   0.0000000  -0.0000000   0.0000000
   0.0000000  -0.0000000  -0.0000000  -0.0000000   0.0000000   0.0000000
   0.0000000  -0.0000000  -0.0000000
 TTTTTTTTTTTTTTTTTTTTTTTTTTTTTT MOQGAD      TELAPSE    90608.00 TCPU    90457.55
 TTTTTTTTTTTTTTTTTTTTTTTTTTTTTT SHELLXN     TELAPSE    90846.40 TCPU    90695.86
 TTTTTTTTTTTTTTTTTTTTTTTTTTTTTT MONMO3      TELAPSE    90870.48 TCPU    90719.94
 NUMERICALLY INTEGRATED DENSITY    921.0003847019    921.0003847019
 TTTTTTTTTTTTTTTTTTTTTTTTTTTTTT NUMDFT      TELAPSE    90903.78 TCPU    90753.23
 CYC   4 ETOT(AU) -2.147957761934E+04 DETOT -1.03E-02 tst  1.03E-05 PX  4.47E-02
 CYCLE  4 WAVE FUNCTION SAVED IN FORTRAN UNIT 79
 TTTTTTTTTTTTTTTTTTTTTTTTTTTTTT MPP_TRAF    TELAPSE    90909.31 TCPU    90758.04
 TTTTTTTTTTTTTTTTTTTTTTTTTTTTTT MPP_DIAG    TELAPSE    90914.90 TCPU    90763.62
 TTTTTTTTTTTTTTTTTTTTTTTTTTTTTT MPP_DIIS    TELAPSE    90914.92 TCPU    90763.64
 DIIS TEST: 0.11773E-01 AT SCF   CYCLE   4 - DIIS ACTIVE - HISTORY:     4 CYCLES
 MAXIMUM MEMORY OCCUPIED BY DIIS:     22.015 Mb PER CORE 
 TTTTTTTTTTTTTTTTTTTTTTTTTTTTTT MPP_TRAF    TELAPSE    90919.50 TCPU    90768.21
 TTTTTTTTTTTTTTTTTTTTTTTTTTTTTT MPP_DIAG    TELAPSE    90936.20 TCPU    90784.80

    ALPHA      ELECTRONS
 INSULATING STATE
 TOP OF VALENCE BANDS -    BAND    921; K    2; EIG -2.5433605E-01 AU
 TOP OF VALENCE BANDS -    BAND    921; K    1; EIG -2.5438583E-01 AU
 BOTTOM OF VIRTUAL BANDS - BAND    922; K    2; EIG -1.5339335E-01 AU
 DIRECT ENERGY BAND GAP:   2.7468 eV
 BOTTOM OF VIRTUAL BANDS - BAND    922; K    1; EIG -1.5194788E-01 AU

    BETA       ELECTRONS
 INSULATING STATE
 TOP OF VALENCE BANDS -    BAND    921; K    2; EIG -2.5433605E-01 AU
 TOP OF VALENCE BANDS -    BAND    921; K    1; EIG -2.5438583E-01 AU
 BOTTOM OF VIRTUAL BANDS - BAND    922; K    2; EIG -1.5339335E-01 AU
 DIRECT ENERGY BAND GAP:   2.7468 eV
 BOTTOM OF VIRTUAL BANDS - BAND    922; K    1; EIG -1.5194788E-01 AU
 TTTTTTTTTTTTTTTTTTTTTTTTTTTTTT FERMI       TELAPSE    90936.20 TCPU    90784.80
 TTTTTTTTTTTTTTTTTTTTTTTTTTTTTT MPP_PDIG    TELAPSE    90937.58 TCPU    90786.18
 TTTTTTTTTTTTTTTTTTTTTTTTTTTTTT MPP_PROT    TELAPSE    90937.86 TCPU    90786.46
 TTTTTTTTTTTTTTTTTTTTTTTTTTTTTT MPP_KSPA    TELAPSE    90937.86 TCPU    90786.46
 CHARGE NORMALIZATION FACTOR   1.00000000
 TOTAL ATOMIC CHARGES:
   9.1621233   9.3293717   9.2398603   9.2279255   9.2903267   9.1712432
   9.3530380   9.1899116   9.3574021  27.4220211  27.4444291  27.4245102
  27.4528111  27.4315455  27.4467012  27.4403955  27.4391528  27.4334736
   9.3106950   9.2991949   9.2966635   9.2977520   9.3021507   9.2934524
   9.2962396   9.2907627   9.2985086   9.3118964   9.3016823   9.2970591
   9.3244777   9.3029768   9.3181998   9.2883121   9.3314444   9.3135698
  27.4025958  27.4022616  27.4007366  27.4051836  27.4033783  27.4068069
  27.4064959  27.4023211  27.4040695   9.3285258   9.3308111   9.3273211
   9.3289337   9.3303406   9.3312268   9.3316799   9.3277050   9.3315283
   9.3053224   9.3046213   9.3034298   9.3049737   9.3066840   9.3067842
   9.3069637   9.3037955   9.3040452  27.4330191  27.4329792  27.4331955
  27.4335329  27.4338389  27.4332849  27.4330337  27.4325667  27.4339134
   9.2342963   9.2339442   9.2341338   9.2339606   9.2343360   9.2339144
   9.2341880   9.2344220   9.2346994   8.7414855   0.5695714   0.6836803
   8.6603739   0.6638455   0.6623773   0.6598599   8.6674598   0.6814134
   0.6947479   8.6407955   0.6480076   8.6370236   0.6584089   0.6686337
   8.7502453   0.6301795   0.6381167   0.5948673   8.7326534   0.6802038
   8.6223850   0.6609905   0.6848362   8.7974964   0.5360919   0.6668105
   8.6555987   0.7122603   0.6360470   8.5814519   0.7244130   0.6849949
   8.6104655   0.6706153   0.7029478   0.6933853   8.5655446   0.7199013
   0.6833948   8.6319558   0.6590943   8.6463320   0.6558429   0.6963764
   8.6761705   0.7071593   0.6342859   0.6049760   8.7122835   0.7031955
   8.6246833   0.6726595   0.7108366   8.6481524   0.7121012   0.6474321
   8.6311398   0.6865696   0.6521643   8.5779553   0.7306022   0.6851015
   8.6153891   0.6767917   0.6982739   0.6556414   8.6470670   0.7060198
   0.6919518   8.6260179   0.6639467   8.6117920   0.7023660   0.6896950
   8.7025365   0.6849024   0.6414415   0.5870123   8.7260145   0.6995663
   8.6357945   0.6692573   0.7092456   8.6492279   0.7087075   0.6535141
   8.6265951   0.7047898   0.6435830   8.5862603   0.7272653   0.6809074
   8.6152503   0.6686492   0.7067161   0.7053197   8.5672051   0.7174341
   0.6916792   8.6212398   0.6680011   8.6089785   0.7086279   0.6820247
   8.6874969   0.6922835   0.6429626   0.5913664   8.7362925   0.6941800
   8.6053888   0.6984262   0.7104339   8.6507733   0.7180357   0.6464039
   8.6185867   0.7028365   0.6482594   8.5844758   0.7242128   0.6821480
   8.6187960   0.6705716   0.7032401   0.6144658   8.6898214   0.7172238
   0.6945847   8.6133723   0.6638747   8.6600539   0.6513171   0.6911709
   8.6809495   0.6872443   0.6514930   0.5817871   8.7421387   0.6887106
   8.6205238   0.6873727   0.7054115   8.6488312   0.7180780   0.6438342
   8.6656113   0.6967349   0.6198676   8.6133721   0.7010199   0.6803979
   8.6095308   0.6863674   0.7072964   0.6361323   8.6546729   0.6954846
   0.7196423   8.6167795   0.6626423   8.6500940   0.6664532   0.6832310
   8.6914408   0.6515662   0.6694864   0.6243850   8.6995672   0.6800427
   8.6251550   0.6846935   0.6927967   8.6152033   0.6868207   0.6838181
   8.6623732   0.6935898   0.6438702
 SUMMED SPIN DENSITY           0.00000000
 TOTAL ATOMIC SPINS  :
  -0.0000000  -0.0000000   0.0000000  -0.0000000  -0.0000000  -0.0000000
   0.0000000  -0.0000000  -0.0000000   0.0000000   0.0000000   0.0000000
   0.0000000   0.0000000   0.0000000   0.0000000  -0.0000000   0.0000000
  -0.0000000  -0.0000000  -0.0000000  -0.0000000   0.0000000  -0.0000000
  -0.0000000   0.0000000  -0.0000000   0.0000000  -0.0000000  -0.0000000
  -0.0000000  -0.0000000  -0.0000000   0.0000000  -0.0000000  -0.0000000
   0.0000000  -0.0000000  -0.0000000  -0.0000000   0.0000000   0.0000000
   0.0000000   0.0000000   0.0000000   0.0000000   0.0000000  -0.0000000
  -0.0000000  -0.0000000   0.0000000   0.0000000   0.0000000   0.0000000
  -0.0000000  -0.0000000   0.0000000   0.0000000   0.0000000   0.0000000
  -0.0000000  -0.0000000  -0.0000000   0.0000000   0.0000000  -0.0000000
   0.0000000  -0.0000000   0.0000000  -0.0000000  -0.0000000  -0.0000000
   0.0000000   0.0000000  -0.0000000   0.0000000   0.0000000   0.0000000
  -0.0000000   0.0000000   0.0000000  -0.0000000   0.0000000   0.0000000
  -0.0000000   0.0000000   0.0000000   0.0000000  -0.0000000   0.0000000
  -0.0000000   0.0000000  -0.0000000   0.0000000  -0.0000000  -0.0000000
   0.0000000  -0.0000000  -0.0000000  -0.0000000   0.0000000  -0.0000000
   0.0000000  -0.0000000  -0.0000000  -0.0000000   0.0000000   0.0000000
   0.0000000  -0.0000000  -0.0000000  -0.0000000   0.0000000   0.0000000
  -0.0000000   0.0000000   0.0000000   0.0000000  -0.0000000   0.0000000
  -0.0000000   0.0000000  -0.0000000  -0.0000000   0.0000000   0.0000000
   0.0000000  -0.0000000  -0.0000000   0.0000000  -0.0000000   0.0000000
   0.0000000  -0.0000000  -0.0000000  -0.0000000  -0.0000000   0.0000000
   0.0000000   0.0000000  -0.0000000  -0.0000000   0.0000000  -0.0000000
   0.0000000  -0.0000000  -0.0000000  -0.0000000   0.0000000  -0.0000000
  -0.0000000   0.0000000  -0.0000000  -0.0000000   0.0000000   0.0000000
  -0.0000000   0.0000000   0.0000000   0.0000000  -0.0000000   0.0000000
  -0.0000000   0.0000000   0.0000000   0.0000000  -0.0000000  -0.0000000
  -0.0000000   0.0000000   0.0000000  -0.0000000   0.0000000   0.0000000
  -0.0000000   0.0000000   0.0000000  -0.0000000   0.0000000  -0.0000000
  -0.0000000   0.0000000  -0.0000000   0.0000000   0.0000000  -0.0000000
  -0.0000000   0.0000000   0.0000000   0.0000000   0.0000000  -0.0000000
  -0.0000000   0.0000000   0.0000000   0.0000000  -0.0000000  -0.0000000
  -0.0000000   0.0000000   0.0000000  -0.0000000   0.0000000   0.0000000
  -0.0000000   0.0000000   0.0000000  -0.0000000   0.0000000  -0.0000000
   0.0000000  -0.0000000   0.0000000  -0.0000000   0.0000000   0.0000000
  -0.0000000   0.0000000  -0.0000000   0.0000000  -0.0000000   0.0000000
  -0.0000000   0.0000000   0.0000000  -0.0000000   0.0000000   0.0000000
  -0.0000000   0.0000000   0.0000000  -0.0000000   0.0000000   0.0000000
  -0.0000000   0.0000000   0.0000000  -0.0000000   0.0000000  -0.0000000
   0.0000000  -0.0000000   0.0000000   0.0000000  -0.0000000  -0.0000000
   0.0000000  -0.0000000  -0.0000000   0.0000000  -0.0000000   0.0000000
   0.0000000  -0.0000000  -0.0000000  -0.0000000   0.0000000   0.0000000
   0.0000000  -0.0000000  -0.0000000
 TTTTTTTTTTTTTTTTTTTTTTTTTTTTTT MOQGAD      TELAPSE    90937.92 TCPU    90786.52
 TTTTTTTTTTTTTTTTTTTTTTTTTTTTTT SHELLXN     TELAPSE    91175.98 TCPU    91024.50
 TTTTTTTTTTTTTTTTTTTTTTTTTTTTTT MONMO3      TELAPSE    91199.33 TCPU    91047.85
 NUMERICALLY INTEGRATED DENSITY    921.0003846712    921.0003846712
 TTTTTTTTTTTTTTTTTTTTTTTTTTTTTT NUMDFT      TELAPSE    91232.12 TCPU    91080.63
 CYC   5 ETOT(AU) -2.147957839817E+04 DETOT -7.79E-04 tst  8.55E-07 PX  1.44E-02
 CYCLE  5 WAVE FUNCTION SAVED IN FORTRAN UNIT 79
 TTTTTTTTTTTTTTTTTTTTTTTTTTTTTT MPP_TRAF    TELAPSE    91237.61 TCPU    91085.55
 TTTTTTTTTTTTTTTTTTTTTTTTTTTTTT MPP_DIAG    TELAPSE    91243.46 TCPU    91091.39
 TTTTTTTTTTTTTTTTTTTTTTTTTTTTTT MPP_DIIS    TELAPSE    91243.48 TCPU    91091.40
 DIIS TEST: 0.40766E-02 AT SCF   CYCLE   5 - DIIS ACTIVE - HISTORY:     5 CYCLES
 MAXIMUM MEMORY OCCUPIED BY DIIS:     27.519 Mb PER CORE 
 TTTTTTTTTTTTTTTTTTTTTTTTTTTTTT MPP_TRAF    TELAPSE    91248.12 TCPU    91096.04
 TTTTTTTTTTTTTTTTTTTTTTTTTTTTTT MPP_DIAG    TELAPSE    91264.84 TCPU    91112.65

    ALPHA      ELECTRONS
 INSULATING STATE
 TOP OF VALENCE BANDS -    BAND    921; K    2; EIG -2.5542670E-01 AU
 TOP OF VALENCE BANDS -    BAND    921; K    1; EIG -2.5547653E-01 AU
 BOTTOM OF VIRTUAL BANDS - BAND    922; K    2; EIG -1.5312881E-01 AU
 DIRECT ENERGY BAND GAP:   2.7837 eV
 BOTTOM OF VIRTUAL BANDS - BAND    922; K    1; EIG -1.5176372E-01 AU

    BETA       ELECTRONS
 INSULATING STATE
 TOP OF VALENCE BANDS -    BAND    921; K    2; EIG -2.5542670E-01 AU
 TOP OF VALENCE BANDS -    BAND    921; K    1; EIG -2.5547653E-01 AU
 BOTTOM OF VIRTUAL BANDS - BAND    922; K    2; EIG -1.5312881E-01 AU
 DIRECT ENERGY BAND GAP:   2.7837 eV
 BOTTOM OF VIRTUAL BANDS - BAND    922; K    1; EIG -1.5176372E-01 AU
 TTTTTTTTTTTTTTTTTTTTTTTTTTTTTT FERMI       TELAPSE    91264.84 TCPU    91112.65
 TTTTTTTTTTTTTTTTTTTTTTTTTTTTTT MPP_PDIG    TELAPSE    91266.23 TCPU    91114.04
 TTTTTTTTTTTTTTTTTTTTTTTTTTTTTT MPP_PROT    TELAPSE    91266.51 TCPU    91114.32
 TTTTTTTTTTTTTTTTTTTTTTTTTTTTTT MPP_KSPA    TELAPSE    91266.51 TCPU    91114.32
 CHARGE NORMALIZATION FACTOR   1.00000000
 TOTAL ATOMIC CHARGES:
   9.1719004   9.3282346   9.2435661   9.2348311   9.2961383   9.1751805
   9.3543753   9.1931102   9.3617417  27.4262317  27.4255148  27.4213345
  27.4500779  27.4315919  27.4412110  27.4263205  27.4435089  27.4347323
   9.3137359   9.3007857   9.2956808   9.2980630   9.3049667   9.2948320
   9.2976101   9.2889992   9.3002714   9.3123685   9.3027759   9.2975124
   9.3247785   9.3034526   9.3185645   9.2892908   9.3315078   9.3138927
  27.4033755  27.4027432  27.4013711  27.4038644  27.4037331  27.4048875
  27.4047312  27.4024887  27.4048698   9.3278276   9.3297758   9.3264276
   9.3282821   9.3295987   9.3305017   9.3309666   9.3268381   9.3308835
   9.3049451   9.3041521   9.3029840   9.3045046   9.3062210   9.3064153
   9.3066197   9.3033090   9.3036610  27.4330219  27.4335161  27.4334835
  27.4336395  27.4337142  27.4331744  27.4330953  27.4330161  27.4334963
   9.2333786   9.2331152   9.2332046   9.2331048   9.2333351   9.2330540
   9.2333542   9.2334406   9.2336267   8.7413081   0.5699025   0.6837252
   8.6606824   0.6638108   0.6622744   0.6598541   8.6675499   0.6815278
   0.6943360   8.6417680   0.6478080   8.6371908   0.6583889   0.6685999
   8.7500327   0.6303911   0.6382166   0.5948562   8.7330166   0.6801564
   8.6226874   0.6611571   0.6848568   8.7978358   0.5362352   0.6666685
   8.6553942   0.7124780   0.6361977   8.5813711   0.7243934   0.6850311
   8.6107908   0.6704711   0.7028245   0.6929681   8.5663963   0.7196756
   0.6838623   8.6310866   0.6593151   8.6460470   0.6559632   0.6965410
   8.6761217   0.7070887   0.6342510   0.6049562   8.7123338   0.7032003
   8.6248531   0.6725667   0.7108397   8.6482970   0.7120112   0.6474073
   8.6308873   0.6866694   0.6522256   8.5779715   0.7306044   0.6851340
   8.6155706   0.6767374   0.6981979   0.6570524   8.6446790   0.7067913
   0.6918783   8.6259946   0.6639853   8.6116164   0.7024941   0.6897624
   8.7022179   0.6851559   0.6415755   0.5869656   8.7262746   0.6994919
   8.6355542   0.6694134   0.7093001   8.6494607   0.7086241   0.6534281
   8.6264379   0.7047969   0.6436298   8.5862558   0.7272713   0.6808987
   8.6154129   0.6686103   0.7065980   0.7051101   8.5677499   0.7173592
   0.6919121   8.6208989   0.6680959   8.6092684   0.7085931   0.6819123
   8.6873893   0.6923568   0.6429887   0.5913662   8.7363032   0.6941478
   8.6056268   0.6982944   0.7103449   8.6509366   0.7179489   0.6463979
   8.6186070   0.7028676   0.6482762   8.5845492   0.7242012   0.6821196
   8.6189844   0.6704958   0.7031290   0.6150880   8.6881176   0.7179474
   0.6946746   8.6132746   0.6638988   8.6586503   0.6519429   0.6917262
   8.6808047   0.6873558   0.6515581   0.5817684   8.7423543   0.6886666
   8.6206101   0.6873243   0.7053899   8.6488855   0.7180825   0.6438296
   8.6647585   0.6970804   0.6202013   8.6133765   0.7010108   0.6803987
   8.6095673   0.6863611   0.7072624   0.6360715   8.6549469   0.6954133
   0.7196349   8.6167584   0.6626478   8.6502021   0.6664876   0.6832289
   8.6912307   0.6516283   0.6696005   0.6243799   8.6996048   0.6800179
   8.6252226   0.6846343   0.6927790   8.6152026   0.6868129   0.6838213
   8.6623588   0.6936070   0.6438736
 SUMMED SPIN DENSITY           0.00000000
 TOTAL ATOMIC SPINS  :
   0.0000000  -0.0000000  -0.0000000  -0.0000000  -0.0000000  -0.0000000
  -0.0000000  -0.0000000  -0.0000000   0.0000000   0.0000000   0.0000000
   0.0000000   0.0000000   0.0000000  -0.0000000  -0.0000000   0.0000000
  -0.0000000  -0.0000000  -0.0000000  -0.0000000   0.0000000  -0.0000000
  -0.0000000   0.0000000   0.0000000   0.0000000   0.0000000  -0.0000000
  -0.0000000  -0.0000000  -0.0000000   0.0000000  -0.0000000  -0.0000000
  -0.0000000  -0.0000000  -0.0000000   0.0000000   0.0000000  -0.0000000
   0.0000000   0.0000000   0.0000000   0.0000000   0.0000000  -0.0000000
   0.0000000  -0.0000000   0.0000000  -0.0000000   0.0000000   0.0000000
  -0.0000000   0.0000000  -0.0000000   0.0000000   0.0000000   0.0000000
  -0.0000000  -0.0000000  -0.0000000   0.0000000   0.0000000   0.0000000
   0.0000000  -0.0000000   0.0000000  -0.0000000  -0.0000000   0.0000000
   0.0000000   0.0000000  -0.0000000   0.0000000  -0.0000000   0.0000000
  -0.0000000   0.0000000   0.0000000  -0.0000000   0.0000000   0.0000000
  -0.0000000   0.0000000   0.0000000   0.0000000  -0.0000000   0.0000000
  -0.0000000  -0.0000000   0.0000000   0.0000000  -0.0000000  -0.0000000
   0.0000000   0.0000000   0.0000000  -0.0000000   0.0000000  -0.0000000
   0.0000000  -0.0000000  -0.0000000  -0.0000000   0.0000000   0.0000000
  -0.0000000   0.0000000   0.0000000  -0.0000000   0.0000000   0.0000000
  -0.0000000   0.0000000   0.0000000   0.0000000  -0.0000000   0.0000000
  -0.0000000   0.0000000  -0.0000000   0.0000000  -0.0000000  -0.0000000
   0.0000000  -0.0000000  -0.0000000   0.0000000  -0.0000000   0.0000000
   0.0000000  -0.0000000  -0.0000000  -0.0000000  -0.0000000   0.0000000
   0.0000000   0.0000000  -0.0000000  -0.0000000   0.0000000  -0.0000000
   0.0000000  -0.0000000  -0.0000000  -0.0000000   0.0000000  -0.0000000
  -0.0000000   0.0000000  -0.0000000  -0.0000000   0.0000000   0.0000000
  -0.0000000   0.0000000   0.0000000   0.0000000  -0.0000000  -0.0000000
   0.0000000   0.0000000   0.0000000   0.0000000  -0.0000000  -0.0000000
  -0.0000000   0.0000000   0.0000000  -0.0000000   0.0000000   0.0000000
  -0.0000000   0.0000000   0.0000000  -0.0000000   0.0000000  -0.0000000
  -0.0000000   0.0000000  -0.0000000   0.0000000   0.0000000  -0.0000000
  -0.0000000   0.0000000   0.0000000   0.0000000   0.0000000  -0.0000000
  -0.0000000   0.0000000   0.0000000   0.0000000  -0.0000000  -0.0000000
  -0.0000000   0.0000000   0.0000000  -0.0000000   0.0000000   0.0000000
  -0.0000000   0.0000000   0.0000000  -0.0000000   0.0000000  -0.0000000
   0.0000000  -0.0000000   0.0000000  -0.0000000   0.0000000   0.0000000
  -0.0000000   0.0000000   0.0000000  -0.0000000   0.0000000  -0.0000000
  -0.0000000   0.0000000   0.0000000  -0.0000000  -0.0000000   0.0000000
   0.0000000  -0.0000000   0.0000000  -0.0000000   0.0000000   0.0000000
  -0.0000000   0.0000000   0.0000000  -0.0000000   0.0000000  -0.0000000
  -0.0000000  -0.0000000   0.0000000   0.0000000  -0.0000000   0.0000000
   0.0000000  -0.0000000  -0.0000000   0.0000000  -0.0000000   0.0000000
   0.0000000  -0.0000000  -0.0000000  -0.0000000   0.0000000   0.0000000
   0.0000000  -0.0000000  -0.0000000
 TTTTTTTTTTTTTTTTTTTTTTTTTTTTTT MOQGAD      TELAPSE    91266.57 TCPU    91114.39
 TTTTTTTTTTTTTTTTTTTTTTTTTTTTTT SHELLXN     TELAPSE    91505.03 TCPU    91352.75
 TTTTTTTTTTTTTTTTTTTTTTTTTTTTTT MONMO3      TELAPSE    91528.27 TCPU    91375.99
 NUMERICALLY INTEGRATED DENSITY    921.0003844880    921.0003844880
 TTTTTTTTTTTTTTTTTTTTTTTTTTTTTT NUMDFT      TELAPSE    91561.04 TCPU    91408.75
 CYC   6 ETOT(AU) -2.147957877521E+04 DETOT -3.77E-04 tst  1.10E-07 PX  5.81E-03
 CYCLE  6 WAVE FUNCTION SAVED IN FORTRAN UNIT 79
 TTTTTTTTTTTTTTTTTTTTTTTTTTTTTT MPP_TRAF    TELAPSE    91566.58 TCPU    91413.50
 TTTTTTTTTTTTTTTTTTTTTTTTTTTTTT MPP_DIAG    TELAPSE    91572.37 TCPU    91419.28
 TTTTTTTTTTTTTTTTTTTTTTTTTTTTTT MPP_DIIS    TELAPSE    91572.39 TCPU    91419.30
 DIIS TEST: 0.22483E-03 AT SCF   CYCLE   6 - DIIS ACTIVE - HISTORY:     6 CYCLES
 MAXIMUM MEMORY OCCUPIED BY DIIS:     33.023 Mb PER CORE 
 TTTTTTTTTTTTTTTTTTTTTTTTTTTTTT MPP_TRAF    TELAPSE    91577.08 TCPU    91423.98
 TTTTTTTTTTTTTTTTTTTTTTTTTTTTTT MPP_DIAG    TELAPSE    91593.96 TCPU    91440.76

    ALPHA      ELECTRONS
 INSULATING STATE
 TOP OF VALENCE BANDS -    BAND    921; K    2; EIG -2.5496680E-01 AU
 TOP OF VALENCE BANDS -    BAND    921; K    1; EIG -2.5501634E-01 AU
 BOTTOM OF VIRTUAL BANDS - BAND    922; K    2; EIG -1.5343782E-01 AU
 DIRECT ENERGY BAND GAP:   2.7627 eV
 BOTTOM OF VIRTUAL BANDS - BAND    922; K    1; EIG -1.5207851E-01 AU

    BETA       ELECTRONS
 INSULATING STATE
 TOP OF VALENCE BANDS -    BAND    921; K    2; EIG -2.5496680E-01 AU
 TOP OF VALENCE BANDS -    BAND    921; K    1; EIG -2.5501634E-01 AU
 BOTTOM OF VIRTUAL BANDS - BAND    922; K    2; EIG -1.5343782E-01 AU
 DIRECT ENERGY BAND GAP:   2.7627 eV
 BOTTOM OF VIRTUAL BANDS - BAND    922; K    1; EIG -1.5207851E-01 AU
 TTTTTTTTTTTTTTTTTTTTTTTTTTTTTT FERMI       TELAPSE    91593.96 TCPU    91440.76
 TTTTTTTTTTTTTTTTTTTTTTTTTTTTTT MPP_PDIG    TELAPSE    91595.34 TCPU    91442.14
 TTTTTTTTTTTTTTTTTTTTTTTTTTTTTT MPP_PROT    TELAPSE    91595.62 TCPU    91442.41
 TTTTTTTTTTTTTTTTTTTTTTTTTTTTTT MPP_KSPA    TELAPSE    91595.62 TCPU    91442.41
 CHARGE NORMALIZATION FACTOR   1.00000000
 TOTAL ATOMIC CHARGES:
   9.1707394   9.3247987   9.2401655   9.2354724   9.2961858   9.1753976
   9.3540481   9.1912730   9.3613622  27.4253728  27.4316863  27.4209309
  27.4504970  27.4317782  27.4423856  27.4318473  27.4416066  27.4403566
   9.3129540   9.3005655   9.2947805   9.2976369   9.3043870   9.2944646
   9.2970743   9.2878687   9.2992925   9.3117086   9.3019503   9.2967481
   9.3239758   9.3028588   9.3179411   9.2884231   9.3311686   9.3137115
  27.4028621  27.4031538  27.4014986  27.4048068  27.4037906  27.4062519
  27.4056881  27.4029468  27.4047627   9.3278209   9.3299164   9.3266092
   9.3282536   9.3295213   9.3303242   9.3308074   9.3269238   9.3307791
   9.3048381   9.3040351   9.3028785   9.3043271   9.3061055   9.3062147
   9.3064654   9.3032353   9.3036022  27.4333037  27.4335557  27.4335760
  27.4337805  27.4340233  27.4336180  27.4334639  27.4331084  27.4340529
   9.2335342   9.2332483   9.2333469   9.2331681   9.2335059   9.2331776
   9.2334851   9.2336184   9.2338826   8.7414019   0.5698419   0.6835746
   8.6606709   0.6637793   0.6623211   0.6597890   8.6676264   0.6814281
   0.6942939   8.6418616   0.6477559   8.6373464   0.6582737   0.6685025
   8.7500860   0.6303506   0.6381392   0.5948530   8.7328837   0.6801864
   8.6226713   0.6611055   0.6846820   8.7978437   0.5362616   0.6666742
   8.6556494   0.7124608   0.6361528   8.5814546   0.7244833   0.6848658
   8.6107329   0.6704881   0.7028516   0.6929897   8.5662867   0.7196962
   0.6839546   8.6310267   0.6593151   8.6460347   0.6559991   0.6964618
   8.6762040   0.7070881   0.6342012   0.6049637   8.7123718   0.7031313
   8.6248545   0.6725705   0.7107892   8.6483200   0.7120871   0.6473598
   8.6308689   0.6867615   0.6521704   8.5780163   0.7306561   0.6850200
   8.6155963   0.6767111   0.6981871   0.6567917   8.6450394   0.7067882
   0.6919564   8.6259461   0.6639842   8.6116176   0.7025440   0.6896734
   8.7021493   0.6852238   0.6415566   0.5869148   8.7261979   0.6995235
   8.6356417   0.6693586   0.7092692   8.6494054   0.7086888   0.6534480
   8.6264209   0.7049016   0.6436050   8.5863137   0.7272568   0.6808173
   8.6153970   0.6686277   0.7066198   0.7051872   8.5674733   0.7174196
   0.6919674   8.6208326   0.6680937   8.6092385   0.7086134   0.6818637
   8.6874004   0.6923159   0.6429709   0.5913720   8.7363505   0.6940928
   8.6056379   0.6982816   0.7103324   8.6509249   0.7179901   0.6463547
   8.6185230   0.7029082   0.6483101   8.5845909   0.7241792   0.6820775
   8.6189717   0.6705005   0.7031495   0.6150361   8.6883124   0.7179148
   0.6946897   8.6132296   0.6639060   8.6587245   0.6519151   0.6917037
   8.6807924   0.6873515   0.6515708   0.5818075   8.7421816   0.6887193
   8.6206084   0.6873299   0.7053829   8.6488921   0.7180609   0.6438332
   8.6648092   0.6970906   0.6201984   8.6133825   0.7010116   0.6803906
   8.6095629   0.6863641   0.7072652   0.6361321   8.6547340   0.6954784
   0.7196515   8.6167617   0.6626342   8.6500304   0.6665515   0.6832807
   8.6912135   0.6516255   0.6696220   0.6243833   8.6995922   0.6800337
   8.6252537   0.6846173   0.6927629   8.6152085   0.6868109   0.6838241
   8.6623615   0.6936157   0.6438601
 SUMMED SPIN DENSITY           0.00000000
 TOTAL ATOMIC SPINS  :
   0.0000000  -0.0000000  -0.0000000  -0.0000000  -0.0000000  -0.0000000
   0.0000000  -0.0000000  -0.0000000   0.0000000   0.0000000   0.0000000
   0.0000000  -0.0000000   0.0000000   0.0000000  -0.0000000  -0.0000000
  -0.0000000  -0.0000000   0.0000000  -0.0000000   0.0000000  -0.0000000
  -0.0000000  -0.0000000  -0.0000000   0.0000000   0.0000000   0.0000000
  -0.0000000  -0.0000000  -0.0000000   0.0000000  -0.0000000   0.0000000
  -0.0000000  -0.0000000  -0.0000000   0.0000000   0.0000000  -0.0000000
  -0.0000000   0.0000000   0.0000000   0.0000000   0.0000000  -0.0000000
  -0.0000000  -0.0000000   0.0000000   0.0000000  -0.0000000   0.0000000
  -0.0000000   0.0000000  -0.0000000  -0.0000000   0.0000000  -0.0000000
   0.0000000  -0.0000000  -0.0000000   0.0000000   0.0000000   0.0000000
   0.0000000   0.0000000   0.0000000  -0.0000000  -0.0000000   0.0000000
   0.0000000  -0.0000000   0.0000000   0.0000000   0.0000000   0.0000000
  -0.0000000   0.0000000   0.0000000  -0.0000000   0.0000000   0.0000000
   0.0000000   0.0000000  -0.0000000   0.0000000   0.0000000   0.0000000
   0.0000000  -0.0000000  -0.0000000   0.0000000  -0.0000000  -0.0000000
  -0.0000000   0.0000000   0.0000000  -0.0000000   0.0000000  -0.0000000
   0.0000000  -0.0000000   0.0000000  -0.0000000   0.0000000   0.0000000
   0.0000000  -0.0000000   0.0000000  -0.0000000   0.0000000   0.0000000
  -0.0000000   0.0000000   0.0000000   0.0000000  -0.0000000   0.0000000
  -0.0000000   0.0000000  -0.0000000  -0.0000000   0.0000000   0.0000000
   0.0000000  -0.0000000  -0.0000000   0.0000000  -0.0000000  -0.0000000
   0.0000000   0.0000000  -0.0000000  -0.0000000  -0.0000000   0.0000000
  -0.0000000   0.0000000   0.0000000  -0.0000000   0.0000000   0.0000000
   0.0000000  -0.0000000  -0.0000000  -0.0000000   0.0000000  -0.0000000
   0.0000000  -0.0000000   0.0000000  -0.0000000   0.0000000   0.0000000
  -0.0000000   0.0000000  -0.0000000   0.0000000  -0.0000000  -0.0000000
   0.0000000   0.0000000   0.0000000   0.0000000  -0.0000000  -0.0000000
   0.0000000   0.0000000  -0.0000000  -0.0000000   0.0000000   0.0000000
  -0.0000000   0.0000000   0.0000000  -0.0000000   0.0000000  -0.0000000
  -0.0000000   0.0000000  -0.0000000   0.0000000   0.0000000  -0.0000000
  -0.0000000   0.0000000   0.0000000   0.0000000   0.0000000  -0.0000000
  -0.0000000   0.0000000   0.0000000   0.0000000  -0.0000000  -0.0000000
  -0.0000000   0.0000000   0.0000000  -0.0000000   0.0000000   0.0000000
  -0.0000000  -0.0000000  -0.0000000  -0.0000000  -0.0000000   0.0000000
  -0.0000000   0.0000000  -0.0000000  -0.0000000   0.0000000   0.0000000
   0.0000000  -0.0000000  -0.0000000  -0.0000000   0.0000000   0.0000000
  -0.0000000   0.0000000   0.0000000  -0.0000000   0.0000000   0.0000000
   0.0000000  -0.0000000  -0.0000000  -0.0000000   0.0000000   0.0000000
  -0.0000000   0.0000000   0.0000000   0.0000000  -0.0000000   0.0000000
   0.0000000  -0.0000000   0.0000000   0.0000000  -0.0000000  -0.0000000
  -0.0000000  -0.0000000  -0.0000000   0.0000000  -0.0000000   0.0000000
   0.0000000  -0.0000000  -0.0000000  -0.0000000   0.0000000   0.0000000
  -0.0000000   0.0000000   0.0000000
 TTTTTTTTTTTTTTTTTTTTTTTTTTTTTT MOQGAD      TELAPSE    91595.68 TCPU    91442.48
 TTTTTTTTTTTTTTTTTTTTTTTTTTTTTT SHELLXN     TELAPSE    91834.05 TCPU    91680.77
 TTTTTTTTTTTTTTTTTTTTTTTTTTTTTT MONMO3      TELAPSE    91857.31 TCPU    91704.02
 NUMERICALLY INTEGRATED DENSITY    921.0003845064    921.0003845064
 TTTTTTTTTTTTTTTTTTTTTTTTTTTTTT NUMDFT      TELAPSE    91890.18 TCPU    91736.88
 CYC   7 ETOT(AU) -2.147957877422E+04 DETOT  9.87E-07 tst  1.39E-08 PX  2.13E-03
 CYCLE  7 WAVE FUNCTION SAVED IN FORTRAN UNIT 79
 TTTTTTTTTTTTTTTTTTTTTTTTTTTTTT MPP_TRAF    TELAPSE    91895.69 TCPU    91741.56
 TTTTTTTTTTTTTTTTTTTTTTTTTTTTTT MPP_DIAG    TELAPSE    91902.10 TCPU    91747.95
 TTTTTTTTTTTTTTTTTTTTTTTTTTTTTT MPP_DIIS    TELAPSE    91902.12 TCPU    91747.97
 DIIS TEST: 0.16795E-03 AT SCF   CYCLE   7 - DIIS ACTIVE - HISTORY:     7 CYCLES
 MAXIMUM MEMORY OCCUPIED BY DIIS:     38.526 Mb PER CORE 
 TTTTTTTTTTTTTTTTTTTTTTTTTTTTTT MPP_TRAF    TELAPSE    91906.85 TCPU    91752.70
 TTTTTTTTTTTTTTTTTTTTTTTTTTTTTT MPP_DIAG    TELAPSE    91923.66 TCPU    91769.40

    ALPHA      ELECTRONS
 INSULATING STATE
 TOP OF VALENCE BANDS -    BAND    921; K    2; EIG -2.5485196E-01 AU
 TOP OF VALENCE BANDS -    BAND    921; K    1; EIG -2.5490139E-01 AU
 BOTTOM OF VIRTUAL BANDS - BAND    922; K    2; EIG -1.5350129E-01 AU
 DIRECT ENERGY BAND GAP:   2.7579 eV
 BOTTOM OF VIRTUAL BANDS - BAND    922; K    1; EIG -1.5212073E-01 AU

    BETA       ELECTRONS
 INSULATING STATE
 TOP OF VALENCE BANDS -    BAND    921; K    2; EIG -2.5485196E-01 AU
 TOP OF VALENCE BANDS -    BAND    921; K    1; EIG -2.5490139E-01 AU
 BOTTOM OF VIRTUAL BANDS - BAND    922; K    2; EIG -1.5350129E-01 AU
 DIRECT ENERGY BAND GAP:   2.7579 eV
 BOTTOM OF VIRTUAL BANDS - BAND    922; K    1; EIG -1.5212073E-01 AU
 TTTTTTTTTTTTTTTTTTTTTTTTTTTTTT FERMI       TELAPSE    91923.66 TCPU    91769.41
 TTTTTTTTTTTTTTTTTTTTTTTTTTTTTT MPP_PDIG    TELAPSE    91925.04 TCPU    91770.78
 TTTTTTTTTTTTTTTTTTTTTTTTTTTTTT MPP_PROT    TELAPSE    91925.32 TCPU    91771.06
 TTTTTTTTTTTTTTTTTTTTTTTTTTTTTT MPP_KSPA    TELAPSE    91925.32 TCPU    91771.06
 CHARGE NORMALIZATION FACTOR   1.00000000
 TOTAL ATOMIC CHARGES:
   9.1709158   9.3260424   9.2419622   9.2348820   9.2960150   9.1749517
   9.3539878   9.1921764   9.3613925  27.4259902  27.4289851  27.4217219
  27.4505529  27.4319252  27.4421860  27.4287544  27.4426730  27.4354272
   9.3134839   9.3007650   9.2955735   9.2978065   9.3046648   9.2945506
   9.2973694   9.2887160   9.3000789   9.3119188   9.3021571   9.2970773
   9.3243409   9.3031111   9.3181652   9.2886667   9.3313725   9.3139346
  27.4031581  27.4027930  27.4014498  27.4042952  27.4037099  27.4054197
  27.4051895  27.4027141  27.4048190   9.3279381   9.3300325   9.3266441
   9.3283640   9.3297010   9.3305637   9.3310307   9.3270121   9.3309706
   9.3049428   9.3041648   9.3029871   9.3044981   9.3062256   9.3064066
   9.3066276   9.3033369   9.3036997  27.4331166  27.4334884  27.4335094
  27.4337133  27.4338329  27.4333065  27.4331848  27.4330115  27.4336807
   9.2335870   9.2333062   9.2334162   9.2333016   9.2335563   9.2332601
   9.2335585   9.2336695   9.2338770   8.7414616   0.5698123   0.6835517
   8.6607004   0.6637679   0.6623114   0.6598194   8.6676666   0.6814085
   0.6944184   8.6416995   0.6477681   8.6373482   0.6582735   0.6684773
   8.7501565   0.6303413   0.6380966   0.5948191   8.7328943   0.6801508
   8.6227373   0.6611154   0.6846703   8.7977643   0.5362879   0.6667066
   8.6556341   0.7125523   0.6360893   8.5814770   0.7245397   0.6847989
   8.6106858   0.6705079   0.7028626   0.6930335   8.5661797   0.7197221
   0.6839363   8.6311229   0.6592819   8.6460757   0.6559957   0.6964211
   8.6762244   0.7071205   0.6341900   0.6049709   8.7123901   0.7030954
   8.6248560   0.6725770   0.7107724   8.6482850   0.7121509   0.6473427
   8.6308906   0.6867847   0.6521420   8.5780311   0.7306789   0.6849701
   8.6155861   0.6767061   0.6981895   0.6565616   8.6453713   0.7067410
   0.6919930   8.6259457   0.6639699   8.6116382   0.7025503   0.6896289
   8.7021709   0.6852208   0.6415275   0.5868931   8.7261520   0.6995415
   8.6356924   0.6693216   0.7092611   8.6493604   0.7087190   0.6534663
   8.6264259   0.7049476   0.6435906   8.5863305   0.7272518   0.6807858
   8.6153760   0.6686388   0.7066396   0.7052144   8.5673682   0.7174207
   0.6919569   8.6208621   0.6680763   8.6092056   0.7086243   0.6818481
   8.6874204   0.6922885   0.6429555   0.5913767   8.7363577   0.6940751
   8.6056190   0.6982880   0.7103366   8.6508916   0.7180177   0.6463367
   8.6185016   0.7029117   0.6483224   8.5845956   0.7241723   0.6820629
   8.6189438   0.6705113   0.7031716   0.6149541   8.6885449   0.7178372
   0.6946815   8.6132309   0.6639003   8.6589126   0.6518292   0.6916348
   8.6808078   0.6873331   0.6515657   0.5818188   8.7421263   0.6887332
   8.6205999   0.6873381   0.7053818   8.6488865   0.7180508   0.6438361
   8.6649103   0.6970591   0.6201660   8.6133822   0.7010137   0.6803878
   8.6095564   0.6863666   0.7072708   0.6361429   8.6546699   0.6954915
   0.7196584   8.6167661   0.6626238   8.6499848   0.6665632   0.6832861
   8.6912351   0.6516129   0.6696191   0.6243855   8.6995816   0.6800435
   8.6252569   0.6846183   0.6927568   8.6152078   0.6868094   0.6838257
   8.6623657   0.6936178   0.6438530
 SUMMED SPIN DENSITY           0.00000000
 TOTAL ATOMIC SPINS  :
   0.0000000  -0.0000000   0.0000000  -0.0000000  -0.0000000  -0.0000000
   0.0000000  -0.0000000  -0.0000000   0.0000000   0.0000000   0.0000000
   0.0000000   0.0000000   0.0000000  -0.0000000  -0.0000000  -0.0000000
  -0.0000000   0.0000000   0.0000000  -0.0000000  -0.0000000  -0.0000000
   0.0000000   0.0000000  -0.0000000   0.0000000   0.0000000   0.0000000
  -0.0000000  -0.0000000  -0.0000000   0.0000000   0.0000000   0.0000000
  -0.0000000  -0.0000000  -0.0000000   0.0000000  -0.0000000  -0.0000000
  -0.0000000   0.0000000   0.0000000   0.0000000  -0.0000000  -0.0000000
   0.0000000  -0.0000000   0.0000000  -0.0000000  -0.0000000   0.0000000
  -0.0000000   0.0000000   0.0000000  -0.0000000  -0.0000000  -0.0000000
  -0.0000000   0.0000000  -0.0000000   0.0000000  -0.0000000   0.0000000
   0.0000000   0.0000000   0.0000000   0.0000000  -0.0000000   0.0000000
   0.0000000  -0.0000000   0.0000000   0.0000000  -0.0000000   0.0000000
  -0.0000000  -0.0000000   0.0000000  -0.0000000   0.0000000   0.0000000
   0.0000000  -0.0000000  -0.0000000   0.0000000   0.0000000  -0.0000000
  -0.0000000   0.0000000  -0.0000000   0.0000000  -0.0000000  -0.0000000
   0.0000000   0.0000000  -0.0000000  -0.0000000   0.0000000  -0.0000000
   0.0000000  -0.0000000   0.0000000  -0.0000000   0.0000000   0.0000000
   0.0000000   0.0000000   0.0000000   0.0000000  -0.0000000  -0.0000000
  -0.0000000   0.0000000   0.0000000   0.0000000  -0.0000000   0.0000000
  -0.0000000   0.0000000  -0.0000000  -0.0000000   0.0000000   0.0000000
   0.0000000   0.0000000  -0.0000000   0.0000000  -0.0000000   0.0000000
   0.0000000  -0.0000000  -0.0000000  -0.0000000   0.0000000   0.0000000
  -0.0000000   0.0000000   0.0000000  -0.0000000   0.0000000   0.0000000
   0.0000000  -0.0000000  -0.0000000  -0.0000000   0.0000000  -0.0000000
  -0.0000000   0.0000000   0.0000000   0.0000000   0.0000000   0.0000000
  -0.0000000  -0.0000000   0.0000000  -0.0000000   0.0000000  -0.0000000
   0.0000000   0.0000000   0.0000000  -0.0000000   0.0000000   0.0000000
   0.0000000  -0.0000000  -0.0000000  -0.0000000  -0.0000000   0.0000000
  -0.0000000   0.0000000   0.0000000  -0.0000000   0.0000000  -0.0000000
  -0.0000000   0.0000000  -0.0000000  -0.0000000   0.0000000   0.0000000
   0.0000000  -0.0000000  -0.0000000   0.0000000  -0.0000000   0.0000000
  -0.0000000   0.0000000   0.0000000   0.0000000  -0.0000000  -0.0000000
  -0.0000000   0.0000000   0.0000000   0.0000000  -0.0000000  -0.0000000
  -0.0000000   0.0000000  -0.0000000   0.0000000   0.0000000  -0.0000000
  -0.0000000  -0.0000000  -0.0000000  -0.0000000   0.0000000   0.0000000
   0.0000000  -0.0000000  -0.0000000  -0.0000000   0.0000000   0.0000000
   0.0000000   0.0000000  -0.0000000  -0.0000000   0.0000000   0.0000000
   0.0000000  -0.0000000  -0.0000000  -0.0000000   0.0000000   0.0000000
  -0.0000000   0.0000000   0.0000000   0.0000000  -0.0000000   0.0000000
  -0.0000000  -0.0000000   0.0000000  -0.0000000   0.0000000   0.0000000
  -0.0000000  -0.0000000   0.0000000  -0.0000000   0.0000000   0.0000000
   0.0000000  -0.0000000  -0.0000000  -0.0000000   0.0000000   0.0000000
  -0.0000000   0.0000000   0.0000000
 TTTTTTTTTTTTTTTTTTTTTTTTTTTTTT MOQGAD      TELAPSE    91925.39 TCPU    91771.12
 TTTTTTTTTTTTTTTTTTTTTTTTTTTTTT SHELLXN     TELAPSE    92163.58 TCPU    92009.24

 ::: DIPOLE MOMENT ALONG NON PERIODIC DIRECTIONS:
 ::: A.U.     (Z)  1.03568E+00
 ::: DEBYE        -2.63244E+00

 +++ ENERGIES IN A.U. +++
 ::: EXT EL-POLE                                  -4.2311870862998E+05
 ::: EXT EL-SPHEROPOLE                             0.0000000000000E+00
 ::: BIELET ZONE E-E                               5.1737914334425E+04
 ::: TOTAL E-E                                    -3.7138079429555E+05
 ::: TOTAL E-N + N-E                               7.2330630159899E+05
 ::: TOTAL N-N                                    -3.8527927979225E+05
 ::: KINETIC ENERGY                                1.3496454892768E+04
 ::: PSEUDO TOTAL   ENERGY                        -1.9857317596044E+04
 ::: VIRIAL COEFFICIENT                            8.0929105679396E-01
 TTTTTTTTTTTTTTTTTTTTTTTTTTTTTT MONMO3      TELAPSE    92187.46 TCPU    92033.11
 NUMERICALLY INTEGRATED DENSITY    921.0003845122    921.0003845122
 TTTTTTTTTTTTTTTTTTTTTTTTTTTTTT NUMDFT      TELAPSE    92220.46 TCPU    92066.10
 CYC   8 ETOT(AU) -2.147957879301E+04 DETOT -1.88E-05 tst  4.78E-09 PX  2.13E-03

 == SCF ENDED - CONVERGENCE ON ENERGY      E(AU) -2.1479578793007E+04 CYCLES   8


 ENERGY EXPRESSION=HARTREE+FOCK EXCH*0.12000+(BECKE      EXCH)*0.88000+LYP        CORR


 TOTAL ENERGY(DFT)(AU)(  8) -2.1479578793007E+04 DE-1.9E-05 tester 4.8E-09
 TTTTTTTTTTTTTTTTTTTTTTTTTTTTTT EDFT        TELAPSE    92220.51 TCPU    92066.16

 *******************************************************************************

 DFT-D3 DISPERSION ENERGY CORRECTION

 D3 DISPERSION ENERGY (AU)       -1.8526588940232E+00
 TOTAL ENERGY + DISP (AU)        -2.1481431451901E+04

 *******************************************************************************

 GRADIENT CALCULATION CANCELLED
 INFORMATION **** EXCBUF **** EXCH. BIPO BUFFER: WORDS USED =     4000000
