 COORDINATE AND CELL OPTIMIZATION - POINT    1
 INFORMATION **** EXCBUF **** EXCH. BIPO BUFFER: WORDS USED =     4000000
 WARNING **** EXCBUF **** EXCH. BIPO BUFFER TOO SMALL - TO AVOID RECALC SET EXCHSIZE =    23973687

 DFT PARAMETERS

     ATOM       ELECTRONS   NET CHARGE   R(ANGSTROM)
   1   8  O       8.0000      0.0000     0.74000000
  10 258  CE     30.0000      0.0000     1.82000000
  83   1  H       1.0000      0.0000     1.11000000

 SIZE OF GRID=    6120207
 TTTTTTTTTTTTTTTTTTTTTTTTTTTTTT MAKE_GRID2_MTELAPSE       24.07 TCPU       22.82
 BECKE WEIGHT FUNCTION
 RADSAFE =     2.00
 TOLERANCES - DENSITY:10**- 6; POTENTIAL:10**- 9; GRID WGT:10**-14

 RADIAL INTEGRATION  - INTERVALS (POINTS,UPPER LIMIT):            1( 75,  4.0*R)

 ANGULAR INTEGRATION - INTERVALS (ACCURACY LEVEL [N. POINTS] UPPER LIMIT):
  1(  4[  86]   0.2)  2(  8[ 194]   0.5)  3( 12[ 350]   0.9)  4( 16[ 974]   3.5)
  5( 12[ 350]9999.0)

 *******************************************************************************
 Ceria bulk                                                                      
 CRYSTAL - SCF - TYPE OF CALCULATION :  UNRESTRICTED OPEN SHELL
 *******************************************************************************

 CAPPA:IS1  2;IS2  2;IS3  1; K PTS MONK NET   4; SYMMOPS:K SPACE   2;G SPACE   1

 TTTTTTTTTTTTTTTTTTTTTTTTTTTTTT SDIK        TELAPSE       28.61 TCPU       27.28

 INFORMATION FROM INTEGRAL EVALUATION

 RESTART FROM A PREVIOUS DENSITY MATRIX - DEP ACTIVE
 NUMBER OF COUPLE SETS (NEW, OLD, FOUND):  260578  259520  257144
 NUMBER OF IRREDUCIBLE G VECTORS        :  356796  356742  353503
 CHARGE NORMALIZATION FACTOR   1.00000000
 TOTAL ATOMIC CHARGES:
   9.1650543   9.3566554   9.2276026   9.1928058   9.2916030   9.1833948
   9.3511159   9.2325847   9.3547052  27.4290485  27.4226714  27.4220314
  27.4487881  27.4266947  27.4373785  27.4301217  27.4391718  27.4511411
   9.3078129   9.3020470   9.2934255   9.2979004   9.3033123   9.2976437
   9.2959302   9.2924355   9.3003025   9.3127241   9.2984764   9.3007830
   9.3204808   9.3028588   9.3120148   9.2928234   9.3298457   9.3158676
  27.4032799  27.4025779  27.4025508  27.4040132  27.4042991  27.4057466
  27.4053821  27.4031564  27.4060791   9.3273632   9.3300944   9.3264006
   9.3267556   9.3269332   9.3288148   9.3311818   9.3268393   9.3298098
   9.3023922   9.3027152   9.3031964   9.3033837   9.3051744   9.3050910
   9.3064131   9.3033708   9.3036988  27.4360576  27.4364840  27.4362896
  27.4364702  27.4366967  27.4362978  27.4363535  27.4358972  27.4367291
   9.2321805   9.2320345   9.2319947   9.2316392   9.2320569   9.2318094
   9.2320430   9.2321096   9.2323098   8.7324592   0.5878454   0.6849002
   8.6932600   0.6571669   0.6321722   0.6570288   8.6547774   0.6913751
   0.6357898   8.6924498   0.6538099   8.6642465   0.6587557   0.6507592
   8.7549300   0.6381460   0.6159132   0.6360461   8.7415379   0.6450460
   8.6273974   0.6249174   0.7176033   8.7570836   0.5343793   0.6956592
   8.7076516   0.7028353   0.5966227   8.5953402   0.7150518   0.6880735
   8.6451416   0.6479253   0.7166726   0.6102144   8.6812632   0.6974424
   0.6694881   8.6519644   0.6570407   8.6461923   0.6446415   0.6972079
   8.6767155   0.6600247   0.6632364   0.6630302   8.6863558   0.6716304
   8.7525877   0.6163625   0.6706383   8.6205066   0.6957751   0.6849023
   8.6314955   0.6855378   0.6571863   8.6401457   0.7010960   0.6662521
   8.7055480   0.6627466   0.6214028   0.6547589   8.6628626   0.6920113
   0.6959836   8.6522544   0.6396160   8.6411371   0.6581463   0.6915956
   8.7007964   0.6611050   0.6279961   0.6408043   8.7094067   0.6590911
   8.6298263   0.6696923   0.6775754   8.6658370   0.6780804   0.6820726
   8.6691949   0.7058996   0.6143980   8.6165250   0.7105087   0.6880323
   8.6638317   0.6557729   0.6756042   0.6124329   8.7100424   0.6908901
   0.6413276   8.6913526   0.6585366   8.6305609   0.6614124   0.6921249
   8.6940219   0.6518139   0.6690659   0.6235354   8.7275083   0.6527534
   8.6406910   0.6871110   0.6732418   8.6893763   0.6691303   0.6613987
   8.6574296   0.6769606   0.6572413   8.6739305   0.6994538   0.6264870
   8.6913457   0.6506731   0.6521382   0.6179929   8.7144986   0.6784366
   0.6588055   8.6699448   0.6490444   8.6525269   0.6572780   0.6779869
   8.7222472   0.6556981   0.6359953   0.6364485   8.6894516   0.6844636
   8.6316351   0.6910465   0.6922473   8.6983552   0.6772033   0.6436883
   8.6847760   0.7002064   0.6030912   8.6619857   0.6620823   0.6723554
   8.6744590   0.6299814   0.6871740   0.6356941   8.6999680   0.6654004
   0.7044140   8.6613008   0.6382022   8.6412018   0.6669973   0.6712074
   8.6979867   0.6128656   0.6971326   0.6368789   8.6819988   0.6670794
   8.6422934   0.6986064   0.6539704   8.6880924   0.6720107   0.6397221
   8.6794645   0.6910991   0.6200809
 SUMMED SPIN DENSITY          -0.00000000
 TOTAL ATOMIC SPINS  :
   0.0000000  -0.0000000  -0.0000000   0.0000000  -0.0000000   0.0000000
  -0.0000000   0.0000000   0.0000000   0.0000000   0.0000000  -0.0000000
   0.0000000  -0.0000000  -0.0000000  -0.0000000   0.0000000  -0.0000000
  -0.0000000   0.0000000  -0.0000000   0.0000000   0.0000000   0.0000000
  -0.0000000  -0.0000000  -0.0000000   0.0000000   0.0000000   0.0000000
   0.0000000  -0.0000000   0.0000000   0.0000000  -0.0000000   0.0000000
  -0.0000000  -0.0000000  -0.0000000  -0.0000000  -0.0000000  -0.0000000
   0.0000000   0.0000000  -0.0000000  -0.0000000  -0.0000000   0.0000000
  -0.0000000   0.0000000  -0.0000000  -0.0000000   0.0000000   0.0000000
  -0.0000000  -0.0000000  -0.0000000  -0.0000000  -0.0000000  -0.0000000
   0.0000000   0.0000000  -0.0000000  -0.0000000  -0.0000000   0.0000000
  -0.0000000  -0.0000000   0.0000000  -0.0000000   0.0000000   0.0000000
  -0.0000000   0.0000000  -0.0000000  -0.0000000   0.0000000   0.0000000
  -0.0000000  -0.0000000  -0.0000000   0.0000000  -0.0000000  -0.0000000
   0.0000000  -0.0000000   0.0000000  -0.0000000   0.0000000  -0.0000000
   0.0000000  -0.0000000  -0.0000000  -0.0000000   0.0000000   0.0000000
   0.0000000  -0.0000000  -0.0000000  -0.0000000   0.0000000  -0.0000000
   0.0000000   0.0000000  -0.0000000   0.0000000   0.0000000  -0.0000000
   0.0000000   0.0000000   0.0000000   0.0000000  -0.0000000  -0.0000000
  -0.0000000   0.0000000   0.0000000   0.0000000  -0.0000000   0.0000000
  -0.0000000   0.0000000  -0.0000000   0.0000000  -0.0000000   0.0000000
   0.0000000   0.0000000  -0.0000000  -0.0000000   0.0000000  -0.0000000
   0.0000000  -0.0000000  -0.0000000  -0.0000000  -0.0000000  -0.0000000
  -0.0000000  -0.0000000   0.0000000  -0.0000000  -0.0000000  -0.0000000
   0.0000000  -0.0000000  -0.0000000  -0.0000000   0.0000000  -0.0000000
  -0.0000000   0.0000000  -0.0000000  -0.0000000  -0.0000000   0.0000000
   0.0000000  -0.0000000  -0.0000000  -0.0000000   0.0000000  -0.0000000
   0.0000000  -0.0000000  -0.0000000   0.0000000  -0.0000000  -0.0000000
  -0.0000000   0.0000000   0.0000000  -0.0000000   0.0000000   0.0000000
  -0.0000000   0.0000000   0.0000000  -0.0000000   0.0000000  -0.0000000
   0.0000000  -0.0000000   0.0000000  -0.0000000   0.0000000   0.0000000
  -0.0000000   0.0000000   0.0000000   0.0000000  -0.0000000   0.0000000
  -0.0000000  -0.0000000  -0.0000000   0.0000000   0.0000000  -0.0000000
   0.0000000  -0.0000000  -0.0000000   0.0000000  -0.0000000  -0.0000000
  -0.0000000   0.0000000   0.0000000  -0.0000000   0.0000000   0.0000000
  -0.0000000   0.0000000  -0.0000000   0.0000000  -0.0000000  -0.0000000
   0.0000000   0.0000000  -0.0000000   0.0000000  -0.0000000   0.0000000
  -0.0000000   0.0000000   0.0000000  -0.0000000   0.0000000  -0.0000000
  -0.0000000   0.0000000   0.0000000   0.0000000  -0.0000000  -0.0000000
  -0.0000000   0.0000000   0.0000000  -0.0000000   0.0000000  -0.0000000
  -0.0000000  -0.0000000   0.0000000   0.0000000   0.0000000  -0.0000000
  -0.0000000   0.0000000   0.0000000  -0.0000000   0.0000000  -0.0000000
   0.0000000  -0.0000000  -0.0000000  -0.0000000   0.0000000   0.0000000
  -0.0000000  -0.0000000  -0.0000000
 TTTTTTTTTTTTTTTTTTTTTTTTTTTTTT MOQGAD      TELAPSE       30.56 TCPU       29.21
 TTTTTTTTTTTTTTTTTTTTTTTTTTTTTT SHELLXN     TELAPSE      275.33 TCPU      273.86
 TTTTTTTTTTTTTTTTTTTTTTTTTTTTTT MONMO3      TELAPSE      293.05 TCPU      291.57
 NUMERICALLY INTEGRATED DENSITY    921.0003265980    921.0003265980
 TTTTTTTTTTTTTTTTTTTTTTTTTTTTTT NUMDFT      TELAPSE      325.78 TCPU      324.29
 CYC   0 ETOT(AU) -2.147976253048E+04 DETOT -2.15E+04 tst  0.00E+00 PX  1.00E+00
 CYCLE  0 WAVE FUNCTION SAVED IN FORTRAN UNIT 79
 TTTTTTTTTTTTTTTTTTTTTTTTTTTTTT MPP_TRAF    TELAPSE      331.29 TCPU      329.00
 TTTTTTTTTTTTTTTTTTTTTTTTTTTTTT MPP_DIAG    TELAPSE      331.29 TCPU      329.00
 TTTTTTTTTTTTTTTTTTTTTTTTTTTTTT MPP_DIIS    TELAPSE      331.30 TCPU      329.00
 TTTTTTTTTTTTTTTTTTTTTTTTTTTTTT MPP_TRAF    TELAPSE      337.25 TCPU      334.96
 TTTTTTTTTTTTTTTTTTTTTTTTTTTTTT MPP_DIAG    TELAPSE      354.07 TCPU      351.63

    ALPHA      ELECTRONS
 INSULATING STATE
 TOP OF VALENCE BANDS -    BAND    921; K    1; EIG -1.3981064E+01 AU
 BOTTOM OF VIRTUAL BANDS - BAND    922; K    2; EIG -7.7327514E+00 AU
 INDIRECT ENERGY BAND GAP: 170.0253 eV
 BOTTOM OF VIRTUAL BANDS - BAND    922; K    1; EIG -7.6567552E+00 AU

    BETA       ELECTRONS
 INSULATING STATE
 TOP OF VALENCE BANDS -    BAND    921; K    1; EIG -1.3981064E+01 AU
 BOTTOM OF VIRTUAL BANDS - BAND    922; K    2; EIG -7.7327514E+00 AU
 INDIRECT ENERGY BAND GAP: 170.0253 eV
 BOTTOM OF VIRTUAL BANDS - BAND    922; K    1; EIG -7.6567552E+00 AU
 TTTTTTTTTTTTTTTTTTTTTTTTTTTTTT FERMI       TELAPSE      354.07 TCPU      351.63
 TTTTTTTTTTTTTTTTTTTTTTTTTTTTTT MPP_PDIG    TELAPSE      355.47 TCPU      353.03
 TTTTTTTTTTTTTTTTTTTTTTTTTTTTTT MPP_PROT    TELAPSE      355.74 TCPU      353.30
 TTTTTTTTTTTTTTTTTTTTTTTTTTTTTT MPP_KSPA    TELAPSE      355.74 TCPU      353.30
 CHARGE NORMALIZATION FACTOR   1.00000000
 TOTAL ATOMIC CHARGES:
   9.1645889   9.3567854   9.2273502   9.1932543   9.2916227   9.1832513
   9.3511944   9.2326891   9.3548824  27.4295525  27.4233034  27.4226458
  27.4487350  27.4259266  27.4370792  27.4304006  27.4387857  27.4519058
   9.3074842   9.3011055   9.2931457   9.2977141   9.3038002   9.2973931
   9.2959027   9.2921418   9.3002039   9.3123532   9.2983653   9.3004499
   9.3202904   9.3028324   9.3114125   9.2927378   9.3297464   9.3164961
  27.4037683  27.4030553  27.4023784  27.4045439  27.4049273  27.4061622
  27.4057657  27.4030904  27.4061609   9.3271756   9.3301113   9.3267928
   9.3266773   9.3268589   9.3284603   9.3310169   9.3267023   9.3291646
   9.3022414   9.3025393   9.3030601   9.3032782   9.3048943   9.3050810
   9.3063202   9.3033088   9.3036036  27.4362440  27.4367292  27.4364373
  27.4366283  27.4369941  27.4365010  27.4363727  27.4360618  27.4369925
   9.2320911   9.2319508   9.2318539   9.2315727   9.2319864   9.2316944
   9.2319657   9.2320195   9.2322354   8.7327102   0.5875528   0.6849196
   8.6934158   0.6570490   0.6319247   0.6567389   8.6548793   0.6913941
   0.6368168   8.6917002   0.6539436   8.6642090   0.6587227   0.6508935
   8.7535523   0.6380943   0.6160696   0.6389878   8.7396337   0.6449035
   8.6268641   0.6261305   0.7176863   8.7569684   0.5346522   0.6956037
   8.7074665   0.7030768   0.5964119   8.5952446   0.7152313   0.6877784
   8.6457886   0.6478626   0.7162073   0.6104930   8.6811768   0.6973175
   0.6697402   8.6516449   0.6570093   8.6459654   0.6450241   0.6972085
   8.6770943   0.6597507   0.6631936   0.6625641   8.6867872   0.6714241
   8.7505811   0.6189332   0.6706549   8.6187352   0.6964807   0.6874781
   8.6316381   0.6855564   0.6570096   8.6397152   0.7014474   0.6662914
   8.7044016   0.6633396   0.6215538   0.6544711   8.6631771   0.6917951
   0.6960524   8.6512033   0.6412741   8.6410106   0.6585443   0.6915542
   8.7022534   0.6608610   0.6280649   0.6384844   8.7091299   0.6593383
   8.6286697   0.6694835   0.6776610   8.6660340   0.6778281   0.6820681
   8.6686483   0.7057402   0.6159640   8.6162351   0.7105577   0.6882502
   8.6641939   0.6555345   0.6754736   0.6151137   8.7086216   0.6909664
   0.6412321   8.6926652   0.6584534   8.6296553   0.6614822   0.6921015
   8.6938029   0.6521751   0.6690105   0.6233755   8.7264891   0.6550254
   8.6398097   0.6875621   0.6738913   8.6896514   0.6691601   0.6611524
   8.6566252   0.6767666   0.6569753   8.6737965   0.6995905   0.6265655
   8.6914714   0.6505537   0.6520425   0.6181681   8.7132518   0.6783597
   0.6588003   8.6698516   0.6491549   8.6526574   0.6571736   0.6779608
   8.7218848   0.6533737   0.6381929   0.6364174   8.6897630   0.6842101
   8.6316136   0.6909540   0.6922433   8.6974181   0.6772266   0.6436262
   8.6852273   0.7000809   0.6028332   8.6617749   0.6621844   0.6724097
   8.6735740   0.6318517   0.6872032   0.6352804   8.7001632   0.6653869
   0.7043749   8.6615451   0.6380864   8.6415805   0.6669052   0.6709373
   8.6987352   0.6128482   0.6971372   0.6352932   8.6827588   0.6670750
   8.6424363   0.6984818   0.6539760   8.6869037   0.6720622   0.6399274
   8.6794286   0.6916587   0.6199432
 SUMMED SPIN DENSITY          -0.00000000
 TOTAL ATOMIC SPINS  :
  -0.0000000   0.0000000  -0.0000000   0.0000000  -0.0000000   0.0000000
  -0.0000000   0.0000000  -0.0000000   0.0000000  -0.0000000  -0.0000000
  -0.0000000  -0.0000000  -0.0000000   0.0000000   0.0000000  -0.0000000
   0.0000000  -0.0000000   0.0000000   0.0000000   0.0000000   0.0000000
   0.0000000  -0.0000000  -0.0000000   0.0000000   0.0000000   0.0000000
  -0.0000000   0.0000000  -0.0000000  -0.0000000  -0.0000000   0.0000000
  -0.0000000  -0.0000000  -0.0000000  -0.0000000  -0.0000000   0.0000000
  -0.0000000  -0.0000000   0.0000000   0.0000000   0.0000000   0.0000000
   0.0000000   0.0000000   0.0000000   0.0000000   0.0000000  -0.0000000
   0.0000000   0.0000000   0.0000000   0.0000000   0.0000000  -0.0000000
  -0.0000000   0.0000000  -0.0000000  -0.0000000  -0.0000000  -0.0000000
  -0.0000000   0.0000000  -0.0000000  -0.0000000  -0.0000000   0.0000000
   0.0000000  -0.0000000   0.0000000   0.0000000  -0.0000000  -0.0000000
   0.0000000   0.0000000   0.0000000   0.0000000  -0.0000000  -0.0000000
   0.0000000  -0.0000000  -0.0000000  -0.0000000  -0.0000000  -0.0000000
   0.0000000   0.0000000  -0.0000000  -0.0000000   0.0000000   0.0000000
   0.0000000  -0.0000000  -0.0000000  -0.0000000   0.0000000  -0.0000000
   0.0000000  -0.0000000   0.0000000   0.0000000   0.0000000  -0.0000000
   0.0000000  -0.0000000  -0.0000000   0.0000000  -0.0000000  -0.0000000
   0.0000000   0.0000000  -0.0000000  -0.0000000   0.0000000  -0.0000000
  -0.0000000   0.0000000  -0.0000000   0.0000000  -0.0000000  -0.0000000
   0.0000000   0.0000000  -0.0000000   0.0000000  -0.0000000   0.0000000
   0.0000000  -0.0000000  -0.0000000  -0.0000000  -0.0000000   0.0000000
  -0.0000000   0.0000000   0.0000000   0.0000000  -0.0000000  -0.0000000
  -0.0000000  -0.0000000   0.0000000  -0.0000000   0.0000000  -0.0000000
   0.0000000  -0.0000000   0.0000000  -0.0000000   0.0000000   0.0000000
   0.0000000  -0.0000000   0.0000000  -0.0000000  -0.0000000   0.0000000
  -0.0000000   0.0000000   0.0000000  -0.0000000   0.0000000  -0.0000000
  -0.0000000   0.0000000   0.0000000   0.0000000  -0.0000000  -0.0000000
   0.0000000  -0.0000000  -0.0000000  -0.0000000   0.0000000  -0.0000000
   0.0000000  -0.0000000   0.0000000  -0.0000000   0.0000000   0.0000000
  -0.0000000   0.0000000   0.0000000  -0.0000000   0.0000000  -0.0000000
   0.0000000  -0.0000000  -0.0000000  -0.0000000   0.0000000  -0.0000000
   0.0000000   0.0000000  -0.0000000  -0.0000000   0.0000000   0.0000000
   0.0000000  -0.0000000  -0.0000000  -0.0000000   0.0000000  -0.0000000
  -0.0000000  -0.0000000   0.0000000   0.0000000  -0.0000000  -0.0000000
  -0.0000000   0.0000000   0.0000000   0.0000000  -0.0000000   0.0000000
  -0.0000000  -0.0000000   0.0000000   0.0000000  -0.0000000  -0.0000000
   0.0000000   0.0000000  -0.0000000  -0.0000000   0.0000000   0.0000000
  -0.0000000   0.0000000   0.0000000   0.0000000  -0.0000000   0.0000000
   0.0000000  -0.0000000  -0.0000000  -0.0000000   0.0000000  -0.0000000
   0.0000000  -0.0000000   0.0000000   0.0000000  -0.0000000   0.0000000
  -0.0000000   0.0000000   0.0000000  -0.0000000   0.0000000   0.0000000
   0.0000000   0.0000000  -0.0000000
 TTTTTTTTTTTTTTTTTTTTTTTTTTTTTT MOQGAD      TELAPSE      355.82 TCPU      353.37
 TTTTTTTTTTTTTTTTTTTTTTTTTTTTTT SHELLXN     TELAPSE      601.29 TCPU      598.75
 TTTTTTTTTTTTTTTTTTTTTTTTTTTTTT MONMO3      TELAPSE      620.05 TCPU      617.51
 NUMERICALLY INTEGRATED DENSITY    921.0003265717    921.0003265717
 TTTTTTTTTTTTTTTTTTTTTTTTTTTTTT NUMDFT      TELAPSE      652.71 TCPU      650.16
 CYC   1 ETOT(AU) -2.147976209504E+04 DETOT  4.35E-04 tst  0.00E+00 PX  2.16E+00
 CYCLE  1 WAVE FUNCTION SAVED IN FORTRAN UNIT 79
 TTTTTTTTTTTTTTTTTTTTTTTTTTTTTT MPP_TRAF    TELAPSE      658.36 TCPU      654.91
 TTTTTTTTTTTTTTTTTTTTTTTTTTTTTT MPP_DIAG    TELAPSE      663.27 TCPU      659.80
 TTTTTTTTTTTTTTTTTTTTTTTTTTTTTT MPP_DIIS    TELAPSE      663.29 TCPU      659.83
 DIIS TEST: 0.16449E-03 AT SCF   CYCLE   1 - MIX   90 %
 TTTTTTTTTTTTTTTTTTTTTTTTTTTTTT MPP_TRAF    TELAPSE      667.76 TCPU      664.29
 TTTTTTTTTTTTTTTTTTTTTTTTTTTTTT MPP_DIAG    TELAPSE      684.37 TCPU      680.79

    ALPHA      ELECTRONS
 INSULATING STATE
 TOP OF VALENCE BANDS -    BAND    921; K    1; EIG -2.4966286E-01 AU
 BOTTOM OF VIRTUAL BANDS - BAND    922; K    2; EIG -1.3806582E-01 AU
 INDIRECT ENERGY BAND GAP:   3.0367 eV
 BOTTOM OF VIRTUAL BANDS - BAND    922; K    1; EIG -1.3670492E-01 AU

    BETA       ELECTRONS
 INSULATING STATE
 TOP OF VALENCE BANDS -    BAND    921; K    1; EIG -2.4966286E-01 AU
 BOTTOM OF VIRTUAL BANDS - BAND    922; K    2; EIG -1.3806582E-01 AU
 INDIRECT ENERGY BAND GAP:   3.0367 eV
 BOTTOM OF VIRTUAL BANDS - BAND    922; K    1; EIG -1.3670492E-01 AU
 TTTTTTTTTTTTTTTTTTTTTTTTTTTTTT FERMI       TELAPSE      684.37 TCPU      680.79
 TTTTTTTTTTTTTTTTTTTTTTTTTTTTTT MPP_PDIG    TELAPSE      685.77 TCPU      682.19
 TTTTTTTTTTTTTTTTTTTTTTTTTTTTTT MPP_PROT    TELAPSE      686.04 TCPU      682.46
 TTTTTTTTTTTTTTTTTTTTTTTTTTTTTT MPP_KSPA    TELAPSE      686.04 TCPU      682.46
 CHARGE NORMALIZATION FACTOR   1.00000000
 TOTAL ATOMIC CHARGES:
   9.1646139   9.3568204   9.2274315   9.1933172   9.2917296   9.1833426
   9.3511337   9.2327069   9.3548699  27.4292923  27.4229121  27.4222113
  27.4486812  27.4262423  27.4370787  27.4304387  27.4388857  27.4515194
   9.3076074   9.3012110   9.2933049   9.2978001   9.3038536   9.2974821
   9.2959549   9.2921426   9.3002671   9.3124329   9.2984550   9.3004685
   9.3203810   9.3029198   9.3114709   9.2928023   9.3297817   9.3164943
  27.4035125  27.4029789  27.4024972  27.4042255  27.4045749  27.4060934
  27.4055945  27.4030235  27.4062131   9.3272439   9.3301337   9.3268160
   9.3267838   9.3269099   9.3285149   9.3310922   9.3267542   9.3292155
   9.3022884   9.3025947   9.3030928   9.3033239   9.3049502   9.3051226
   9.3063571   9.3033422   9.3036326  27.4361339  27.4366099  27.4363715
  27.4366049  27.4368412  27.4364054  27.4363790  27.4359987  27.4369311
   9.2321315   9.2320100   9.2319207   9.2316055   9.2320120   9.2317491
   9.2320123   9.2320634   9.2322822   8.7327198   0.5875488   0.6849159
   8.6934217   0.6570448   0.6319219   0.6567638   8.6548707   0.6913956
   0.6368188   8.6916951   0.6539469   8.6642123   0.6587236   0.6508910
   8.7535625   0.6380915   0.6160683   0.6389821   8.7396261   0.6449054
   8.6268576   0.6261314   0.7176936   8.7569711   0.5346475   0.6956018
   8.7074761   0.7030778   0.5964084   8.5952195   0.7152298   0.6878096
   8.6457730   0.6478729   0.7162113   0.6104946   8.6811601   0.6973134
   0.6697428   8.6516646   0.6570058   8.6459914   0.6450025   0.6972008
   8.6770817   0.6597573   0.6631994   0.6625627   8.6867999   0.6714258
   8.7505700   0.6189288   0.6706654   8.6187190   0.6964831   0.6874808
   8.6316421   0.6855522   0.6570105   8.6398199   0.7013863   0.6662516
   8.7043811   0.6633333   0.6215918   0.6544883   8.6631781   0.6917875
   0.6960560   8.6511897   0.6412615   8.6409934   0.6585410   0.6915624
   8.7021878   0.6608412   0.6280785   0.6384968   8.7091457   0.6593317
   8.6286790   0.6695054   0.6776483   8.6660149   0.6778387   0.6820648
   8.6686445   0.7057438   0.6159583   8.6162493   0.7105478   0.6882460
   8.6641923   0.6555403   0.6754705   0.6151105   8.7085903   0.6909759
   0.6412403   8.6926656   0.6584514   8.6296628   0.6614797   0.6921026
   8.6937931   0.6521815   0.6690191   0.6233770   8.7264878   0.6550186
   8.6399326   0.6875479   0.6737765   8.6896520   0.6691634   0.6611511
   8.6566425   0.6767818   0.6569599   8.6737831   0.6995899   0.6265658
   8.6914436   0.6505719   0.6520799   0.6181642   8.7132631   0.6783603
   0.6588019   8.6698505   0.6491548   8.6526564   0.6571907   0.6779609
   8.7218681   0.6533896   0.6381857   0.6364174   8.6897634   0.6842103
   8.6316117   0.6909601   0.6922443   8.6974148   0.6772272   0.6436315
   8.6852246   0.7000809   0.6028345   8.6617772   0.6621845   0.6724097
   8.6735637   0.6318418   0.6872125   0.6352813   8.7001626   0.6653853
   0.7043756   8.6615523   0.6380833   8.6415814   0.6669076   0.6709347
   8.6987246   0.6128498   0.6971398   0.6353018   8.6827635   0.6670672
   8.6424339   0.6984830   0.6539769   8.6869170   0.6720601   0.6399254
   8.6794253   0.6916540   0.6199470
 SUMMED SPIN DENSITY           0.00000000
 TOTAL ATOMIC SPINS  :
   0.0000000  -0.0000000  -0.0000000   0.0000000   0.0000000   0.0000000
  -0.0000000  -0.0000000   0.0000000  -0.0000000  -0.0000000   0.0000000
   0.0000000  -0.0000000  -0.0000000   0.0000000   0.0000000  -0.0000000
   0.0000000   0.0000000   0.0000000  -0.0000000  -0.0000000  -0.0000000
   0.0000000   0.0000000   0.0000000   0.0000000   0.0000000  -0.0000000
  -0.0000000  -0.0000000  -0.0000000   0.0000000   0.0000000  -0.0000000
   0.0000000  -0.0000000  -0.0000000   0.0000000   0.0000000   0.0000000
  -0.0000000  -0.0000000   0.0000000   0.0000000   0.0000000   0.0000000
  -0.0000000  -0.0000000  -0.0000000   0.0000000   0.0000000   0.0000000
   0.0000000   0.0000000   0.0000000   0.0000000  -0.0000000   0.0000000
  -0.0000000  -0.0000000  -0.0000000   0.0000000   0.0000000  -0.0000000
  -0.0000000  -0.0000000  -0.0000000   0.0000000   0.0000000  -0.0000000
   0.0000000  -0.0000000  -0.0000000   0.0000000  -0.0000000   0.0000000
   0.0000000  -0.0000000  -0.0000000  -0.0000000  -0.0000000   0.0000000
  -0.0000000   0.0000000  -0.0000000   0.0000000  -0.0000000   0.0000000
   0.0000000  -0.0000000   0.0000000  -0.0000000   0.0000000   0.0000000
  -0.0000000   0.0000000  -0.0000000   0.0000000   0.0000000  -0.0000000
   0.0000000  -0.0000000  -0.0000000   0.0000000   0.0000000  -0.0000000
  -0.0000000   0.0000000   0.0000000   0.0000000  -0.0000000  -0.0000000
   0.0000000  -0.0000000  -0.0000000   0.0000000  -0.0000000  -0.0000000
  -0.0000000  -0.0000000   0.0000000   0.0000000  -0.0000000  -0.0000000
   0.0000000   0.0000000  -0.0000000  -0.0000000   0.0000000  -0.0000000
   0.0000000  -0.0000000  -0.0000000   0.0000000  -0.0000000  -0.0000000
   0.0000000   0.0000000  -0.0000000   0.0000000   0.0000000  -0.0000000
  -0.0000000   0.0000000   0.0000000   0.0000000  -0.0000000   0.0000000
   0.0000000   0.0000000  -0.0000000  -0.0000000   0.0000000   0.0000000
   0.0000000   0.0000000   0.0000000  -0.0000000   0.0000000  -0.0000000
  -0.0000000   0.0000000   0.0000000  -0.0000000   0.0000000   0.0000000
  -0.0000000   0.0000000   0.0000000   0.0000000  -0.0000000  -0.0000000
   0.0000000   0.0000000  -0.0000000   0.0000000   0.0000000  -0.0000000
   0.0000000  -0.0000000   0.0000000   0.0000000  -0.0000000  -0.0000000
  -0.0000000   0.0000000   0.0000000   0.0000000  -0.0000000   0.0000000
   0.0000000  -0.0000000  -0.0000000  -0.0000000   0.0000000  -0.0000000
  -0.0000000   0.0000000   0.0000000  -0.0000000   0.0000000   0.0000000
   0.0000000  -0.0000000  -0.0000000  -0.0000000  -0.0000000   0.0000000
  -0.0000000   0.0000000  -0.0000000   0.0000000   0.0000000   0.0000000
   0.0000000  -0.0000000  -0.0000000   0.0000000  -0.0000000   0.0000000
  -0.0000000   0.0000000  -0.0000000  -0.0000000   0.0000000   0.0000000
   0.0000000  -0.0000000  -0.0000000  -0.0000000   0.0000000   0.0000000
   0.0000000  -0.0000000  -0.0000000  -0.0000000   0.0000000  -0.0000000
   0.0000000   0.0000000  -0.0000000  -0.0000000   0.0000000   0.0000000
   0.0000000  -0.0000000   0.0000000   0.0000000  -0.0000000   0.0000000
  -0.0000000   0.0000000   0.0000000  -0.0000000   0.0000000   0.0000000
  -0.0000000   0.0000000   0.0000000
 TTTTTTTTTTTTTTTTTTTTTTTTTTTTTT MOQGAD      TELAPSE      686.12 TCPU      682.53
 TTTTTTTTTTTTTTTTTTTTTTTTTTTTTT SHELLXN     TELAPSE      931.22 TCPU      927.56
 TTTTTTTTTTTTTTTTTTTTTTTTTTTTTT MONMO3      TELAPSE      948.91 TCPU      945.24
 NUMERICALLY INTEGRATED DENSITY    921.0003265735    921.0003265735
 TTTTTTTTTTTTTTTTTTTTTTTTTTTTTT NUMDFT      TELAPSE      982.56 TCPU      978.88
 CYC   2 ETOT(AU) -2.147976219318E+04 DETOT -9.81E-05 tst  3.21E-09 PX  1.13E-02
 CYCLE  2 WAVE FUNCTION SAVED IN FORTRAN UNIT 79
 TTTTTTTTTTTTTTTTTTTTTTTTTTTTTT MPP_TRAF    TELAPSE      988.15 TCPU      983.61
 TTTTTTTTTTTTTTTTTTTTTTTTTTTTTT MPP_DIAG    TELAPSE      993.15 TCPU      988.60
 TTTTTTTTTTTTTTTTTTTTTTTTTTTTTT MPP_DIIS    TELAPSE      993.18 TCPU      988.62
 DIIS TEST: 0.12404E-03 AT SCF   CYCLE   2 - DIIS ACTIVE - HISTORY:     2 CYCLES
 MAXIMUM MEMORY OCCUPIED BY DIIS:     11.009 Mb PER CORE 
 TTTTTTTTTTTTTTTTTTTTTTTTTTTTTT MPP_TRAF    TELAPSE      997.70 TCPU      993.14
 TTTTTTTTTTTTTTTTTTTTTTTTTTTTTT MPP_DIAG    TELAPSE     1014.33 TCPU     1009.67

    ALPHA      ELECTRONS
 INSULATING STATE
 TOP OF VALENCE BANDS -    BAND    921; K    1; EIG -2.4959535E-01 AU
 BOTTOM OF VIRTUAL BANDS - BAND    922; K    2; EIG -1.3820045E-01 AU
 INDIRECT ENERGY BAND GAP:   3.0312 eV
 BOTTOM OF VIRTUAL BANDS - BAND    922; K    1; EIG -1.3688834E-01 AU

    BETA       ELECTRONS
 INSULATING STATE
 TOP OF VALENCE BANDS -    BAND    921; K    1; EIG -2.4959535E-01 AU
 BOTTOM OF VIRTUAL BANDS - BAND    922; K    2; EIG -1.3820045E-01 AU
 INDIRECT ENERGY BAND GAP:   3.0312 eV
 BOTTOM OF VIRTUAL BANDS - BAND    922; K    1; EIG -1.3688834E-01 AU
 TTTTTTTTTTTTTTTTTTTTTTTTTTTTTT FERMI       TELAPSE     1014.34 TCPU     1009.67
 TTTTTTTTTTTTTTTTTTTTTTTTTTTTTT MPP_PDIG    TELAPSE     1015.73 TCPU     1011.06
 TTTTTTTTTTTTTTTTTTTTTTTTTTTTTT MPP_PROT    TELAPSE     1016.00 TCPU     1011.33
 TTTTTTTTTTTTTTTTTTTTTTTTTTTTTT MPP_KSPA    TELAPSE     1016.00 TCPU     1011.33
 CHARGE NORMALIZATION FACTOR   1.00000000
 TOTAL ATOMIC CHARGES:
   9.1643147   9.3562917   9.2265227   9.1925931   9.2905969   9.1822011
   9.3516267   9.2324023   9.3548743  27.4319366  27.4270112  27.4268293
  27.4490590  27.4228821  27.4371027  27.4299129  27.4377645  27.4554423
   9.3066120   9.3002880   9.2919441   9.2973640   9.3034726   9.2968475
   9.2956632   9.2920799   9.2998103   9.3117949   9.2976302   9.3002516
   9.3196967   9.3021804   9.3109695   9.2922148   9.3294553   9.3164320
  27.4057757  27.4035714  27.4012901  27.4071189  27.4078215  27.4066184
  27.4070195  27.4035568  27.4056228   9.3266821   9.3299706   9.3266200
   9.3258707   9.3264173   9.3281360   9.3304828   9.3263120   9.3288728
   9.3018717   9.3020873   9.3027770   9.3029316   9.3044474   9.3047144
   9.3060224   9.3030448   9.3033755  27.4372143  27.4377526  27.4369675
  27.4367805  27.4383786  27.4373153  27.4362459  27.4365728  27.4375060
   9.2317206   9.2314157   9.2312229   9.2312752   9.2317669   9.2311923
   9.2315332   9.2316060   9.2317905   8.7326693   0.5874976   0.6849167
   8.6933835   0.6570585   0.6319514   0.6568802   8.6548361   0.6914125
   0.6368191   8.6916623   0.6539287   8.6641777   0.6587094   0.6508749
   8.7535666   0.6381087   0.6160793   0.6389017   8.7396420   0.6448879
   8.6267728   0.6261033   0.7177171   8.7570076   0.5346644   0.6955926
   8.7075307   0.7030413   0.5963670   8.5950212   0.7152367   0.6881252
   8.6456064   0.6479843   0.7162477   0.6105080   8.6810621   0.6973176
   0.6697630   8.6517510   0.6569879   8.6461677   0.6448511   0.6971545
   8.6769831   0.6597962   0.6632482   0.6625623   8.6868458   0.6714366
   8.7504834   0.6189257   0.6707272   8.6186493   0.6964732   0.6874921
   8.6316460   0.6855309   0.6570283   8.6402141   0.7011838   0.6660444
   8.7041647   0.6633153   0.6218983   0.6545575   8.6631777   0.6917605
   0.6960843   8.6511396   0.6411603   8.6408869   0.6585265   0.6916037
   8.7018894   0.6608099   0.6281566   0.6386219   8.7091049   0.6593257
   8.6285343   0.6697380   0.6777000   8.6657837   0.6780246   0.6820324
   8.6686598   0.7057728   0.6158945   8.6162888   0.7104958   0.6882318
   8.6641851   0.6555961   0.6754334   0.6149191   8.7086109   0.6910156
   0.6413413   8.6926083   0.6584446   8.6296395   0.6614890   0.6921390
   8.6936867   0.6522484   0.6690892   0.6233656   8.7265271   0.6549566
   8.6404517   0.6872726   0.6733444   8.6896341   0.6691996   0.6611479
   8.6567738   0.6769133   0.6567998   8.6736038   0.6996034   0.6265862
   8.6912089   0.6507261   0.6524084   0.6181575   8.7132434   0.6784058
   0.6588203   8.6698303   0.6491553   8.6526400   0.6573045   0.6779649
   8.7218183   0.6534928   0.6381224   0.6364198   8.6897733   0.6842056
   8.6315563   0.6910291   0.6922757   8.6972705   0.6772662   0.6436915
   8.6852241   0.7000775   0.6028345   8.6617755   0.6621888   0.6724153
   8.6735838   0.6317485   0.6872426   0.6352810   8.7001713   0.6653780
   0.7043979   8.6615557   0.6380813   8.6415800   0.6669318   0.6709213
   8.6987195   0.6128408   0.6971261   0.6353762   8.6827542   0.6670305
   8.6424302   0.6984851   0.6539761   8.6869044   0.6720804   0.6399447
   8.6794438   0.6916116   0.6199589
 SUMMED SPIN DENSITY           0.00000000
 TOTAL ATOMIC SPINS  :
   0.0000000  -0.0000000  -0.0000000   0.0000000  -0.0000000   0.0000000
   0.0000000   0.0000000   0.0000000  -0.0000000   0.0000000  -0.0000000
  -0.0000000  -0.0000000   0.0000000   0.0000000   0.0000000  -0.0000000
   0.0000000   0.0000000  -0.0000000   0.0000000  -0.0000000  -0.0000000
   0.0000000   0.0000000  -0.0000000   0.0000000  -0.0000000  -0.0000000
   0.0000000  -0.0000000  -0.0000000   0.0000000  -0.0000000  -0.0000000
  -0.0000000  -0.0000000   0.0000000  -0.0000000   0.0000000   0.0000000
  -0.0000000   0.0000000   0.0000000   0.0000000  -0.0000000  -0.0000000
  -0.0000000  -0.0000000  -0.0000000   0.0000000  -0.0000000   0.0000000
   0.0000000  -0.0000000  -0.0000000   0.0000000  -0.0000000   0.0000000
   0.0000000  -0.0000000  -0.0000000  -0.0000000   0.0000000   0.0000000
  -0.0000000   0.0000000  -0.0000000  -0.0000000   0.0000000  -0.0000000
  -0.0000000   0.0000000   0.0000000  -0.0000000  -0.0000000  -0.0000000
   0.0000000  -0.0000000  -0.0000000  -0.0000000   0.0000000   0.0000000
  -0.0000000   0.0000000   0.0000000   0.0000000  -0.0000000   0.0000000
  -0.0000000   0.0000000  -0.0000000  -0.0000000   0.0000000   0.0000000
   0.0000000  -0.0000000  -0.0000000   0.0000000  -0.0000000   0.0000000
  -0.0000000   0.0000000   0.0000000  -0.0000000   0.0000000  -0.0000000
   0.0000000  -0.0000000  -0.0000000   0.0000000  -0.0000000  -0.0000000
   0.0000000  -0.0000000  -0.0000000   0.0000000  -0.0000000   0.0000000
  -0.0000000   0.0000000  -0.0000000  -0.0000000   0.0000000   0.0000000
   0.0000000  -0.0000000  -0.0000000  -0.0000000   0.0000000   0.0000000
  -0.0000000   0.0000000   0.0000000  -0.0000000   0.0000000   0.0000000
  -0.0000000   0.0000000   0.0000000  -0.0000000   0.0000000   0.0000000
   0.0000000  -0.0000000  -0.0000000   0.0000000  -0.0000000   0.0000000
  -0.0000000   0.0000000  -0.0000000  -0.0000000   0.0000000   0.0000000
   0.0000000  -0.0000000  -0.0000000  -0.0000000   0.0000000   0.0000000
   0.0000000  -0.0000000  -0.0000000   0.0000000  -0.0000000  -0.0000000
   0.0000000  -0.0000000  -0.0000000   0.0000000  -0.0000000  -0.0000000
   0.0000000  -0.0000000  -0.0000000   0.0000000  -0.0000000   0.0000000
  -0.0000000   0.0000000  -0.0000000  -0.0000000   0.0000000   0.0000000
   0.0000000  -0.0000000  -0.0000000  -0.0000000   0.0000000  -0.0000000
  -0.0000000   0.0000000  -0.0000000  -0.0000000   0.0000000   0.0000000
   0.0000000  -0.0000000  -0.0000000  -0.0000000   0.0000000   0.0000000
   0.0000000  -0.0000000  -0.0000000   0.0000000  -0.0000000   0.0000000
   0.0000000  -0.0000000   0.0000000  -0.0000000   0.0000000   0.0000000
  -0.0000000   0.0000000   0.0000000  -0.0000000   0.0000000  -0.0000000
   0.0000000  -0.0000000   0.0000000   0.0000000  -0.0000000  -0.0000000
   0.0000000   0.0000000  -0.0000000  -0.0000000  -0.0000000   0.0000000
   0.0000000   0.0000000  -0.0000000  -0.0000000   0.0000000  -0.0000000
   0.0000000  -0.0000000   0.0000000  -0.0000000   0.0000000   0.0000000
   0.0000000   0.0000000   0.0000000  -0.0000000   0.0000000  -0.0000000
   0.0000000  -0.0000000  -0.0000000  -0.0000000   0.0000000   0.0000000
  -0.0000000  -0.0000000   0.0000000
 TTTTTTTTTTTTTTTTTTTTTTTTTTTTTT MOQGAD      TELAPSE     1016.08 TCPU     1011.40
 TTTTTTTTTTTTTTTTTTTTTTTTTTTTTT SHELLXN     TELAPSE     1261.27 TCPU     1256.50
 TTTTTTTTTTTTTTTTTTTTTTTTTTTTTT MONMO3      TELAPSE     1278.63 TCPU     1273.86
 NUMERICALLY INTEGRATED DENSITY    921.0003265650    921.0003265650
 TTTTTTTTTTTTTTTTTTTTTTTTTTTTTT NUMDFT      TELAPSE     1311.99 TCPU     1307.21
 CYC   3 ETOT(AU) -2.147976255253E+04 DETOT -3.59E-04 tst  2.59E-07 PX  1.02E-01
 CYCLE  3 WAVE FUNCTION SAVED IN FORTRAN UNIT 79
 TTTTTTTTTTTTTTTTTTTTTTTTTTTTTT MPP_TRAF    TELAPSE     1317.62 TCPU     1312.04
 TTTTTTTTTTTTTTTTTTTTTTTTTTTTTT MPP_DIAG    TELAPSE     1323.01 TCPU     1317.42
 TTTTTTTTTTTTTTTTTTTTTTTTTTTTTT MPP_DIIS    TELAPSE     1323.03 TCPU     1317.45
 DIIS TEST: 0.47928E-03 AT SCF   CYCLE   3 - DIIS ACTIVE - HISTORY:     3 CYCLES
 MAXIMUM MEMORY OCCUPIED BY DIIS:     16.513 Mb PER CORE 
 TTTTTTTTTTTTTTTTTTTTTTTTTTTTTT MPP_TRAF    TELAPSE     1327.63 TCPU     1322.04
 TTTTTTTTTTTTTTTTTTTTTTTTTTTTTT MPP_DIAG    TELAPSE     1344.32 TCPU     1338.62

    ALPHA      ELECTRONS
 INSULATING STATE
 TOP OF VALENCE BANDS -    BAND    921; K    1; EIG -2.4964902E-01 AU
 BOTTOM OF VIRTUAL BANDS - BAND    922; K    2; EIG -1.3803343E-01 AU
 INDIRECT ENERGY BAND GAP:   3.0372 eV
 BOTTOM OF VIRTUAL BANDS - BAND    922; K    1; EIG -1.3665936E-01 AU

    BETA       ELECTRONS
 INSULATING STATE
 TOP OF VALENCE BANDS -    BAND    921; K    1; EIG -2.4964902E-01 AU
 BOTTOM OF VIRTUAL BANDS - BAND    922; K    2; EIG -1.3803343E-01 AU
 INDIRECT ENERGY BAND GAP:   3.0372 eV
 BOTTOM OF VIRTUAL BANDS - BAND    922; K    1; EIG -1.3665936E-01 AU
 TTTTTTTTTTTTTTTTTTTTTTTTTTTTTT FERMI       TELAPSE     1344.32 TCPU     1338.62
 TTTTTTTTTTTTTTTTTTTTTTTTTTTTTT MPP_PDIG    TELAPSE     1345.72 TCPU     1340.02
 TTTTTTTTTTTTTTTTTTTTTTTTTTTTTT MPP_PROT    TELAPSE     1346.00 TCPU     1340.29
 TTTTTTTTTTTTTTTTTTTTTTTTTTTTTT MPP_KSPA    TELAPSE     1346.00 TCPU     1340.29
 CHARGE NORMALIZATION FACTOR   1.00000000
 TOTAL ATOMIC CHARGES:
   9.1647040   9.3570646   9.2276928   9.1935054   9.2919908   9.1837011
   9.3511300   9.2329382   9.3549186  27.4288570  27.4219955  27.4210198
  27.4489617  27.4271970  27.4372814  27.4308216  27.4392506  27.4506410
   9.3075417   9.3012821   9.2933869   9.2974530   9.3037417   9.2973571
   9.2957788   9.2921765   9.3001514   9.3123366   9.2984715   9.3004723
   9.3202352   9.3028787   9.3113944   9.2927741   9.3297629   9.3165853
  27.4035057  27.4030651  27.4027784  27.4041419  27.4043627  27.4061946
  27.4057496  27.4031322  27.4064489   9.3272048   9.3301006   9.3268048
   9.3267647   9.3269567   9.3283952   9.3310233   9.3267237   9.3290660
   9.3022890   9.3026290   9.3031256   9.3033050   9.3049454   9.3051725
   9.3063596   9.3033481   9.3036303  27.4359689  27.4364683  27.4363450
  27.4366423  27.4365457  27.4362878  27.4364922  27.4359727  27.4368696
   9.2321999   9.2321227   9.2320712   9.2316586   9.2320279   9.2318532
   9.2321071   9.2321519   9.2323868   8.7327278   0.5875505   0.6849223
   8.6933962   0.6570472   0.6319426   0.6568780   8.6548543   0.6914014
   0.6368587   8.6916204   0.6539807   8.6642539   0.6587234   0.6508806
   8.7534984   0.6381150   0.6160932   0.6389469   8.7397124   0.6448780
   8.6268744   0.6261541   0.7177269   8.7569757   0.5346595   0.6955928
   8.7074975   0.7030950   0.5963864   8.5949946   0.7152475   0.6881443
   8.6455941   0.6479846   0.7162574   0.6105133   8.6810213   0.6973380
   0.6697539   8.6517711   0.6569865   8.6461780   0.6448516   0.6971547
   8.6770185   0.6597990   0.6632364   0.6625722   8.6868303   0.6714333
   8.7505151   0.6189612   0.6707015   8.6187125   0.6964586   0.6875066
   8.6316175   0.6855552   0.6570275   8.6402092   0.7011964   0.6660464
   8.7041505   0.6632890   0.6218831   0.6545447   8.6631625   0.6917877
   0.6960516   8.6512015   0.6411767   8.6409242   0.6585366   0.6915788
   8.7019467   0.6608294   0.6281474   0.6386242   8.7089622   0.6593691
   8.6284140   0.6697639   0.6777121   8.6658171   0.6780198   0.6820310
   8.6686968   0.7057694   0.6158958   8.6162452   0.7105268   0.6882380
   8.6641915   0.6555970   0.6754268   0.6149350   8.7086883   0.6909749
   0.6413690   8.6925648   0.6584536   8.6295775   0.6615112   0.6921534
   8.6936768   0.6522593   0.6690807   0.6233423   8.7265700   0.6549666
   8.6407988   0.6871384   0.6731911   8.6896142   0.6691973   0.6611544
   8.6567758   0.6768899   0.6567750   8.6735639   0.6996177   0.6265968
   8.6912151   0.6507183   0.6524059   0.6181775   8.7131410   0.6784366
   0.6588152   8.6698299   0.6491544   8.6526341   0.6572937   0.6779646
   8.7218892   0.6534534   0.6381420   0.6364202   8.6897794   0.6842007
   8.6315407   0.6910283   0.6922742   8.6971883   0.6772881   0.6436933
   8.6852436   0.7000758   0.6028244   8.6617615   0.6621892   0.6724190
   8.6736770   0.6317473   0.6871967   0.6352741   8.7001780   0.6653860
   0.7044082   8.6615118   0.6380997   8.6415711   0.6669309   0.6709318
   8.6987883   0.6128235   0.6971011   0.6353618   8.6827140   0.6670633
   8.6424459   0.6984777   0.6539676   8.6868062   0.6721065   0.6399712
   8.6794744   0.6916201   0.6199409
 SUMMED SPIN DENSITY           0.00000000
 TOTAL ATOMIC SPINS  :
   0.0000000  -0.0000000   0.0000000   0.0000000  -0.0000000   0.0000000
   0.0000000   0.0000000   0.0000000  -0.0000000  -0.0000000  -0.0000000
  -0.0000000  -0.0000000   0.0000000  -0.0000000   0.0000000   0.0000000
   0.0000000   0.0000000  -0.0000000   0.0000000  -0.0000000  -0.0000000
   0.0000000   0.0000000  -0.0000000   0.0000000   0.0000000  -0.0000000
   0.0000000  -0.0000000  -0.0000000   0.0000000  -0.0000000   0.0000000
  -0.0000000  -0.0000000   0.0000000  -0.0000000   0.0000000   0.0000000
  -0.0000000   0.0000000   0.0000000   0.0000000  -0.0000000  -0.0000000
  -0.0000000  -0.0000000  -0.0000000   0.0000000  -0.0000000   0.0000000
   0.0000000  -0.0000000  -0.0000000   0.0000000  -0.0000000  -0.0000000
   0.0000000  -0.0000000  -0.0000000  -0.0000000   0.0000000   0.0000000
  -0.0000000   0.0000000  -0.0000000  -0.0000000   0.0000000   0.0000000
  -0.0000000   0.0000000  -0.0000000  -0.0000000  -0.0000000  -0.0000000
   0.0000000  -0.0000000  -0.0000000  -0.0000000   0.0000000   0.0000000
  -0.0000000   0.0000000   0.0000000   0.0000000  -0.0000000   0.0000000
  -0.0000000   0.0000000  -0.0000000  -0.0000000   0.0000000   0.0000000
   0.0000000  -0.0000000  -0.0000000   0.0000000  -0.0000000   0.0000000
  -0.0000000   0.0000000   0.0000000   0.0000000  -0.0000000  -0.0000000
   0.0000000  -0.0000000  -0.0000000   0.0000000  -0.0000000  -0.0000000
   0.0000000  -0.0000000  -0.0000000   0.0000000  -0.0000000  -0.0000000
  -0.0000000   0.0000000   0.0000000  -0.0000000   0.0000000   0.0000000
   0.0000000  -0.0000000  -0.0000000   0.0000000  -0.0000000   0.0000000
  -0.0000000   0.0000000   0.0000000  -0.0000000   0.0000000   0.0000000
  -0.0000000   0.0000000   0.0000000   0.0000000  -0.0000000  -0.0000000
   0.0000000  -0.0000000  -0.0000000   0.0000000  -0.0000000   0.0000000
  -0.0000000   0.0000000  -0.0000000  -0.0000000   0.0000000   0.0000000
   0.0000000  -0.0000000  -0.0000000  -0.0000000   0.0000000  -0.0000000
   0.0000000  -0.0000000  -0.0000000   0.0000000  -0.0000000  -0.0000000
   0.0000000   0.0000000  -0.0000000   0.0000000  -0.0000000  -0.0000000
   0.0000000  -0.0000000  -0.0000000   0.0000000  -0.0000000   0.0000000
  -0.0000000   0.0000000  -0.0000000  -0.0000000   0.0000000   0.0000000
   0.0000000  -0.0000000  -0.0000000  -0.0000000   0.0000000  -0.0000000
   0.0000000   0.0000000  -0.0000000  -0.0000000  -0.0000000   0.0000000
   0.0000000  -0.0000000  -0.0000000  -0.0000000   0.0000000   0.0000000
   0.0000000  -0.0000000  -0.0000000   0.0000000  -0.0000000   0.0000000
   0.0000000  -0.0000000   0.0000000  -0.0000000   0.0000000   0.0000000
  -0.0000000   0.0000000   0.0000000  -0.0000000   0.0000000  -0.0000000
   0.0000000  -0.0000000   0.0000000   0.0000000  -0.0000000  -0.0000000
  -0.0000000   0.0000000   0.0000000  -0.0000000  -0.0000000   0.0000000
  -0.0000000   0.0000000  -0.0000000  -0.0000000   0.0000000  -0.0000000
  -0.0000000   0.0000000  -0.0000000  -0.0000000   0.0000000   0.0000000
   0.0000000   0.0000000   0.0000000  -0.0000000   0.0000000  -0.0000000
   0.0000000  -0.0000000  -0.0000000  -0.0000000   0.0000000   0.0000000
   0.0000000  -0.0000000  -0.0000000
 TTTTTTTTTTTTTTTTTTTTTTTTTTTTTT MOQGAD      TELAPSE     1346.07 TCPU     1340.36
 TTTTTTTTTTTTTTTTTTTTTTTTTTTTTT SHELLXN     TELAPSE     1591.50 TCPU     1585.70
 TTTTTTTTTTTTTTTTTTTTTTTTTTTTTT MONMO3      TELAPSE     1608.43 TCPU     1602.63
 NUMERICALLY INTEGRATED DENSITY    921.0003265778    921.0003265778
 TTTTTTTTTTTTTTTTTTTTTTTTTTTTTT NUMDFT      TELAPSE     1640.60 TCPU     1634.79
 CYC   4 ETOT(AU) -2.147976260998E+04 DETOT -5.74E-05 tst  1.28E-08 PX  1.88E-03
 CYCLE  4 WAVE FUNCTION SAVED IN FORTRAN UNIT 79
 TTTTTTTTTTTTTTTTTTTTTTTTTTTTTT MPP_TRAF    TELAPSE     1646.25 TCPU     1639.41
 TTTTTTTTTTTTTTTTTTTTTTTTTTTTTT MPP_DIAG    TELAPSE     1651.95 TCPU     1645.09
 TTTTTTTTTTTTTTTTTTTTTTTTTTTTTT MPP_DIIS    TELAPSE     1651.97 TCPU     1645.12
 DIIS TEST: 0.31304E-04 AT SCF   CYCLE   4 - DIIS ACTIVE - HISTORY:     4 CYCLES
 MAXIMUM MEMORY OCCUPIED BY DIIS:     22.017 Mb PER CORE 
 TTTTTTTTTTTTTTTTTTTTTTTTTTTTTT MPP_TRAF    TELAPSE     1656.60 TCPU     1649.74
 TTTTTTTTTTTTTTTTTTTTTTTTTTTTTT MPP_DIAG    TELAPSE     1673.24 TCPU     1666.28

    ALPHA      ELECTRONS
 INSULATING STATE
 TOP OF VALENCE BANDS -    BAND    921; K    1; EIG -2.4967052E-01 AU
 BOTTOM OF VIRTUAL BANDS - BAND    922; K    2; EIG -1.3804557E-01 AU
 INDIRECT ENERGY BAND GAP:   3.0375 eV
 BOTTOM OF VIRTUAL BANDS - BAND    922; K    1; EIG -1.3668793E-01 AU

    BETA       ELECTRONS
 INSULATING STATE
 TOP OF VALENCE BANDS -    BAND    921; K    1; EIG -2.4967052E-01 AU
 BOTTOM OF VIRTUAL BANDS - BAND    922; K    2; EIG -1.3804557E-01 AU
 INDIRECT ENERGY BAND GAP:   3.0375 eV
 BOTTOM OF VIRTUAL BANDS - BAND    922; K    1; EIG -1.3668793E-01 AU
 TTTTTTTTTTTTTTTTTTTTTTTTTTTTTT FERMI       TELAPSE     1673.24 TCPU     1666.28
 TTTTTTTTTTTTTTTTTTTTTTTTTTTTTT MPP_PDIG    TELAPSE     1674.63 TCPU     1667.66
 TTTTTTTTTTTTTTTTTTTTTTTTTTTTTT MPP_PROT    TELAPSE     1674.90 TCPU     1667.94
 TTTTTTTTTTTTTTTTTTTTTTTTTTTTTT MPP_KSPA    TELAPSE     1674.90 TCPU     1667.94
 CHARGE NORMALIZATION FACTOR   1.00000000
 TOTAL ATOMIC CHARGES:
   9.1646306   9.3567322   9.2274388   9.1933228   9.2916909   9.1832970
   9.3511119   9.2326520   9.3548489  27.4291740  27.4229026  27.4223659
  27.4483536  27.4260412  27.4369535  27.4301789  27.4387832  27.4514676
   9.3078003   9.3013068   9.2934491   9.2981026   9.3039948   9.2976717
   9.2961520   9.2921585   9.3004040   9.3126341   9.2986239   9.3005258
   9.3206142   9.3031138   9.3116007   9.2929634   9.3298775   9.3165048
  27.4030239  27.4027655  27.4025295  27.4036895  27.4040674  27.4059106
  27.4051487  27.4028075  27.4061572   9.3273936   9.3301998   9.3268844
   9.3269863   9.3270046   9.3286562   9.3312597   9.3268625   9.3293569
   9.3023716   9.3026620   9.3031368   9.3034227   9.3050348   9.3051748
   9.3064327   9.3034085   9.3036874  27.4360556  27.4364884  27.4362576
  27.4365320  27.4367885  27.4363262  27.4363012  27.4358968  27.4368774
   9.2321699   9.2320484   9.2319476   9.2316395   9.2320582   9.2317826
   9.2320449   9.2320974   9.2323185   8.7327063   0.5875264   0.6849156
   8.6933928   0.6570452   0.6319425   0.6568789   8.6548447   0.6913965
   0.6368358   8.6916436   0.6539579   8.6642211   0.6587184   0.6508779
   8.7535647   0.6380881   0.6160775   0.6389520   8.7396390   0.6448903
   8.6268119   0.6261486   0.7177333   8.7569895   0.5346337   0.6955909
   8.7075260   0.7030681   0.5963790   8.5950031   0.7152393   0.6881409
   8.6456066   0.6479810   0.7162565   0.6105053   8.6810588   0.6973202
   0.6697569   8.6517581   0.6569897   8.6461754   0.6448499   0.6971539
   8.6769980   0.6598008   0.6632439   0.6625648   8.6868521   0.6714295
   8.7504819   0.6189599   0.6707092   8.6186524   0.6964736   0.6875163
   8.6316449   0.6855419   0.6570197   8.6402363   0.7011804   0.6660400
   8.7041691   0.6632875   0.6218824   0.6545463   8.6631750   0.6917755
   0.6960750   8.6511472   0.6411867   8.6408805   0.6585418   0.6915984
   8.7018802   0.6608392   0.6281643   0.6385953   8.7090933   0.6593331
   8.6285414   0.6697223   0.6776795   8.6657865   0.6780290   0.6820408
   8.6686537   0.7057766   0.6159112   8.6162968   0.7105044   0.6882289
   8.6641771   0.6555962   0.6754409   0.6149504   8.7086107   0.6910005
   0.6413504   8.6926023   0.6584448   8.6296386   0.6614890   0.6921316
   8.6936887   0.6522542   0.6690842   0.6233573   8.7265212   0.6549793
   8.6403871   0.6873044   0.6733407   8.6896292   0.6691885   0.6611477
   8.6568090   0.6768829   0.6567810   8.6736010   0.6996051   0.6265836
   8.6911984   0.6507239   0.6524127   0.6181579   8.7132336   0.6784048
   0.6588165   8.6698341   0.6491542   8.6526471   0.6572960   0.6779643
   8.7218137   0.6534772   0.6381562   0.6364179   8.6897754   0.6842053
   8.6315664   0.6910256   0.6922705   8.6972680   0.6772649   0.6436786
   8.6852260   0.7000803   0.6028315   8.6617775   0.6621858   0.6724146
   8.6735884   0.6317689   0.6872321   0.6352794   8.7001655   0.6653834
   0.7043968   8.6615543   0.6380819   8.6415765   0.6669275   0.6709275
   8.6987251   0.6128401   0.6971299   0.6353534   8.6827507   0.6670460
   8.6424341   0.6984840   0.6539737   8.6868985   0.6720760   0.6399427
   8.6794394   0.6916271   0.6199524
 SUMMED SPIN DENSITY           0.00000000
 TOTAL ATOMIC SPINS  :
   0.0000000  -0.0000000  -0.0000000  -0.0000000  -0.0000000   0.0000000
   0.0000000   0.0000000   0.0000000  -0.0000000  -0.0000000  -0.0000000
  -0.0000000  -0.0000000   0.0000000   0.0000000   0.0000000  -0.0000000
   0.0000000   0.0000000   0.0000000   0.0000000  -0.0000000  -0.0000000
   0.0000000   0.0000000  -0.0000000   0.0000000   0.0000000  -0.0000000
   0.0000000  -0.0000000  -0.0000000   0.0000000  -0.0000000   0.0000000
  -0.0000000  -0.0000000   0.0000000  -0.0000000   0.0000000   0.0000000
  -0.0000000   0.0000000   0.0000000   0.0000000  -0.0000000  -0.0000000
  -0.0000000  -0.0000000   0.0000000   0.0000000  -0.0000000  -0.0000000
   0.0000000  -0.0000000  -0.0000000   0.0000000  -0.0000000   0.0000000
   0.0000000  -0.0000000  -0.0000000  -0.0000000   0.0000000   0.0000000
  -0.0000000   0.0000000  -0.0000000   0.0000000   0.0000000  -0.0000000
  -0.0000000   0.0000000   0.0000000  -0.0000000  -0.0000000   0.0000000
   0.0000000  -0.0000000  -0.0000000  -0.0000000   0.0000000   0.0000000
  -0.0000000   0.0000000   0.0000000   0.0000000  -0.0000000   0.0000000
  -0.0000000   0.0000000  -0.0000000  -0.0000000   0.0000000   0.0000000
   0.0000000  -0.0000000  -0.0000000   0.0000000  -0.0000000   0.0000000
  -0.0000000   0.0000000   0.0000000  -0.0000000  -0.0000000  -0.0000000
   0.0000000  -0.0000000  -0.0000000   0.0000000  -0.0000000  -0.0000000
  -0.0000000   0.0000000   0.0000000   0.0000000  -0.0000000   0.0000000
  -0.0000000   0.0000000  -0.0000000  -0.0000000   0.0000000   0.0000000
   0.0000000  -0.0000000  -0.0000000  -0.0000000   0.0000000  -0.0000000
  -0.0000000   0.0000000   0.0000000  -0.0000000   0.0000000   0.0000000
  -0.0000000   0.0000000   0.0000000  -0.0000000   0.0000000   0.0000000
   0.0000000  -0.0000000  -0.0000000   0.0000000  -0.0000000   0.0000000
  -0.0000000   0.0000000  -0.0000000  -0.0000000   0.0000000   0.0000000
   0.0000000  -0.0000000  -0.0000000  -0.0000000   0.0000000  -0.0000000
   0.0000000  -0.0000000  -0.0000000   0.0000000  -0.0000000  -0.0000000
   0.0000000   0.0000000  -0.0000000   0.0000000  -0.0000000  -0.0000000
   0.0000000  -0.0000000  -0.0000000  -0.0000000   0.0000000   0.0000000
  -0.0000000   0.0000000  -0.0000000  -0.0000000   0.0000000   0.0000000
   0.0000000  -0.0000000  -0.0000000  -0.0000000   0.0000000  -0.0000000
  -0.0000000   0.0000000   0.0000000   0.0000000  -0.0000000  -0.0000000
   0.0000000  -0.0000000  -0.0000000  -0.0000000   0.0000000   0.0000000
   0.0000000  -0.0000000  -0.0000000   0.0000000  -0.0000000   0.0000000
   0.0000000  -0.0000000   0.0000000  -0.0000000   0.0000000   0.0000000
  -0.0000000   0.0000000   0.0000000  -0.0000000   0.0000000  -0.0000000
   0.0000000  -0.0000000   0.0000000   0.0000000  -0.0000000  -0.0000000
  -0.0000000   0.0000000   0.0000000  -0.0000000  -0.0000000   0.0000000
  -0.0000000   0.0000000  -0.0000000  -0.0000000  -0.0000000   0.0000000
  -0.0000000   0.0000000   0.0000000  -0.0000000   0.0000000   0.0000000
   0.0000000  -0.0000000  -0.0000000  -0.0000000   0.0000000  -0.0000000
   0.0000000   0.0000000  -0.0000000  -0.0000000   0.0000000   0.0000000
  -0.0000000  -0.0000000   0.0000000
 TTTTTTTTTTTTTTTTTTTTTTTTTTTTTT MOQGAD      TELAPSE     1674.98 TCPU     1668.00
 TTTTTTTTTTTTTTTTTTTTTTTTTTTTTT SHELLXN     TELAPSE     1919.98 TCPU     1912.93
 TTTTTTTTTTTTTTTTTTTTTTTTTTTTTT MONMO3      TELAPSE     1937.21 TCPU     1930.15
 NUMERICALLY INTEGRATED DENSITY    921.0003265834    921.0003265834
 TTTTTTTTTTTTTTTTTTTTTTTTTTTTTT NUMDFT      TELAPSE     1969.16 TCPU     1962.09
 CYC   5 ETOT(AU) -2.147976261364E+04 DETOT -3.66E-06 tst  8.54E-10 PX  4.39E-04
 CYCLE  5 WAVE FUNCTION SAVED IN FORTRAN UNIT 79
 TTTTTTTTTTTTTTTTTTTTTTTTTTTTTT MPP_TRAF    TELAPSE     1974.84 TCPU     1966.85
 TTTTTTTTTTTTTTTTTTTTTTTTTTTTTT MPP_DIAG    TELAPSE     1980.76 TCPU     1972.75
 TTTTTTTTTTTTTTTTTTTTTTTTTTTTTT MPP_DIIS    TELAPSE     1980.78 TCPU     1972.77
 DIIS TEST: 0.58987E-05 AT SCF   CYCLE   5 - DIIS ACTIVE - HISTORY:     5 CYCLES
 MAXIMUM MEMORY OCCUPIED BY DIIS:     27.521 Mb PER CORE 
 TTTTTTTTTTTTTTTTTTTTTTTTTTTTTT MPP_TRAF    TELAPSE     1985.47 TCPU     1977.46
 TTTTTTTTTTTTTTTTTTTTTTTTTTTTTT MPP_DIAG    TELAPSE     2002.14 TCPU     1994.02

    ALPHA      ELECTRONS
 INSULATING STATE
 TOP OF VALENCE BANDS -    BAND    921; K    1; EIG -2.4965317E-01 AU
 BOTTOM OF VIRTUAL BANDS - BAND    922; K    2; EIG -1.3805081E-01 AU
 INDIRECT ENERGY BAND GAP:   3.0369 eV
 BOTTOM OF VIRTUAL BANDS - BAND    922; K    1; EIG -1.3668637E-01 AU

    BETA       ELECTRONS
 INSULATING STATE
 TOP OF VALENCE BANDS -    BAND    921; K    1; EIG -2.4965317E-01 AU
 BOTTOM OF VIRTUAL BANDS - BAND    922; K    2; EIG -1.3805081E-01 AU
 INDIRECT ENERGY BAND GAP:   3.0369 eV
 BOTTOM OF VIRTUAL BANDS - BAND    922; K    1; EIG -1.3668637E-01 AU
 TTTTTTTTTTTTTTTTTTTTTTTTTTTTTT FERMI       TELAPSE     2002.14 TCPU     1994.02
 TTTTTTTTTTTTTTTTTTTTTTTTTTTTTT MPP_PDIG    TELAPSE     2003.53 TCPU     1995.40
 TTTTTTTTTTTTTTTTTTTTTTTTTTTTTT MPP_PROT    TELAPSE     2003.80 TCPU     1995.68
 TTTTTTTTTTTTTTTTTTTTTTTTTTTTTT MPP_KSPA    TELAPSE     2003.80 TCPU     1995.68
 CHARGE NORMALIZATION FACTOR   1.00000000
 TOTAL ATOMIC CHARGES:
   9.1645957   9.3568065   9.2274483   9.1933227   9.2917899   9.1833343
   9.3510467   9.2326816   9.3547980  27.4291524  27.4226695  27.4218859
  27.4487312  27.4265089  27.4371543  27.4305450  27.4389588  27.4512456
   9.3077113   9.3013067   9.2934616   9.2979034   9.3038910   9.2975750
   9.2960025   9.2921115   9.3003180   9.3124844   9.2984911   9.3004564
   9.3204490   9.3029679   9.3114914   9.2928152   9.3297846   9.3164730
  27.4034093  27.4029447  27.4025621  27.4040932  27.4044119  27.4060568
  27.4055441  27.4030067  27.4062517   9.3272806   9.3301448   9.3268207
   9.3268420   9.3269203   9.3285585   9.3311340   9.3267766   9.3292554
   9.3023117   9.3026275   9.3031040   9.3033482   9.3049789   9.3051415
   9.3063722   9.3033569   9.3036455  27.4360721  27.4365494  27.4363462
  27.4365966  27.4367424  27.4363444  27.4363907  27.4359719  27.4368916
   9.2321401   9.2320370   9.2319452   9.2316133   9.2320124   9.2317708
   9.2320260   9.2320708   9.2322893   8.7327210   0.5875275   0.6849110
   8.6934062   0.6570383   0.6319379   0.6568738   8.6548459   0.6913977
   0.6368381   8.6916438   0.6539619   8.6642234   0.6587208   0.6508763
   8.7535783   0.6380862   0.6160736   0.6389521   8.7396263   0.6448945
   8.6268065   0.6261499   0.7177371   8.7569902   0.5346347   0.6955886
   8.7075298   0.7030731   0.5963775   8.5950044   0.7152377   0.6881373
   8.6456088   0.6479792   0.7162559   0.6105042   8.6810675   0.6973153
   0.6697593   8.6517531   0.6569906   8.6461746   0.6448501   0.6971545
   8.6769924   0.6598028   0.6632452   0.6625632   8.6868564   0.6714311
   8.7504785   0.6189530   0.6707143   8.6186374   0.6964786   0.6875176
   8.6316508   0.6855369   0.6570192   8.6402445   0.7011742   0.6660379
   8.7041718   0.6632920   0.6218859   0.6545483   8.6631793   0.6917692
   0.6960820   8.6511312   0.6411862   8.6408722   0.6585384   0.6916045
   8.7018636   0.6608373   0.6281687   0.6385902   8.7091283   0.6593229
   8.6285709   0.6697146   0.6776761   8.6657772   0.6780300   0.6820425
   8.6686450   0.7057758   0.6159145   8.6163075   0.7104976   0.6882277
   8.6641745   0.6555955   0.6754449   0.6149513   8.7085919   0.6910082
   0.6413432   8.6926125   0.6584432   8.6296556   0.6614824   0.6921263
   8.6936905   0.6522523   0.6690865   0.6233625   8.7265097   0.6549804
   8.6402758   0.6873484   0.6733861   8.6896351   0.6691872   0.6611458
   8.6568098   0.6768864   0.6567861   8.6736101   0.6996016   0.6265809
   8.6911966   0.6507258   0.6524141   0.6181531   8.7132584   0.6783960
   0.6588175   8.6698336   0.6491546   8.6526494   0.6572983   0.6779641
   8.7217956   0.6534850   0.6381559   0.6364176   8.6897741   0.6842065
   8.6315708   0.6910265   0.6922706   8.6972883   0.6772588   0.6436766
   8.6852213   0.7000808   0.6028339   8.6617806   0.6621856   0.6724138
   8.6735654   0.6317723   0.6872423   0.6352808   8.7001645   0.6653814
   0.7043941   8.6615644   0.6380776   8.6415792   0.6669266   0.6709254
   8.6987078   0.6128450   0.6971371   0.6353534   8.6827618   0.6670390
   8.6424300   0.6984859   0.6539759   8.6869229   0.6720685   0.6399355
   8.6794315   0.6916266   0.6199562
 SUMMED SPIN DENSITY           0.00000000
 TOTAL ATOMIC SPINS  :
   0.0000000  -0.0000000  -0.0000000   0.0000000   0.0000000   0.0000000
   0.0000000   0.0000000  -0.0000000  -0.0000000  -0.0000000  -0.0000000
  -0.0000000  -0.0000000   0.0000000   0.0000000   0.0000000  -0.0000000
   0.0000000   0.0000000   0.0000000   0.0000000  -0.0000000  -0.0000000
   0.0000000   0.0000000  -0.0000000   0.0000000   0.0000000  -0.0000000
   0.0000000  -0.0000000  -0.0000000   0.0000000  -0.0000000   0.0000000
  -0.0000000  -0.0000000   0.0000000  -0.0000000   0.0000000   0.0000000
  -0.0000000   0.0000000   0.0000000   0.0000000   0.0000000  -0.0000000
  -0.0000000  -0.0000000   0.0000000   0.0000000  -0.0000000  -0.0000000
   0.0000000  -0.0000000  -0.0000000   0.0000000  -0.0000000   0.0000000
   0.0000000  -0.0000000  -0.0000000  -0.0000000   0.0000000   0.0000000
  -0.0000000   0.0000000  -0.0000000  -0.0000000   0.0000000   0.0000000
  -0.0000000   0.0000000   0.0000000  -0.0000000  -0.0000000  -0.0000000
  -0.0000000  -0.0000000  -0.0000000  -0.0000000  -0.0000000   0.0000000
  -0.0000000   0.0000000   0.0000000   0.0000000  -0.0000000   0.0000000
   0.0000000   0.0000000  -0.0000000  -0.0000000   0.0000000   0.0000000
   0.0000000  -0.0000000  -0.0000000   0.0000000  -0.0000000   0.0000000
  -0.0000000   0.0000000   0.0000000  -0.0000000  -0.0000000   0.0000000
   0.0000000  -0.0000000  -0.0000000   0.0000000  -0.0000000  -0.0000000
   0.0000000  -0.0000000  -0.0000000   0.0000000  -0.0000000   0.0000000
   0.0000000   0.0000000  -0.0000000  -0.0000000   0.0000000   0.0000000
   0.0000000  -0.0000000  -0.0000000  -0.0000000   0.0000000  -0.0000000
  -0.0000000   0.0000000   0.0000000  -0.0000000   0.0000000   0.0000000
  -0.0000000   0.0000000   0.0000000  -0.0000000   0.0000000  -0.0000000
   0.0000000  -0.0000000  -0.0000000   0.0000000  -0.0000000   0.0000000
  -0.0000000   0.0000000  -0.0000000  -0.0000000   0.0000000   0.0000000
   0.0000000  -0.0000000  -0.0000000  -0.0000000   0.0000000  -0.0000000
   0.0000000  -0.0000000  -0.0000000   0.0000000  -0.0000000  -0.0000000
   0.0000000  -0.0000000  -0.0000000   0.0000000  -0.0000000  -0.0000000
   0.0000000  -0.0000000  -0.0000000   0.0000000  -0.0000000   0.0000000
  -0.0000000   0.0000000  -0.0000000  -0.0000000   0.0000000   0.0000000
   0.0000000  -0.0000000  -0.0000000  -0.0000000   0.0000000  -0.0000000
  -0.0000000   0.0000000   0.0000000  -0.0000000   0.0000000   0.0000000
   0.0000000  -0.0000000  -0.0000000  -0.0000000   0.0000000   0.0000000
   0.0000000  -0.0000000  -0.0000000   0.0000000  -0.0000000   0.0000000
   0.0000000  -0.0000000   0.0000000  -0.0000000   0.0000000   0.0000000
  -0.0000000   0.0000000   0.0000000  -0.0000000   0.0000000  -0.0000000
  -0.0000000   0.0000000   0.0000000   0.0000000  -0.0000000  -0.0000000
  -0.0000000   0.0000000  -0.0000000   0.0000000  -0.0000000   0.0000000
   0.0000000  -0.0000000  -0.0000000  -0.0000000  -0.0000000   0.0000000
   0.0000000  -0.0000000   0.0000000  -0.0000000   0.0000000   0.0000000
   0.0000000   0.0000000  -0.0000000  -0.0000000   0.0000000  -0.0000000
   0.0000000   0.0000000  -0.0000000  -0.0000000   0.0000000   0.0000000
   0.0000000  -0.0000000  -0.0000000
 TTTTTTTTTTTTTTTTTTTTTTTTTTTTTT MOQGAD      TELAPSE     2003.88 TCPU     1995.75
 TTTTTTTTTTTTTTTTTTTTTTTTTTTTTT SHELLXN     TELAPSE     2248.79 TCPU     2240.58

 ::: DIPOLE MOMENT ALONG NON PERIODIC DIRECTIONS:
 ::: A.U.     (Z)  8.39512E-02
 ::: DEBYE        -2.13383E-01

 +++ ENERGIES IN A.U. +++
 ::: EXT EL-POLE                                  -4.2269766418577E+05
 ::: EXT EL-SPHEROPOLE                             0.0000000000000E+00
 ::: BIELET ZONE E-E                               5.1763543027379E+04
 ::: TOTAL E-E                                    -3.7093412115839E+05
 ::: TOTAL E-N + N-E                               7.2243349851327E+05
 ::: TOTAL N-N                                    -3.8485371072054E+05
 ::: KINETIC ENERGY                                1.3497048044098E+04
 ::: PSEUDO TOTAL   ENERGY                        -1.9857285321556E+04
 ::: VIRIAL COEFFICIENT                            8.0931301466191E-01
 TTTTTTTTTTTTTTTTTTTTTTTTTTTTTT MONMO3      TELAPSE     2266.94 TCPU     2258.73
 NUMERICALLY INTEGRATED DENSITY    921.0003265791    921.0003265791
 TTTTTTTTTTTTTTTTTTTTTTTTTTTTTT NUMDFT      TELAPSE     2299.77 TCPU     2291.54
 CYC   6 ETOT(AU) -2.147976261311E+04 DETOT  5.25E-07 tst  3.36E-10 PX  4.39E-04

 == SCF ENDED - CONVERGENCE ON ENERGY      E(AU) -2.1479762613113E+04 CYCLES   6


 ENERGY EXPRESSION=HARTREE+FOCK EXCH*0.12000+(BECKE      EXCH)*0.88000+LYP        CORR


 TOTAL ENERGY(DFT)(AU)(  6) -2.1479762613113E+04 DE 5.2E-07 tester 3.4E-10
 TTTTTTTTTTTTTTTTTTTTTTTTTTTTTT EDFT        TELAPSE     2299.86 TCPU     2291.60

 *******************************************************************************
 *                             FORCE CALCULATION                               *
 *******************************************************************************

 TTTTTTTTTTTTTTTTTTTTTTTTTTTTTT NUMDFG      TELAPSE     2493.99 TCPU     2485.58
 INFORMATION **** EXCPOG **** EXCH. BIPO BUFFER LENGTH (WORDS) =    16000000
 WARNING **** EXCPOG **** EXCH. BIPO BUFFER TOO SMALL - TO AVOID RECALC SET EXCHSIZE =    23973687
 WARNING **** GENPOG **** COULOMB BIPO BUFFER TOO SMALL - TO AVOID RECALC SET BIPOSIZE =    12969300
 INFORMATION **** GENPOG **** BIPO BUFFER LENGTH (WORDS) =     4000000
 TTTTTTTTTTTTTTTTTTTTTTTTTTTTTT SHELXG      TELAPSE     4327.85 TCPU     4318.83


 D3 DISPERSION ENERGY (AU)       -1.8560460818843E+00
 TOTAL ENERGY + DISP (AU)        -2.1481618659195E+04

 CARTESIAN FORCES IN HARTREE/BOHR (ANALYTICAL)
   ATOM                     X                   Y                   Z
   1   8            -4.357865416477E-04 -2.384534629256E-04 -7.074459108907E-04
   2   8            -3.613791941453E-04 -7.173788954871E-04  9.712764656342E-04
   3   8             4.623271580990E-05 -3.014922969384E-04  7.774872835213E-04
   4   8            -1.981201630938E-04  5.073182424540E-04 -9.745279383111E-05
   5   8            -1.535623302615E-03  2.562777611102E-04 -2.593119960110E-04
   6   8            -3.499290399962E-04 -3.775170496422E-04 -7.593151033873E-04
   7   8             9.644645384923E-04 -3.541729877527E-04 -5.303537783163E-05
   8   8             5.874884534713E-04 -5.467446512449E-04  5.546626574997E-04
   9   8             2.174321523257E-04 -8.187482003041E-06 -6.026470790630E-04
  10 258             8.596857516490E-04  4.281104704123E-04 -9.153634346148E-05
  11 258             9.632313257173E-04  4.364271203281E-04 -5.614275396226E-04
  12 258             2.850370161052E-04  1.546222655107E-04  4.555270805895E-04
  13 258             2.677789467675E-05 -2.424245466983E-04  2.688500098031E-04
  14 258            -4.996678503617E-04 -5.741544807897E-04  9.615424265803E-04
  15 258            -2.359773936704E-04 -5.022290424730E-04 -8.580359877897E-05
  16 258             6.770507213139E-05  4.592744244848E-04  2.514620241953E-04
  17 258            -1.553990979413E-04 -2.134696587994E-04  5.128256160276E-04
  18 258             1.073231960221E-03  5.806521593167E-04 -2.001712565900E-03
  19   8            -3.126054361729E-04 -2.596589648614E-04 -9.320085281961E-05
  20   8            -3.596994870041E-04  2.806950146762E-04  1.142834896739E-05
  21   8             3.991279661108E-04 -5.131662597118E-04  1.558813940512E-04
  22   8            -1.572568280669E-04  1.691176260087E-04  1.778392779364E-04
  23   8             8.135743600651E-04  2.894570369405E-04 -1.728335542903E-04
  24   8            -3.605936444404E-04 -3.589631884800E-04  5.583295639398E-04
  25   8            -2.624455478415E-04  9.395734094908E-05  1.665212787487E-04
  26   8            -8.522880229467E-05  2.496951521150E-04 -3.186867484576E-04
  27   8            -5.210273944332E-04 -8.616117460453E-04  8.368459966785E-04
  28   8            -2.303318588467E-04 -1.032608441113E-04 -5.918137201633E-05
  29   8             2.740221363651E-04  3.525585079070E-04 -1.750363374100E-04
  30   8             1.451667556367E-04 -9.948131869073E-05  2.446324358019E-04
  31   8            -6.896866595293E-05  1.085183172044E-04 -1.093497911455E-04
  32   8             2.205409273044E-04 -8.938044516008E-05 -1.211508807017E-04
  33   8            -1.929709117259E-04  9.968008263949E-05 -9.883160826263E-05
  34   8            -1.641354061968E-04 -1.501302112747E-04 -2.458601613924E-04
  35   8            -1.104538660222E-04  4.588672195524E-05 -1.188889424739E-04
  36   8             1.343326427036E-05  2.642160691269E-04  9.709254373291E-05
  37 258            -3.101711181508E-06 -9.628193358264E-05  7.173038704877E-05
  38 258             1.825605190068E-04 -9.005020396127E-05 -4.327393526182E-05
  39 258             2.680020308810E-05  1.489594817663E-04 -1.790503367260E-04
  40 258             2.390365217617E-04  6.055205652286E-04  7.811399325419E-05
  41 258            -2.438990187761E-04 -2.187965570825E-04  5.860301191660E-04
  42 258            -7.988517513247E-05 -8.759995862195E-06 -2.437608962396E-04
  43 258             5.201673693428E-05 -1.203520009171E-04  3.582775157724E-04
  44 258            -3.044590835704E-04 -5.605205083016E-04  5.598267296136E-05
  45 258             2.103603994797E-04  3.166696600160E-04 -3.198223429308E-04
  46   8            -5.983469921128E-05  5.695062839700E-05  3.776549722545E-05
  47   8             6.203228802640E-05  2.570083089578E-05 -1.261295962394E-04
  48   8            -3.357680754740E-05 -1.341309888249E-04  2.252523805168E-04
  49   8             6.208131381380E-05  1.047588999908E-05 -4.354068090606E-05
  50   8            -9.379734311143E-06  3.270372225675E-05 -2.607496511899E-04
  51   8            -3.872904766515E-05 -1.736514659053E-04  2.690501255813E-04
  52   8             5.575710304983E-05 -2.436314815660E-05 -1.139774186214E-04
  53   8            -4.288357911400E-05 -1.198865053472E-05  2.100278409642E-04
  54   8            -8.450261969870E-05 -1.218525377050E-04  2.029237347898E-04
  55   8             1.343518987774E-04  3.571996173013E-04  1.183224512127E-02
  56   8            -1.333047213923E-04  1.214461450779E-03  1.199660034081E-02
  57   8             2.884997330775E-04 -5.831638182537E-04  1.184769333636E-02
  58   8             3.479593414952E-04  7.223518428232E-04  1.163872187931E-02
  59   8            -7.562064041734E-05  9.089958149600E-05  1.235274375384E-02
  60   8             2.095250811914E-04 -1.290506565339E-04  1.185287911684E-02
  61   8            -2.271984743484E-04  4.175886635192E-05  1.176968430224E-02
  62   8             8.137158054092E-04  8.502936921040E-05  1.146799526850E-02
  63   8             1.584283356739E-04  9.868164828139E-04  1.122478570778E-02
  64 258             1.746663566180E-03  6.333188253441E-04 -7.816694040912E-04
  65 258             3.648932793016E-04  6.216009372072E-04 -2.322169831359E-04
  66 258             7.863594989203E-04  1.030382782567E-03 -4.623453241948E-04
  67 258            -1.273908922554E-03 -1.588579041142E-04 -6.154097332001E-04
  68 258            -1.486618456415E-04 -1.146870253448E-03 -1.494174851473E-03
  69 258            -1.423863269602E-03  1.791487841638E-04 -1.167939264974E-03
  70 258            -7.251530156215E-04  5.847051389554E-04 -9.371799645805E-04
  71 258            -3.678033985156E-04  1.091129419629E-04 -8.605384838347E-04
  72 258             5.056401935227E-04 -4.201024900553E-04 -2.444538938562E-03
  73   8             4.372540849449E-04  1.048698300997E-04 -1.036963840698E-02
  74   8             2.870803582434E-04  3.198808976423E-04 -1.038968921563E-02
  75   8             2.688410439938E-04 -9.859686953767E-05 -1.025882427524E-02
  76   8             4.082450906091E-04  1.583430325732E-04 -1.010938281456E-02
  77   8             4.528247146083E-04 -2.915038894276E-04 -1.023338714788E-02
  78   8            -1.507521422340E-04  2.880331212173E-04 -1.019538404617E-02
  79   8            -3.821401483379E-04 -1.590831613916E-04 -1.021495971355E-02
  80   8            -2.678314852329E-04 -7.828186649843E-06 -1.022242923844E-02
  81   8             3.556974401668E-04 -2.481969793020E-04 -1.027230473002E-02
  82   8             4.888615261236E-04  1.988072076120E-03 -2.296341355290E-03
  83   1             6.904020997400E-04 -1.300499456296E-03  2.212933428780E-03
  84   1             2.732224406751E-04 -2.341049643235E-04  1.064500705807E-03
  85   8            -8.641366206907E-05  3.314375083416E-04 -6.062146660497E-04
  86   1             4.689063371122E-05  8.426880996115E-06 -6.674227906487E-04
  87   1             3.942967236834E-04  2.964724687970E-05  2.620742432118E-04
  88   1             1.273223088181E-03  6.537897982122E-04 -1.345035604956E-04
  89   8            -1.535432710480E-03 -2.227726691320E-04  7.809076037404E-04
  90   1             2.198767674215E-04  3.714433003543E-04 -2.131683425599E-04
  91   1            -1.146874405534E-03  3.406570061830E-04  1.888144290501E-04
  92   8            -7.434163087490E-04 -1.935050201675E-03  5.567881743218E-05
  93   1             1.621669796524E-03  1.269979943437E-03 -2.092282155228E-04
  94   8            -1.884971322163E-03 -1.203050507330E-04 -1.042517896096E-03
  95   1             4.343584350304E-04  6.994318131778E-04  8.900091562651E-04
  96   1             6.861669199014E-04 -6.358120824130E-04  1.501714934804E-05
  97   8             1.842590125696E-03 -9.912779549800E-04  8.322611175373E-04
  98   1             2.710821814831E-04 -5.680924926719E-04 -2.204366809284E-04
  99   1            -1.830543222257E-03  9.447312471789E-04 -1.609906063074E-04
 100   1             7.642436337911E-04  8.193244940777E-04 -6.472422724855E-04
 101   8            -1.124844121778E-03 -6.276786099040E-04 -2.769312844180E-04
 102   1            -1.395271520855E-04  3.120771937533E-04 -4.142403963510E-04
 103   8             7.456727171031E-03  4.654972478658E-03  8.982020874413E-03
 104   1            -4.153441905036E-03  2.948059541300E-03 -2.524382721965E-03
 105   1            -4.942352539945E-03 -7.791496796502E-03 -6.182189815233E-03
 106   8            -5.299691117115E-04 -3.423254903439E-03 -2.819338392356E-03
 107   1             2.976078776934E-05  8.052159170964E-04  2.637823627332E-04
 108   1             5.683330565862E-04  3.390599913932E-03  2.722869056131E-03
 109   8             2.304843575812E-04 -1.354061513846E-03 -1.596997633129E-03
 110   1             7.238591107996E-04  8.374922039999E-04  8.269807570258E-04
 111   1            -9.604212650192E-04  2.247404926310E-04  7.655972058025E-04
 112   8             1.386454154913E-03  2.079678334344E-04 -1.076809318633E-03
 113   1             2.977190821802E-04  1.078548593347E-03  8.386251889725E-05
 114   1            -1.607011734457E-03 -1.225540380461E-03 -4.455632121037E-05
 115   8             1.036774274142E-03 -3.548189449258E-03  2.221967390966E-03
 116   1             1.689577659123E-03  3.732557092387E-04 -9.922445301100E-04
 117   1            -3.303944806598E-03  1.888569279650E-03 -9.866339324169E-04
 118   1             1.488229264158E-03 -1.399651132332E-03 -4.402303131386E-04
 119   8            -1.431289469528E-03  9.764503666321E-04 -3.121571107130E-04
 120   1            -6.651828798776E-05  1.316861902678E-04  4.766110457730E-04
 121   1            -6.881298007327E-04 -4.915666667311E-04 -1.164883171782E-03
 122   8            -3.852199071392E-04  8.587348435065E-04  2.664207890916E-03
 123   1             9.019559861089E-04  4.136552390721E-04 -1.696901459876E-03
 124   8            -3.487202483328E-04  1.357673131987E-03  3.547802873101E-04
 125   1             1.873243027455E-03 -1.583360755838E-03 -1.855553917634E-03
 126   1            -1.824904752567E-03 -2.757811470238E-04  7.255055280826E-04
 127   8             1.391049311052E-03  1.635655625689E-04 -5.843702703743E-04
 128   1            -6.466297969048E-04  3.771172857634E-04  1.061049717421E-05
 129   1            -5.938962438208E-04 -7.314118960089E-05  1.231080883599E-04
 130   1            -8.235756532252E-04  5.742071173394E-04  2.114834311584E-05
 131   8             1.585611892502E-03 -2.199682620514E-03  7.326973130688E-04
 132   1             6.558636006337E-05  1.301024529001E-03 -9.183169917648E-05
 133   8            -6.137731080417E-03  1.581397251506E-03  9.381416663388E-04
 134   1             7.337802063413E-03  7.352535184800E-04 -1.812270509777E-03
 135   1            -1.366253523232E-03 -2.028889563516E-03  1.158881717771E-03
 136   8             7.547166047348E-04 -1.096422018513E-03 -4.574704432798E-04
 137   1            -3.488385687725E-04  4.667059213461E-04 -4.531784856834E-04
 138   1            -2.568736665441E-04  8.922119302834E-04  7.180890089060E-04
 139   8             5.214702115011E-04 -9.330558354392E-05 -2.015253239705E-03
 140   1             7.680348065207E-04  2.442439112900E-04  4.213514987672E-04
 141   1            -4.978100191440E-04  7.732625080408E-04  1.107392261098E-03
 142   8            -4.171592629871E-04  7.129664567695E-04 -3.236381624077E-03
 143   1             5.510477362531E-04 -1.720399157869E-03  3.353563047188E-03
 144   1            -8.671560311996E-04  1.656252325231E-04 -2.676706796798E-04
 145   8            -1.605528754927E-03 -1.877692021364E-03 -5.191110411147E-04
 146   1            -1.208769445323E-03  1.493996416480E-03  6.384096314704E-05
 147   1             2.931567223842E-03 -2.534517940591E-04 -3.269467822200E-04
 148   1             1.954249414288E-03  4.978264308400E-04  1.752383076408E-03
 149   8            -3.748520797177E-03 -2.895173196062E-04 -2.069577360686E-03
 150   1             1.139633286457E-03  2.656962001861E-04 -9.873793947079E-05
 151   1             9.490137056083E-04  1.385897431057E-03 -5.767640541805E-04
 152   8             6.398108902951E-04 -2.907644118508E-03 -1.836541834052E-03
 153   1            -2.023080896328E-03  1.948138907055E-03  3.452112656777E-03
 154   8             2.507180637651E-03  3.068599059595E-03 -6.785024777969E-04
 155   1            -4.313953491097E-03 -1.595848888788E-03 -3.968320049333E-03
 156   1             1.110239877634E-03 -2.008851316245E-03  4.642541484557E-03
 157   8             2.751121289382E-03  9.045622585191E-06 -7.748324440229E-04
 158   1            -1.232001778994E-03  3.048008556161E-05 -2.318926340656E-04
 159   1            -1.681878816940E-03 -1.361476024181E-03  8.129751334849E-04
 160   1             3.319669825701E-04  8.680763837849E-04 -3.081836579177E-04
 161   8            -4.293618157902E-04 -5.758019200588E-04  7.577536176768E-04
 162   1            -6.347207469605E-04 -6.369793157310E-04 -3.817530783472E-04
 163   8             3.487897575441E-03 -8.177151992532E-04  1.426773123711E-03
 164   1            -1.881964759481E-03  1.381276725767E-04 -1.010890779185E-03
 165   1            -1.371291439331E-03  1.563429546528E-03  1.237843839998E-03
 166   8             8.054686302066E-04  1.289607114851E-03 -1.184674375054E-03
 167   1            -2.038171675371E-04 -1.038307985532E-03 -1.923324664855E-03
 168   1            -9.710364024491E-04 -1.984067745214E-04  2.090343751391E-03
 169   8             1.278342127449E-03 -2.469154691208E-03 -3.185606149998E-04
 170   1            -4.897108812758E-04  9.408863789339E-04  2.244659803155E-03
 171   1            -2.847628042760E-04  2.605525205277E-03 -2.077098250819E-03
 172   8             2.467535097433E-03 -2.149930277375E-03  2.897565675710E-03
 173   1             3.677792426655E-04  1.481389570551E-03 -3.208641779331E-04
 174   1            -2.586107224418E-03 -6.809448953516E-04 -2.234275088309E-03
 175   8             2.863366161083E-03 -9.036183624876E-03 -2.195356603067E-04
 176   1             1.529480102871E-03  1.604280590058E-03  4.898617769840E-04
 177   1            -4.428421994995E-03  5.427332773690E-03 -1.523070208123E-04
 178   1             2.568156847578E-03 -3.714181360311E-04 -3.139715059216E-03
 179   8            -2.649775090818E-03  3.084526812898E-03  3.578113073104E-03
 180   1             1.056583168333E-03 -2.761796691108E-03 -3.980567141610E-04
 181   1             2.639188084018E-03  4.341922188658E-04  5.058555104124E-03
 182   8            -4.809148897337E-03 -1.023364273229E-03 -4.033474710013E-03
 183   1             9.657069183868E-04  1.894649164820E-03 -1.196878877348E-03
 184   8            -2.270870600591E-03  3.199150184962E-03  3.273718527538E-03
 185   1             2.119558373186E-03 -4.438483538953E-03 -4.743417477652E-03
 186   1            -2.643506606048E-04  6.550601582895E-04  1.585376273706E-03
 187   8             1.176419206993E-03  2.580777436305E-03 -2.434738117586E-03
 188   1             1.300112039582E-03 -8.749406828038E-04  2.001288014622E-03
 189   1            -2.418655402097E-03 -1.335491319719E-03  3.252305031793E-04
 190   1            -5.913392455768E-04 -1.238872881459E-03  7.503366133612E-04
 191   8             1.977790216973E-03  8.620829441786E-04  4.902538283886E-04
 192   1            -1.090079527561E-03  1.084848069488E-05 -7.525386436456E-04
 193   8            -5.836858028293E-03 -1.311478246135E-05  7.351442778685E-03
 194   1             7.698878390738E-03  1.832184074062E-03 -4.233577616862E-03
 195   1            -6.473579086039E-04 -3.280636620273E-04 -3.921307787667E-03
 196   8            -1.875937722203E-03 -1.527004885609E-03  7.901947678590E-04
 197   1             9.728625855632E-06  1.412122866082E-03 -2.671219012242E-04
 198   1             5.676333178382E-04  3.347191872614E-04 -1.748657288573E-03
 199   8            -4.819547542043E-03  8.816670489069E-04 -1.165554174781E-02
 200   1             4.866060726197E-03 -7.583185001491E-04  1.070633406488E-02
 201   1             1.892974224335E-03 -2.857607270437E-04  2.612487046690E-03
 202   8            -2.034951362420E-03 -4.166216869379E-03 -2.354397443128E-03
 203   1             3.134423691353E-04 -4.477033353880E-04  1.002201746122E-03
 204   1             2.550421747540E-03  1.044222031280E-03 -3.096178198447E-04
 205   8             1.631369353884E-03  1.395395040554E-03  8.127986800730E-04
 206   1             6.666232852170E-04 -7.809133862053E-04 -5.844124832208E-04
 207   1            -1.749453632450E-03  2.166816089838E-03  4.262157449695E-04
 208   1            -9.357447585248E-04 -2.910532232036E-04  8.506446134398E-04
 209   8             4.450078028331E-03  2.825633812613E-03 -1.264200207117E-03
 210   1            -4.307565957613E-03 -2.378833635953E-03 -3.366429551797E-04
 211   1            -6.487220987195E-05  4.306798694426E-04 -3.299262802763E-04
 212   8             1.532578159176E-03 -4.563699713866E-05  1.636581573308E-03
 213   1            -1.329801058564E-03 -2.088557288925E-03 -1.335176509055E-03
 214   8            -1.724067897462E-03 -5.537019151448E-03 -1.353476764564E-03
 215   1             1.609154216982E-03  1.617721996423E-03  5.030394157671E-03
 216   1            -2.328827966470E-03  4.284657468208E-03 -4.961560913213E-03
 217   8            -1.118917164866E-03  2.224687869330E-03  2.782678517576E-03
 218   1             2.940443446212E-04 -1.442932570129E-03 -2.531074461778E-03
 219   1             1.939151802021E-03  1.167110686198E-04 -1.297125206868E-03
 220   1            -1.720166097306E-03 -1.599684564583E-03 -5.237696246994E-04
 221   8             8.023120476617E-04 -1.391803771993E-04  1.047900576737E-03
 222   1             7.665978024515E-04 -1.043357897024E-04 -3.713709655848E-04
 223   8             1.536463591543E-03 -3.710377258783E-04  6.046129397248E-04
 224   1            -7.588117574121E-04 -5.644342949376E-04 -9.067547550217E-04
 225   1            -1.053471040645E-03  2.413553611291E-03 -6.053042025336E-04
 226   8             6.809944950334E-04  1.032490514650E-03 -2.528169737815E-03
 227   1            -2.282374900229E-03  1.589368124694E-05  8.800449720638E-04
 228   1            -4.557626121529E-04 -1.348374199563E-03  1.140810017784E-03
 229   8            -5.896828414994E-04  3.346958628128E-03  6.632801899684E-04
 230   1            -2.711582801761E-04 -1.746966535279E-04  3.103096470625E-05
 231   1             3.132723229856E-04 -2.743176856080E-03 -9.352865408125E-04
 232   8             2.961785988083E-04 -4.385078312471E-04  1.522116759020E-03
 233   1            -9.932180337576E-04  5.914595626695E-04 -2.354268728951E-03
 234   1            -7.068970882766E-04 -1.077605043838E-03  5.209307548881E-06
 235   8             2.324734993742E-03 -2.036153182494E-03  4.816575658424E-04
 236   1            -3.350932901772E-03  1.105780307127E-03  1.254583269638E-03
 237   1             1.260475615751E-04  9.865267247628E-04 -1.040986409286E-03
 238   1             1.898142155088E-03  1.293855479671E-03 -8.204184855778E-04
 239   8             7.266335348355E-05 -5.098750619807E-03  1.602250165632E-03
 240   1            -7.625679767508E-04  3.300037541433E-03 -1.272407762940E-04
 241   1            -1.511181515409E-03 -2.451423452871E-03  6.783927394238E-05
 242   8            -2.238990415393E-03  1.259105393281E-03 -1.142611076176E-03
 243   1             3.247211508749E-03  6.978548146079E-04  5.940437050320E-04
 244   8             2.612903895598E-03  2.935730596369E-03 -1.972937371647E-03
 245   1            -7.958310071660E-05 -1.297297601328E-03  4.183717454254E-04
 246   1            -2.043749261946E-03 -1.591565724169E-03  1.615235547902E-03
 247   8             2.489638555072E-03  1.622040798826E-03  3.642190305953E-03
 248   1             3.329192527013E-04  6.817515523414E-04 -1.762471587011E-03
 249   1            -3.034167554743E-03 -2.435143098089E-03 -1.878226809804E-03
 250   1             5.610097619131E-04 -2.453939439595E-04  3.455440385878E-04
 251   8             1.456456833422E-04  1.199775549091E-03  1.709484048604E-03
 252   1             5.346377094673E-05 -2.962283165109E-04 -5.830628954939E-04
 253   8             1.853457836154E-03 -1.779545144331E-04  1.938241330208E-03
 254   1            -1.009993698836E-03 -3.471368266975E-04 -2.479302808212E-05
 255   1             9.095427488205E-04  7.658865536488E-04 -7.413773799811E-04
 256   8             1.148149671705E-03  3.889057013497E-03 -1.506838469396E-03
 257   1             7.701293227120E-04  3.506061521469E-04  3.860618698678E-03
 258   1            -2.335806988592E-03 -4.955497476849E-03 -1.995666358770E-03
 259   8             2.996091857773E-03 -6.245058477927E-04 -3.701400166619E-03
 260   1            -1.869095526095E-03  1.765931355923E-03  3.829420477675E-03
 261   1             4.376493787448E-04 -1.590143633468E-04 -1.500202979699E-03

 RESULTANT FORCE    -6.089882070848E-12  2.861454129199E-12  1.168617980163E-11

 ATOMIC PART

 SYMMETRY ALLOWED FORCES (ANALYTICAL) (DIRECTION, FORCE)

    1 -4.3607201E-04    2 -2.3793102E-04    3 -7.0744591E-04    4 -3.6223868E-04
    5 -7.1694528E-04    6  9.7127647E-04    7  4.5871356E-05    8 -3.0154749E-04
    9  7.7748728E-04   10 -1.9751202E-04   11  5.0755532E-04   12 -9.7452794E-05
   13 -1.5353151E-03   14  2.5811796E-04   15 -2.5931200E-04   16 -3.5038123E-04
   17 -3.7709740E-04   18 -7.5931510E-04   19  9.6403938E-04   20 -3.5532861E-04
   21 -5.3035378E-05   22  5.8683278E-04   23 -5.4744834E-04   24  5.5466266E-04
   25  2.1742218E-04   26 -8.4480599E-06   27 -6.0264708E-04   28  8.6019821E-04
   29  4.2707986E-04   30 -9.1536343E-05   31  9.6375367E-04   32  4.3527241E-04
   33 -5.6142754E-04   34  2.8522212E-04   35  1.5428055E-04   36  4.5552708E-04
   37  2.6487339E-05   38 -2.4245646E-04   39  2.6885001E-04   40 -5.0035559E-04
   41 -5.7355524E-04   42  9.6154243E-04   43 -2.3657913E-04   44 -5.0194587E-04
   45 -8.5803599E-05   46  6.8255446E-05   47  4.5919295E-04   48  2.5146202E-04
   49 -1.5565482E-04   50 -2.1328327E-04   51  5.1282562E-04   52  1.0739271E-03
   53  5.7936552E-04   54 -2.0017126E-03   55 -3.1291640E-04   56 -2.5928413E-04
   57 -9.3200853E-05   58 -3.5936283E-04   59  2.8112590E-04   60  1.1428349E-05
   61  3.9851267E-04   62 -5.1364423E-04   63  1.5588139E-04   64 -1.5705403E-04
   65  1.6930597E-04   66  1.7783928E-04   67  8.1392068E-04   68  2.8848179E-04
   69 -1.7283355E-04   70 -3.6102359E-04   71 -3.5853077E-04   72  5.5832956E-04
   73 -2.6233276E-04   74  9.4271804E-05   75  1.6652128E-04   76 -8.4929491E-05
   77  2.4979712E-04   78 -3.1868675E-04   79 -5.2205963E-04   80 -8.6098670E-04
   81  8.3684600E-04   82 -2.3045545E-04   83 -1.0298473E-04   84 -5.9181372E-05
   85  2.7444447E-04   86  3.5222985E-04   87 -1.7503634E-04   88  1.4504743E-04
   89 -9.9655224E-05   90  2.4463244E-04   91 -6.8838562E-05   92  1.0860090E-04
   93 -1.0934979E-04   94  2.2043365E-04   95 -8.9644690E-05   96 -1.2115088E-04
   97 -1.9285131E-04   98  9.9911279E-05   99 -9.8831608E-05  100 -1.6431521E-04
  101 -1.4993339E-04  102 -2.4586016E-04  103 -1.1039879E-04  104  4.6019064E-05
  105 -1.1888894E-04  106  1.3749907E-05  107  2.6419978E-04  108  9.7092544E-05
  109 -3.2170990E-06  110 -9.6278147E-05  111  7.1730387E-05  112  1.8245247E-04
  113 -9.0268931E-05  114 -4.3273935E-05  115  2.6978706E-05  116  1.4892726E-04
  117 -1.7905034E-04  118  2.3976204E-04  119  6.0523365E-04  120  7.8113993E-05
  121 -2.4416106E-04  122 -2.1850410E-04  123  5.8603012E-04  124 -7.9895616E-05
  125 -8.6642504E-06  126 -2.4376090E-04  127  5.1872463E-05  128 -1.2041425E-04
  129  3.5827752E-04  130 -3.0513063E-04  131 -5.6015522E-04  132  5.5982673E-05
  133  2.1073976E-04  134  3.1641732E-04  135 -3.1982234E-04  136 -5.9766403E-05
  137  5.7022297E-05  138  3.7765497E-05  139  6.2063045E-05  140  2.5626469E-05
  141 -1.2612960E-04  142 -3.3737534E-05  143 -1.3409065E-04  144  2.2525238E-04
  145  6.2093824E-05  146  1.0401480E-05  147 -4.3540681E-05  148 -9.3405335E-06
  149  3.2714940E-05  150 -2.6074965E-04  151 -3.8937134E-05  152 -1.7360493E-04
  153  2.6905013E-04  154  5.5727865E-05  155 -2.4429953E-05  156 -1.1397742E-04
  157 -4.2897916E-05  158 -1.1937248E-05  159  2.1002784E-04  160 -8.4648594E-05
  161 -1.2175118E-04  162  2.0292373E-04  163  4.9124380E-04  164  1.9874848E-03
  165 -2.2963414E-03  166  6.8884301E-04  167 -1.3013259E-03  168  2.2129334E-03
  169  2.7294168E-04  170 -2.3443224E-04  171  1.0645007E-03  172 -8.6016385E-05
  173  3.3154083E-04  174 -6.0621467E-04  175  4.6900699E-05  176  8.3706784E-06
  177 -6.6742279E-04  178  3.9433197E-04  179  2.9174677E-05  180  2.6207424E-04
  181  1.2740057E-03  182  6.5226342E-04  183 -1.3450356E-04  184 -1.5356986E-03
  185 -2.2093235E-04  186  7.8090760E-04  187  2.2032177E-04  188  3.7117952E-04
  189 -2.1316834E-04  190 -1.1464653E-03  191  3.4203124E-04  192  1.8881443E-04
  193 -7.4573486E-04  194 -1.9341579E-03  195  5.5678817E-05  196  1.6231907E-03
  197  1.2680355E-03  198 -2.0922822E-04  199 -1.8851141E-03  200 -1.1804590E-04
  201 -1.0425179E-03  202  4.3519636E-04  203  6.9891075E-04  204  8.9000916E-04
  205  6.8540443E-04  206 -6.3663397E-04  207  1.5017149E-05  208  1.8414008E-03
  209 -9.9348551E-04  210  8.3226112E-04  211  2.7040115E-04  212 -5.6841697E-04
  213 -2.2043668E-04  214 -1.8294097E-03  215  9.4692440E-04  216 -1.6099061E-04
  217  7.6522501E-04  218  8.1840799E-04  219 -6.4724227E-04  220 -1.1255956E-03
  221 -6.2633008E-04  222 -2.7693128E-04  223 -1.3915304E-04  224  3.1224419E-04
  225 -4.1424040E-04  226  7.4623006E-03  227  4.6460325E-03  228  8.9820209E-03
  229 -4.1499058E-03  230  2.9530352E-03  231 -2.5243827E-03  232 -4.9516868E-03
  233 -7.7855680E-03  234 -6.1821898E-03  235 -5.3407137E-04  236 -3.4226173E-03
  237 -2.8193384E-03  238  3.0725786E-05  239  8.0517967E-04  240  2.6378236E-04
  241  5.7239615E-04  242  3.3899164E-03  243  2.7228691E-03  244  2.2886140E-04
  245 -1.3543368E-03  246 -1.5969976E-03  247  7.2486229E-04  248  8.3662409E-04
  249  8.2698076E-04  250 -9.6015123E-04  251  2.2589136E-04  252  7.6559721E-04
  253  1.3867024E-03  254  2.0630607E-04  255 -1.0768093E-03  256  2.9901147E-04
  257  1.0781910E-03  258  8.3862519E-05  259 -1.6084793E-03  260 -1.2236136E-03
  261 -4.4556321E-05  262  1.0325212E-03  263 -3.5494294E-03  264  2.2219674E-03
  265  1.6900238E-03  266  3.7123055E-04  267 -9.9224453E-04  268 -3.3016791E-03
  269  1.8925276E-03  270 -9.8663393E-04  271  1.4865508E-03  272 -1.4014337E-03
  273 -4.4023031E-04  274 -1.4301182E-03  275  9.7816501E-04  276 -3.1215711E-04
  277 -6.6360420E-05  278  1.3176582E-04  279  4.7661105E-04  280 -6.8871843E-04
  281 -4.9074162E-04  282 -1.1648832E-03  283 -3.8419047E-04  284  8.5919590E-04
  285  2.6642079E-03  286  9.0245109E-04  287  4.1257398E-04  288 -1.6969015E-03
  289 -3.4709288E-04  290  1.3580901E-03  291  3.5478029E-04  292  1.8713441E-03
  293 -1.5856046E-03  294 -1.8555539E-03  295 -1.8252340E-03  296 -2.7359387E-04
  297  7.2550553E-04  298  1.3912443E-03  299  1.6189833E-04  300 -5.8437027E-04
  301 -6.4617737E-04  302  3.7789197E-04  303  1.0610497E-05  304 -5.9398347E-04
  305 -7.2429376E-05  306  1.2310809E-04  307 -8.2288690E-04  308  5.7519373E-04
  309  2.1148343E-05  310  1.5829745E-03  311 -2.2015813E-03  312  7.3269731E-04
  313  6.7145539E-05  314  1.3009450E-03  315 -9.1831699E-05  316 -6.1358314E-03
  317  1.5887519E-03  318  9.3814167E-04  319  7.3386780E-03  320  7.2645893E-04
  321 -1.8122705E-03  322 -1.3686841E-03  323 -2.0272507E-03  324  1.1588817E-03
  325  7.5340204E-04  326 -1.0973257E-03  327 -4.5747044E-04  328 -3.4827899E-04
  329  4.6712366E-04  330 -4.5317849E-04  331 -2.5580420E-04  332  8.9251914E-04
  333  7.1808901E-04  334  5.2135801E-04  335 -9.3930478E-05  336 -2.0152532E-03
  337  7.6832697E-04  338  2.4332328E-04  339  4.2135150E-04  340 -4.9688294E-04
  341  7.7385856E-04  342  1.1073923E-03  343 -4.1630450E-04  344  7.1346589E-04
  345 -3.2363816E-03  346  5.4898551E-04  347 -1.7210583E-03  348  3.3535630E-03
  349 -8.6695691E-04  350  1.6666437E-04  351 -2.6767068E-04  352 -1.6077779E-03
  353 -1.8757665E-03  354 -5.1911104E-04  355 -1.2069781E-03  356  1.4954440E-03
  357  6.3840963E-05  358  2.9312614E-03  359 -2.5696498E-04  360 -3.2694678E-04
  361  1.9548446E-03  362  4.9548398E-04  363  1.7523831E-03  364 -3.7488651E-03
  365 -2.8502466E-04  366 -2.0695774E-03  367  1.1399509E-03  368  2.6433020E-04
  369 -9.8737939E-05  370  9.5067397E-04  371  1.3847591E-03  372 -5.7676405E-04
  373  6.3632574E-04  374 -2.9084088E-03  375 -1.8365418E-03  376 -2.0207447E-03
  377  1.9505621E-03  378  3.4521127E-03  379  2.5108564E-03  380  3.0655921E-03
  381 -6.7850248E-04  382 -4.3158630E-03  383 -1.5906776E-03  384 -3.9683200E-03
  385  1.1078316E-03  386 -2.0101805E-03  387  4.6425415E-03  388  2.7511302E-03
  389  5.7485070E-06  390 -7.7483244E-04  391 -1.2319644E-03  392  3.1956569E-05
  393 -2.3189263E-04  394 -1.6835093E-03  395 -1.3594594E-03  396  8.1297513E-04
  397  3.3300710E-04  398  8.6767791E-04  399 -3.0818366E-04  400 -4.3005158E-04
  401 -5.7528693E-04  402  7.5775362E-04  403 -6.3548369E-04  404 -6.3621817E-04
  405 -3.8175308E-04  406  3.4869151E-03  407 -8.2189472E-04  408  1.4267731E-03
  409 -1.8817979E-03  410  1.4038303E-04  411 -1.0108908E-03  412 -1.3694167E-03
  413  1.5650719E-03  414  1.2378438E-03  415  8.0701359E-04  416  1.2886409E-03
  417 -1.1846744E-03  418 -2.0506139E-04  419 -1.0380630E-03  420 -1.9233247E-03
  421 -9.7127349E-04  422 -1.9724288E-04  423  2.0903438E-03  424  1.2753820E-03
  425 -2.4706850E-03  426 -3.1856061E-04  427 -4.8858291E-04  428  9.4147260E-04
  429  2.2446598E-03  430 -2.8163998E-04  431  2.6058646E-03  432 -2.0770983E-03
  433  2.4649567E-03  434 -2.1528860E-03  435  2.8975657E-03  436  3.6955436E-04
  437  1.4809477E-03  438 -3.2086418E-04  439 -2.5869215E-03  440 -6.7784506E-04
  441 -2.2342751E-03  442  2.8525346E-03  443 -9.0396088E-03  444 -2.1953566E-04
  445  1.5314017E-03  446  1.6024464E-03  447  4.8986178E-04  448 -4.4219144E-03
  449  5.4326362E-03  450 -1.5230702E-04  451  2.5677099E-03  452 -3.7449570E-04
  453 -3.1397151E-03  454 -2.6460765E-03  455  3.0877002E-03  456  3.5781131E-03
  457  1.0532725E-03  458 -2.7630610E-03  459 -3.9805671E-04  460  2.6397066E-03
  461  4.3102895E-04  462  5.0585551E-03  463 -4.8103719E-03  464 -1.0176000E-03
  465 -4.0334747E-03  466  9.6797689E-04  467  1.8934904E-03  468 -1.1968789E-03
  469 -2.2670349E-03  470  3.2018694E-03  471  3.2737185E-03  472  2.1142375E-03
  473 -4.4410206E-03  474 -4.7434175E-03  475 -2.6356541E-04  476  6.5537650E-04
  477  1.5853763E-03  478  1.1795113E-03  479  2.5793657E-03  480 -2.4347381E-03
  481  1.2990625E-03  482 -8.7649819E-04  483  2.0012880E-03  484 -2.4202542E-03
  485 -1.3325917E-03  486  3.2523050E-04  487 -5.9282356E-04  488 -1.2381633E-03
  489  7.5033661E-04  490  1.9788220E-03  491  8.5971202E-04  492  4.9025383E-04
  493 -1.0900657E-03  494  1.2154890E-05  495 -7.5253864E-04  496 -5.8368696E-03
  497 -6.1195317E-06  498  7.3514428E-03  499  7.7010687E-03  500  1.8229560E-03
  501 -4.2335776E-03  502 -6.4775061E-04  503 -3.2728759E-04  504 -3.9213078E-03
  505 -1.8777664E-03  506 -1.5247556E-03  507  7.9019477E-04  508  1.1420992E-05
  509  1.4121102E-03  510 -2.6712190E-04  511  5.6803406E-04  512  3.3403866E-04
  513 -1.7486573E-03  514 -4.8184874E-03  515  8.8744245E-04  516 -1.1655542E-02
  517  4.8651484E-03  518 -7.6414974E-04  519  1.0706334E-02  520  1.8926304E-03
  521 -2.8802918E-04  522  2.6124870E-03  523 -2.0399429E-03  524 -4.1637751E-03
  525 -2.3543974E-03  526  3.1290559E-04  527 -4.4807866E-04  528  1.0022017E-03
  529  2.5516714E-03  530  1.0411647E-03  531 -3.0961782E-04  532  1.6330405E-03
  533  1.3934389E-03  534  8.1279868E-04  535  6.6568691E-04  536 -7.8171175E-04
  537 -5.8441248E-04  538 -1.7468555E-03  539  2.1689112E-03  540  4.2621574E-04
  541 -9.3609290E-04  542 -2.8993156E-04  543  8.5064461E-04  544  4.4534612E-03
  545  2.8202985E-03  546 -1.2642002E-03  547 -4.3104138E-03  548 -2.3736695E-03
  549 -3.3664296E-04  550 -6.4356011E-05  551  4.3075731E-04  552 -3.2992628E-04
  553  1.5325224E-03  554 -4.7473698E-05  555  1.6365816E-03  556 -1.3323032E-03
  557 -2.0869621E-03  558 -1.3351765E-03  559 -1.7307026E-03  560 -5.5349489E-03
  561 -1.3534768E-03  562  1.6110918E-03  563  1.6157923E-03  564  5.0303942E-03
  565 -2.3236913E-03  566  4.2874454E-03  567 -4.9615609E-03  568 -1.1162502E-03
  569  2.2260272E-03  570  2.7826785E-03  571  2.9231484E-04  572 -1.4432839E-03
  573 -2.5310745E-03  574  1.9392903E-03  575  1.1438699E-04  576 -1.2971252E-03
  577 -1.7220820E-03  578 -1.5976219E-03  579 -5.2376962E-04  580  8.0214467E-04
  581 -1.4014182E-04  582  1.0479006E-03  583  7.6647221E-04  584 -1.0525445E-04
  585 -3.7137097E-04  586  1.5360178E-03  587 -3.7287885E-04  588  6.0461294E-04
  589 -7.5948766E-04  590 -5.6352448E-04  591 -9.0675476E-04  592 -1.0505777E-03
  593  2.4148144E-03  594 -6.0530420E-04  595  6.8223140E-04  596  1.0316736E-03
  597 -2.5281697E-03  598 -2.2823542E-03  599  1.8629005E-05  600  8.8004497E-04
  601 -4.5737826E-04  602 -1.3478270E-03  603  1.1408100E-03  604 -5.8567122E-04
  605  3.3476629E-03  606  6.6328019E-04  607 -2.7136745E-04  608 -1.7437156E-04
  609  3.1030965E-05  610  3.0998451E-04  611 -2.7435503E-03  612 -9.3528654E-04
  613  2.9565285E-04  614 -4.3886247E-04  615  1.5221168E-03  616 -9.9250848E-04
  617  5.9264947E-04  618 -2.3542687E-03  619 -7.0818805E-04  620 -1.0767571E-03
  621  5.2093075E-06  622  2.3222931E-03  623 -2.0389378E-03  624  4.8165757E-04
  625 -3.3496053E-03  626  1.1097955E-03  627  1.2545833E-03  628  1.2722978E-04
  629  9.8637495E-04  630 -1.0409864E-03  631  1.8996914E-03  632  1.2915797E-03
  633 -8.2041849E-04  634  6.6552652E-05  635 -5.0988340E-03  636  1.6022502E-03
  637 -7.5861247E-04  638  3.3009491E-03  639 -1.2724078E-04  640 -1.5141184E-03
  641 -2.4496106E-03  642  6.7839274E-05  643 -2.2374798E-03  644  1.2617878E-03
  645 -1.1426111E-03  646  3.2480455E-03  647  6.9396266E-04  648  5.9404371E-04
  649  2.6164204E-03  650  2.9325970E-03  651 -1.9729374E-03  652 -8.1137803E-05
  653 -1.2972013E-03  654  4.1837175E-04  655 -2.0456552E-03  656 -1.5891152E-03
  657  1.6152355E-03  658  2.4915807E-03  659  1.6190559E-03  660  3.6421903E-03
  661  3.3373607E-04  662  6.8135207E-04  663 -1.7624716E-03  664 -3.0370838E-03
  665 -2.4315050E-03  666 -1.8782268E-03  667  5.6071526E-04  668 -2.4606612E-04
  669  3.4554404E-04  670  1.4708346E-04  671  1.1996001E-03  672  1.7094840E-03
  673  5.3108715E-05  674 -2.9629218E-04  675 -5.8306290E-04  676  1.8532432E-03
  677 -1.8017568E-04  678  1.9382413E-03  679 -1.0104090E-03  680 -3.4592614E-04
  681 -2.4793028E-05  682  9.1045998E-04  683  7.6479595E-04  684 -7.4137738E-04
  685  1.1528097E-03  686  3.8876782E-03  687 -1.5068385E-03  688  7.7054896E-04
  689  3.4968293E-04  690  3.8606187E-03  691 -2.3417443E-03  692 -4.9526945E-03
  693 -1.9956664E-03  694  2.9953413E-03  695 -6.2809610E-04  696 -3.7014002E-03
  697 -1.8669778E-03  698  1.7681701E-03  699  3.8294205E-03  700  4.3745849E-04
  701 -1.5953875E-04  702 -1.5002030E-03

 CELL PART

 GRADIENT WITH RESPECT TO THE CELL PARAMETER IN HARTREE/BOHR
 ORDER: -D/DA1X, -D/DA1Y
       -D/DA2X, -D/DA2Y

 -0.200495042736E-02 -0.154654385733E-02
  0.399842923230E-03 -0.373357314311E-02

 SYMMETRY ALLOWED FORCES (ANALYTICAL) (DIRECTION, FORCE)

    1 -7.9229959E-04    2  1.4996788E-04    3  9.6174218E-05
 TTTTTTTTTTTTTTTTTTTTTTTTTTTTTT TOTGRA_C    TELAPSE     4496.81 TCPU     4487.75
 INFORMATION **** optc0001 **** GEOMETRY OUTPUT FILE
