 INFORMATION **** EXCBUF **** EXCH. BIPO BUFFER: WORDS USED =     4000000
 WARNING **** EXCBUF **** EXCH. BIPO BUFFER TOO SMALL - TO AVOID RECALC SET EXCHSIZE =    23973687

 DFT PARAMETERS

     ATOM       ELECTRONS   NET CHARGE   R(ANGSTROM)
   1   8  O       8.0000      0.0000     0.74000000
  10 258  CE     30.0000      0.0000     1.82000000
  83   1  H       1.0000      0.0000     1.11000000

 SIZE OF GRID=    6120207
 TTTTTTTTTTTTTTTTTTTTTTTTTTTTTT MAKE_GRID2_MTELAPSE     9017.69 TCPU     9001.31
 BECKE WEIGHT FUNCTION
 RADSAFE =     2.00
 TOLERANCES - DENSITY:10**- 6; POTENTIAL:10**- 9; GRID WGT:10**-14

 RADIAL INTEGRATION  - INTERVALS (POINTS,UPPER LIMIT):            1( 75,  4.0*R)

 ANGULAR INTEGRATION - INTERVALS (ACCURACY LEVEL [N. POINTS] UPPER LIMIT):
  1(  4[  86]   0.2)  2(  8[ 194]   0.5)  3( 12[ 350]   0.9)  4( 16[ 974]   3.5)
  5( 12[ 350]9999.0)

 *******************************************************************************
 Ceria bulk                                                                      
 CRYSTAL - SCF - TYPE OF CALCULATION :  UNRESTRICTED OPEN SHELL
 *******************************************************************************

 CAPPA:IS1  2;IS2  2;IS3  1; K PTS MONK NET   4; SYMMOPS:K SPACE   2;G SPACE   1

 TTTTTTTTTTTTTTTTTTTTTTTTTTTTTT SDIK        TELAPSE     9022.07 TCPU     9005.68

 INFORMATION FROM INTEGRAL EVALUATION

 RESTART FROM A PREVIOUS DENSITY MATRIX - DEP ACTIVE
 NUMBER OF COUPLE SETS (NEW, OLD, FOUND):  260578  260578  260578
 NUMBER OF IRREDUCIBLE G VECTORS        :  360240  360240  360240
 CHARGE NORMALIZATION FACTOR   1.00001129
 TOTAL ATOMIC CHARGES:
   9.1633052   9.3567331   9.2268430   9.1929771   9.2918418   9.1829296
   9.3509706   9.2326458   9.3548535  27.4295413  27.4215641  27.4223517
  27.4489568  27.4270782  27.4373681  27.4307873  27.4392191  27.4514630
   9.3078290   9.3014332   9.2935639   9.2981723   9.3042088   9.2977727
   9.2960288   9.2922035   9.3004192   9.3126840   9.2997698   9.3005441
   9.3205852   9.3028864   9.3115739   9.2928290   9.3298828   9.3165639
  27.4035620  27.4030938  27.4029135  27.4043107  27.4045777  27.4063542
  27.4057254  27.4032667  27.4065959   9.3274493   9.3302955   9.3269727
   9.3270256   9.3270860   9.3287115   9.3312964   9.3269442   9.3294040
   9.3024300   9.3027453   9.3032235   9.3034748   9.3051056   9.3052673
   9.3065015   9.3034838   9.3037681  27.4363895  27.4368398  27.4366650
  27.4369269  27.4370425  27.4366713  27.4367031  27.4362583  27.4372077
   9.2322794   9.2321789   9.2320929   9.2317563   9.2321583   9.2319214
   9.2321679   9.2322174   9.2324445   8.7314961   0.5855247   0.6863094
   8.6919746   0.6587780   0.6313028   0.6547012   8.6568577   0.6928977
   0.6368494   8.6919376   0.6537198   8.6639824   0.6597730   0.6511685
   8.7541215   0.6368253   0.6159101   0.6388634   8.7389747   0.6458629
   8.6285633   0.6255530   0.7150498   8.7551008   0.5349740   0.6918615
   8.7075716   0.7035638   0.5963409   8.5954851   0.7154135   0.6881590
   8.6431613   0.6483463   0.7160425   0.6109678   8.6813839   0.6967430
   0.6695344   8.6484112   0.6602164   8.6447914   0.6441723   0.6981500
   8.6766023   0.6601373   0.6630104   0.6622486   8.6876556   0.6714918
   8.7513660   0.6189892   0.6703467   8.6195638   0.6956753   0.6875407
   8.6317828   0.6860045   0.6564310   8.6402836   0.7008027   0.6648615
   8.7048740   0.6628336   0.6225538   0.6540648   8.6629325   0.6917507
   0.6955158   8.6517442   0.6413012   8.6403206   0.6583488   0.6912919
   8.7010581   0.6606836   0.6283781   0.6390793   8.7092074   0.6587789
   8.6290760   0.6701050   0.6775749   8.6651189   0.6780078   0.6827355
   8.6680137   0.7067927   0.6160350   8.6171731   0.7113994   0.6872183
   8.6630336   0.6553493   0.6738548   0.6158877   8.7096368   0.6899467
   0.6372446   8.6948625   0.6602489   8.6288354   0.6618498   0.6925201
   8.6948616   0.6521601   0.6677669   0.6238091   8.7257985   0.6553943
   8.6410792   0.6874620   0.6725082   8.6901441   0.6687455   0.6604338
   8.6576803   0.6763013   0.6569211   8.6736135   0.6985481   0.6265115
   8.6917849   0.6503385   0.6532345   0.6181918   8.7100912   0.6808476
   0.6594487   8.6694181   0.6487247   8.6539065   0.6566391   0.6776613
   8.7229957   0.6531727   0.6376223   0.6363499   8.6894186   0.6846632
   8.6339317   0.6906627   0.6921109   8.6987696   0.6756475   0.6435482
   8.6844834   0.7009635   0.6026301   8.6611866   0.6612586   0.6723502
   8.6738053   0.6318856   0.6871331   0.6352173   8.7004824   0.6651892
   0.7048821   8.6609232   0.6377055   8.6417548   0.6665269   0.6708480
   8.6990246   0.6127904   0.6972592   0.6357971   8.6833160   0.6670296
   8.6422744   0.6985693   0.6540155   8.6864919   0.6728137   0.6399178
   8.6796351   0.6918087   0.6198062
 SUMMED SPIN DENSITY           0.00000000
 TOTAL ATOMIC SPINS  :
   0.0000000  -0.0000000   0.0000000   0.0000000   0.0000000  -0.0000000
  -0.0000000  -0.0000000  -0.0000000   0.0000000   0.0000000  -0.0000000
   0.0000000   0.0000000   0.0000000   0.0000000  -0.0000000   0.0000000
  -0.0000000   0.0000000  -0.0000000  -0.0000000   0.0000000   0.0000000
  -0.0000000   0.0000000  -0.0000000  -0.0000000   0.0000000  -0.0000000
  -0.0000000   0.0000000   0.0000000  -0.0000000   0.0000000   0.0000000
   0.0000000   0.0000000  -0.0000000   0.0000000  -0.0000000   0.0000000
   0.0000000  -0.0000000   0.0000000  -0.0000000  -0.0000000  -0.0000000
   0.0000000  -0.0000000  -0.0000000  -0.0000000   0.0000000  -0.0000000
  -0.0000000  -0.0000000   0.0000000  -0.0000000   0.0000000  -0.0000000
   0.0000000   0.0000000   0.0000000   0.0000000   0.0000000  -0.0000000
   0.0000000   0.0000000   0.0000000   0.0000000  -0.0000000  -0.0000000
  -0.0000000   0.0000000  -0.0000000  -0.0000000   0.0000000   0.0000000
  -0.0000000   0.0000000  -0.0000000   0.0000000  -0.0000000  -0.0000000
  -0.0000000  -0.0000000   0.0000000   0.0000000  -0.0000000   0.0000000
   0.0000000  -0.0000000   0.0000000  -0.0000000  -0.0000000   0.0000000
   0.0000000  -0.0000000  -0.0000000  -0.0000000   0.0000000  -0.0000000
   0.0000000   0.0000000  -0.0000000   0.0000000  -0.0000000  -0.0000000
   0.0000000  -0.0000000  -0.0000000   0.0000000  -0.0000000  -0.0000000
  -0.0000000  -0.0000000   0.0000000   0.0000000   0.0000000  -0.0000000
  -0.0000000   0.0000000  -0.0000000   0.0000000  -0.0000000  -0.0000000
   0.0000000  -0.0000000  -0.0000000  -0.0000000   0.0000000  -0.0000000
  -0.0000000   0.0000000   0.0000000  -0.0000000   0.0000000   0.0000000
   0.0000000   0.0000000  -0.0000000   0.0000000  -0.0000000  -0.0000000
   0.0000000  -0.0000000  -0.0000000   0.0000000  -0.0000000   0.0000000
   0.0000000  -0.0000000   0.0000000  -0.0000000   0.0000000   0.0000000
  -0.0000000   0.0000000   0.0000000   0.0000000  -0.0000000   0.0000000
  -0.0000000  -0.0000000   0.0000000  -0.0000000   0.0000000   0.0000000
   0.0000000  -0.0000000  -0.0000000   0.0000000  -0.0000000  -0.0000000
   0.0000000  -0.0000000  -0.0000000  -0.0000000   0.0000000  -0.0000000
  -0.0000000   0.0000000  -0.0000000   0.0000000   0.0000000   0.0000000
   0.0000000  -0.0000000  -0.0000000   0.0000000  -0.0000000   0.0000000
   0.0000000  -0.0000000  -0.0000000   0.0000000  -0.0000000  -0.0000000
   0.0000000   0.0000000  -0.0000000   0.0000000  -0.0000000  -0.0000000
   0.0000000   0.0000000  -0.0000000  -0.0000000   0.0000000  -0.0000000
  -0.0000000   0.0000000  -0.0000000   0.0000000  -0.0000000  -0.0000000
  -0.0000000   0.0000000  -0.0000000   0.0000000  -0.0000000   0.0000000
  -0.0000000   0.0000000   0.0000000   0.0000000  -0.0000000  -0.0000000
   0.0000000  -0.0000000  -0.0000000   0.0000000  -0.0000000  -0.0000000
   0.0000000  -0.0000000  -0.0000000  -0.0000000   0.0000000  -0.0000000
  -0.0000000  -0.0000000   0.0000000  -0.0000000  -0.0000000   0.0000000
   0.0000000  -0.0000000  -0.0000000   0.0000000  -0.0000000   0.0000000
  -0.0000000   0.0000000  -0.0000000   0.0000000  -0.0000000   0.0000000
  -0.0000000   0.0000000   0.0000000
 TTTTTTTTTTTTTTTTTTTTTTTTTTTTTT MOQGAD      TELAPSE     9023.72 TCPU     9007.33
 TTTTTTTTTTTTTTTTTTTTTTTTTTTTTT SHELLXN     TELAPSE     9269.35 TCPU     9252.87
 TTTTTTTTTTTTTTTTTTTTTTTTTTTTTT MONMO3      TELAPSE     9286.76 TCPU     9270.28
 NUMERICALLY INTEGRATED DENSITY    921.0003918344    921.0003918344
 TTTTTTTTTTTTTTTTTTTTTTTTTTTTTT NUMDFT      TELAPSE     9319.69 TCPU     9303.20
 CYC   0 ETOT(AU) -2.147984376547E+04 DETOT -2.15E+04 tst  2.30E-09 PX  1.00E+00
 CYCLE  0 WAVE FUNCTION SAVED IN FORTRAN UNIT 79
 TTTTTTTTTTTTTTTTTTTTTTTTTTTTTT MPP_TRAF    TELAPSE     9325.39 TCPU     9307.96
 TTTTTTTTTTTTTTTTTTTTTTTTTTTTTT MPP_DIAG    TELAPSE     9325.39 TCPU     9307.96
 TTTTTTTTTTTTTTTTTTTTTTTTTTTTTT MPP_DIIS    TELAPSE     9325.39 TCPU     9307.97
 TTTTTTTTTTTTTTTTTTTTTTTTTTTTTT MPP_TRAF    TELAPSE     9331.17 TCPU     9313.74
 TTTTTTTTTTTTTTTTTTTTTTTTTTTTTT MPP_DIAG    TELAPSE     9347.78 TCPU     9330.24

    ALPHA      ELECTRONS
 INSULATING STATE
 TOP OF VALENCE BANDS -    BAND    921; K    1; EIG -1.3846163E+01 AU
 BOTTOM OF VIRTUAL BANDS - BAND    922; K    4; EIG -7.6865168E+00 AU
 INDIRECT ENERGY BAND GAP: 167.6126 eV
 BOTTOM OF VIRTUAL BANDS - BAND    922; K    1; EIG -7.6236262E+00 AU

    BETA       ELECTRONS
 INSULATING STATE
 TOP OF VALENCE BANDS -    BAND    921; K    1; EIG -1.3846163E+01 AU
 BOTTOM OF VIRTUAL BANDS - BAND    922; K    4; EIG -7.6865168E+00 AU
 INDIRECT ENERGY BAND GAP: 167.6126 eV
 BOTTOM OF VIRTUAL BANDS - BAND    922; K    1; EIG -7.6236262E+00 AU
 TTTTTTTTTTTTTTTTTTTTTTTTTTTTTT FERMI       TELAPSE     9347.78 TCPU     9330.24
 TTTTTTTTTTTTTTTTTTTTTTTTTTTTTT MPP_PDIG    TELAPSE     9349.17 TCPU     9331.63
 TTTTTTTTTTTTTTTTTTTTTTTTTTTTTT MPP_PROT    TELAPSE     9349.44 TCPU     9331.90
 TTTTTTTTTTTTTTTTTTTTTTTTTTTTTT MPP_KSPA    TELAPSE     9349.44 TCPU     9331.90
 CHARGE NORMALIZATION FACTOR   1.00000000
 TOTAL ATOMIC CHARGES:
   9.1684581   9.3592635   9.2265837   9.1979726   9.2973255   9.1908484
   9.3532324   9.2353573   9.3537508  27.4240548  27.4231966  27.4251659
  27.4503704  27.4297650  27.4373403  27.4272082  27.4404237  27.4509674
   9.3068410   9.3015200   9.2923899   9.2978086   9.3034432   9.2975787
   9.2950236   9.2916182   9.2997203   9.3128250   9.2990313   9.3007842
   9.3205668   9.3029599   9.3117876   9.2934528   9.3301288   9.3168582
  27.4017335  27.4014952  27.4007405  27.4023432  27.4029369  27.4041294
  27.4040274  27.4014298  27.4042932   9.3266888   9.3295735   9.3262604
   9.3262300   9.3263530   9.3279735   9.3305694   9.3261648   9.3286588
   9.3024000   9.3026243   9.3031558   9.3033447   9.3049720   9.3051191
   9.3063585   9.3033436   9.3036730  27.4343707  27.4349167  27.4345262
  27.4348324  27.4352471  27.4346485  27.4346889  27.4343591  27.4352399
   9.2319492   9.2318034   9.2316849   9.2313829   9.2317836   9.2314851
   9.2318160   9.2318434   9.2320574   8.7310563   0.5875870   0.6891386
   8.6944563   0.6588593   0.6303791   0.6549086   8.6554625   0.6908371
   0.6373735   8.6914155   0.6541356   8.6617918   0.6599548   0.6513332
   8.7513339   0.6368247   0.6163877   0.6438359   8.7360532   0.6472124
   8.6303168   0.6229671   0.7190032   8.7672680   0.5377484   0.6873475
   8.7074242   0.7016799   0.6001643   8.5933259   0.7169702   0.6884237
   8.6497573   0.6490436   0.7154472   0.6098667   8.6825897   0.6970080
   0.6632300   8.6506075   0.6628392   8.6503569   0.6430348   0.6936548
   8.6759624   0.6607718   0.6631938   0.6627810   8.6853273   0.6726208
   8.7503105   0.6203366   0.6677449   8.6190827   0.6962567   0.6871190
   8.6314866   0.6876477   0.6555153   8.6456034   0.6945305   0.6641694
   8.7038223   0.6635575   0.6218236   0.6553224   8.6623900   0.6913390
   0.6958557   8.6520799   0.6406696   8.6386819   0.6609819   0.6917025
   8.7009713   0.6600056   0.6287861   0.6388885   8.7094480   0.6583475
   8.6287941   0.6729743   0.6741497   8.6652600   0.6769917   0.6830912
   8.6660955   0.7073786   0.6161803   8.6150931   0.7116733   0.6895119
   8.6761834   0.6590143   0.6647658   0.6159678   8.7096715   0.6893527
   0.6371507   8.6884573   0.6674513   8.6290382   0.6622754   0.6923047
   8.6948099   0.6517850   0.6675337   0.6237719   8.7259630   0.6561115
   8.6389018   0.6896770   0.6710628   8.6921832   0.6683719   0.6603284
   8.6586789   0.6752881   0.6570100   8.6728019   0.6990478   0.6269302
   8.6938272   0.6488644   0.6537023   0.6189684   8.7103502   0.6800853
   0.6590989   8.6692284   0.6487183   8.6519032   0.6569657   0.6791547
   8.7224383   0.6536321   0.6371141   0.6379320   8.6904450   0.6835765
   8.6313669   0.6905906   0.6911226   8.6957524   0.6786274   0.6429122
   8.6830610   0.7021677   0.6026355   8.6662075   0.6627283   0.6680030
   8.6751216   0.6309438   0.6870545   0.6355746   8.6987091   0.6668126
   0.7019497   8.6634953   0.6386803   8.6414000   0.6671494   0.6703901
   8.6978885   0.6130741   0.6972327   0.6361300   8.6829192   0.6657999
   8.6420974   0.6990010   0.6532974   8.6846523   0.6736761   0.6400011
   8.6796143   0.6899838   0.6206914
 SUMMED SPIN DENSITY           0.00000000
 TOTAL ATOMIC SPINS  :
  -0.0000000  -0.0000000   0.0000000  -0.0000000  -0.0000000  -0.0000000
   0.0000000  -0.0000000  -0.0000000   0.0000000   0.0000000   0.0000000
  -0.0000000  -0.0000000   0.0000000  -0.0000000   0.0000000   0.0000000
   0.0000000  -0.0000000  -0.0000000  -0.0000000   0.0000000  -0.0000000
   0.0000000   0.0000000  -0.0000000  -0.0000000  -0.0000000   0.0000000
   0.0000000   0.0000000   0.0000000   0.0000000   0.0000000   0.0000000
   0.0000000  -0.0000000   0.0000000  -0.0000000  -0.0000000  -0.0000000
   0.0000000  -0.0000000   0.0000000  -0.0000000   0.0000000   0.0000000
   0.0000000  -0.0000000  -0.0000000  -0.0000000   0.0000000  -0.0000000
   0.0000000  -0.0000000  -0.0000000  -0.0000000   0.0000000  -0.0000000
  -0.0000000   0.0000000  -0.0000000  -0.0000000  -0.0000000   0.0000000
  -0.0000000   0.0000000   0.0000000   0.0000000  -0.0000000  -0.0000000
  -0.0000000   0.0000000  -0.0000000  -0.0000000   0.0000000   0.0000000
  -0.0000000   0.0000000   0.0000000   0.0000000  -0.0000000   0.0000000
  -0.0000000   0.0000000   0.0000000  -0.0000000   0.0000000  -0.0000000
   0.0000000  -0.0000000   0.0000000   0.0000000  -0.0000000  -0.0000000
   0.0000000  -0.0000000  -0.0000000  -0.0000000   0.0000000  -0.0000000
  -0.0000000   0.0000000   0.0000000   0.0000000   0.0000000  -0.0000000
   0.0000000  -0.0000000  -0.0000000   0.0000000  -0.0000000  -0.0000000
   0.0000000  -0.0000000  -0.0000000  -0.0000000   0.0000000  -0.0000000
  -0.0000000   0.0000000   0.0000000  -0.0000000   0.0000000   0.0000000
   0.0000000  -0.0000000  -0.0000000  -0.0000000  -0.0000000   0.0000000
  -0.0000000   0.0000000   0.0000000  -0.0000000  -0.0000000   0.0000000
   0.0000000  -0.0000000  -0.0000000   0.0000000   0.0000000  -0.0000000
   0.0000000  -0.0000000  -0.0000000  -0.0000000   0.0000000  -0.0000000
  -0.0000000  -0.0000000  -0.0000000  -0.0000000   0.0000000   0.0000000
  -0.0000000  -0.0000000   0.0000000   0.0000000  -0.0000000   0.0000000
   0.0000000  -0.0000000  -0.0000000   0.0000000  -0.0000000  -0.0000000
   0.0000000   0.0000000  -0.0000000   0.0000000  -0.0000000  -0.0000000
   0.0000000  -0.0000000  -0.0000000   0.0000000  -0.0000000   0.0000000
   0.0000000  -0.0000000   0.0000000   0.0000000  -0.0000000  -0.0000000
   0.0000000  -0.0000000   0.0000000  -0.0000000   0.0000000   0.0000000
   0.0000000  -0.0000000  -0.0000000  -0.0000000  -0.0000000   0.0000000
  -0.0000000  -0.0000000  -0.0000000  -0.0000000   0.0000000   0.0000000
  -0.0000000   0.0000000   0.0000000  -0.0000000  -0.0000000   0.0000000
   0.0000000  -0.0000000  -0.0000000   0.0000000   0.0000000   0.0000000
  -0.0000000   0.0000000  -0.0000000  -0.0000000   0.0000000  -0.0000000
  -0.0000000   0.0000000   0.0000000  -0.0000000   0.0000000   0.0000000
  -0.0000000   0.0000000   0.0000000   0.0000000   0.0000000   0.0000000
   0.0000000  -0.0000000  -0.0000000   0.0000000   0.0000000  -0.0000000
  -0.0000000   0.0000000  -0.0000000  -0.0000000   0.0000000   0.0000000
  -0.0000000   0.0000000   0.0000000   0.0000000  -0.0000000  -0.0000000
  -0.0000000   0.0000000  -0.0000000  -0.0000000   0.0000000   0.0000000
  -0.0000000   0.0000000   0.0000000
 TTTTTTTTTTTTTTTTTTTTTTTTTTTTTT MOQGAD      TELAPSE     9349.51 TCPU     9331.97
 TTTTTTTTTTTTTTTTTTTTTTTTTTTTTT SHELLXN     TELAPSE     9594.75 TCPU     9577.13
 TTTTTTTTTTTTTTTTTTTTTTTTTTTTTT MONMO3      TELAPSE     9612.58 TCPU     9594.94
 NUMERICALLY INTEGRATED DENSITY    921.0003927673    921.0003927673
 TTTTTTTTTTTTTTTTTTTTTTTTTTTTTT NUMDFT      TELAPSE     9644.68 TCPU     9627.02
 CYC   1 ETOT(AU) -2.147976444078E+04 DETOT  7.93E-02 tst  0.00E+00 PX  1.37E-02
 CYCLE  1 WAVE FUNCTION SAVED IN FORTRAN UNIT 79
 TTTTTTTTTTTTTTTTTTTTTTTTTTTTTT MPP_TRAF    TELAPSE     9650.42 TCPU     9631.63
 TTTTTTTTTTTTTTTTTTTTTTTTTTTTTT MPP_DIAG    TELAPSE     9654.95 TCPU     9636.16
 TTTTTTTTTTTTTTTTTTTTTTTTTTTTTT MPP_DIIS    TELAPSE     9654.98 TCPU     9636.18
 DIIS TEST: 0.69798E-02 AT SCF   CYCLE   1 - MIX   90 %
 TTTTTTTTTTTTTTTTTTTTTTTTTTTTTT MPP_TRAF    TELAPSE     9659.44 TCPU     9640.64
 TTTTTTTTTTTTTTTTTTTTTTTTTTTTTT MPP_DIAG    TELAPSE     9676.07 TCPU     9657.17

    ALPHA      ELECTRONS
 INSULATING STATE
 TOP OF VALENCE BANDS -    BAND    921; K    1; EIG -2.4815489E-01 AU
 BOTTOM OF VIRTUAL BANDS - BAND    922; K    4; EIG -1.3718862E-01 AU
 INDIRECT ENERGY BAND GAP:   3.0195 eV
 BOTTOM OF VIRTUAL BANDS - BAND    922; K    1; EIG -1.3598857E-01 AU

    BETA       ELECTRONS
 INSULATING STATE
 TOP OF VALENCE BANDS -    BAND    921; K    1; EIG -2.4815489E-01 AU
 BOTTOM OF VIRTUAL BANDS - BAND    922; K    4; EIG -1.3718862E-01 AU
 INDIRECT ENERGY BAND GAP:   3.0195 eV
 BOTTOM OF VIRTUAL BANDS - BAND    922; K    1; EIG -1.3598857E-01 AU
 TTTTTTTTTTTTTTTTTTTTTTTTTTTTTT FERMI       TELAPSE     9676.07 TCPU     9657.17
 TTTTTTTTTTTTTTTTTTTTTTTTTTTTTT MPP_PDIG    TELAPSE     9677.48 TCPU     9658.57
 TTTTTTTTTTTTTTTTTTTTTTTTTTTTTT MPP_PROT    TELAPSE     9677.76 TCPU     9658.85
 TTTTTTTTTTTTTTTTTTTTTTTTTTTTTT MPP_KSPA    TELAPSE     9677.76 TCPU     9658.85
 CHARGE NORMALIZATION FACTOR   1.00000000
 TOTAL ATOMIC CHARGES:
   9.1662814   9.3582462   9.2256384   9.1962658   9.2955618   9.1885560
   9.3521290   9.2340794   9.3532520  27.4266870  27.4225084  27.4234082
  27.4493014  27.4278615  27.4368146  27.4286955  27.4396767  27.4511604
   9.3070821   9.3015354   9.2928301   9.2978000   9.3037141   9.2977420
   9.2953618   9.2918635   9.3000366   9.3123702   9.2985063   9.3002931
   9.3203893   9.3026669   9.3114830   9.2929753   9.3298872   9.3165641
  27.4026425  27.4022863  27.4018017  27.4033285  27.4037308  27.4052515
  27.4048634  27.4023278  27.4054585   9.3269942   9.3298655   9.3265495
   9.3265438   9.3266408   9.3282516   9.3308509   9.3264711   9.3289443
   9.3022797   9.3025560   9.3030588   9.3032825   9.3049080   9.3050733
   9.3063112   9.3032910   9.3035956  27.4353667  27.4358610  27.4355930
  27.4358566  27.4361146  27.4356476  27.4356794  27.4353037  27.4362125
   9.2319953   9.2318774   9.2317755   9.2314524   9.2318536   9.2315878
   9.2318735   9.2319154   9.2321323   8.7311328   0.5870889   0.6890598
   8.6941649   0.6589002   0.6304056   0.6547710   8.6555692   0.6908420
   0.6372548   8.6913889   0.6540375   8.6615544   0.6599644   0.6512295
   8.7512449   0.6368523   0.6163588   0.6436498   8.7360179   0.6471040
   8.6293268   0.6234281   0.7188806   8.7662171   0.5377755   0.6875215
   8.7075264   0.7015808   0.6000564   8.5934356   0.7169259   0.6883912
   8.6491483   0.6490996   0.7156565   0.6098672   8.6825233   0.6970055
   0.6633215   8.6507013   0.6626974   8.6499485   0.6431247   0.6937937
   8.6759698   0.6607313   0.6631661   0.6627442   8.6856153   0.6725668
   8.7505545   0.6202690   0.6676746   8.6191468   0.6962925   0.6871121
   8.6315022   0.6875820   0.6555660   8.6454238   0.6946269   0.6641926
   8.7039384   0.6635611   0.6218428   0.6552354   8.6624626   0.6913647
   0.6958286   8.6521028   0.6406887   8.6388329   0.6609395   0.6915922
   8.7009260   0.6600420   0.6287892   0.6388757   8.7094872   0.6582873
   8.6287257   0.6729827   0.6741958   8.6652830   0.6770401   0.6830367
   8.6661916   0.7073309   0.6161354   8.6152469   0.7116108   0.6893988
   8.6754249   0.6589395   0.6651569   0.6159990   8.7096574   0.6893038
   0.6370840   8.6888268   0.6672070   8.6290366   0.6622962   0.6923028
   8.6948245   0.6518027   0.6675024   0.6237480   8.7260104   0.6560641
   8.6390688   0.6895935   0.6710589   8.6920276   0.6684611   0.6603586
   8.6585764   0.6753677   0.6570056   8.6730494   0.6989402   0.6268425
   8.6935907   0.6489561   0.6537699   0.6189530   8.7103137   0.6801373
   0.6590955   8.6692986   0.6486476   8.6520620   0.6569203   0.6790544
   8.7224566   0.6536045   0.6371773   0.6378944   8.6903258   0.6836270
   8.6315663   0.6906475   0.6910375   8.6959290   0.6784912   0.6429382
   8.6831445   0.7020685   0.6026553   8.6660017   0.6626296   0.6682035
   8.6750307   0.6310142   0.6870723   0.6355368   8.6988132   0.6667604
   0.7020938   8.6633180   0.6386784   8.6414410   0.6671181   0.6704013
   8.6979660   0.6130481   0.6972293   0.6360977   8.6829798   0.6657835
   8.6421546   0.6989904   0.6532971   8.6848020   0.6735987   0.6400054
   8.6795378   0.6900921   0.6206656
 SUMMED SPIN DENSITY           0.00000000
 TOTAL ATOMIC SPINS  :
   0.0000000  -0.0000000   0.0000000  -0.0000000   0.0000000  -0.0000000
   0.0000000   0.0000000  -0.0000000   0.0000000   0.0000000   0.0000000
  -0.0000000  -0.0000000  -0.0000000  -0.0000000  -0.0000000  -0.0000000
  -0.0000000  -0.0000000  -0.0000000  -0.0000000   0.0000000   0.0000000
  -0.0000000   0.0000000   0.0000000   0.0000000  -0.0000000   0.0000000
   0.0000000  -0.0000000   0.0000000   0.0000000   0.0000000  -0.0000000
  -0.0000000  -0.0000000   0.0000000  -0.0000000  -0.0000000  -0.0000000
  -0.0000000   0.0000000  -0.0000000   0.0000000   0.0000000  -0.0000000
   0.0000000  -0.0000000  -0.0000000  -0.0000000  -0.0000000   0.0000000
   0.0000000  -0.0000000  -0.0000000  -0.0000000   0.0000000  -0.0000000
  -0.0000000   0.0000000  -0.0000000   0.0000000   0.0000000   0.0000000
  -0.0000000   0.0000000   0.0000000  -0.0000000  -0.0000000   0.0000000
  -0.0000000  -0.0000000  -0.0000000  -0.0000000   0.0000000   0.0000000
  -0.0000000   0.0000000  -0.0000000  -0.0000000  -0.0000000  -0.0000000
  -0.0000000   0.0000000   0.0000000  -0.0000000   0.0000000  -0.0000000
   0.0000000  -0.0000000   0.0000000   0.0000000  -0.0000000  -0.0000000
   0.0000000  -0.0000000  -0.0000000  -0.0000000   0.0000000  -0.0000000
  -0.0000000   0.0000000   0.0000000  -0.0000000   0.0000000   0.0000000
   0.0000000  -0.0000000  -0.0000000   0.0000000  -0.0000000  -0.0000000
   0.0000000  -0.0000000  -0.0000000  -0.0000000   0.0000000  -0.0000000
   0.0000000  -0.0000000   0.0000000  -0.0000000   0.0000000   0.0000000
   0.0000000  -0.0000000  -0.0000000   0.0000000  -0.0000000   0.0000000
  -0.0000000   0.0000000   0.0000000  -0.0000000   0.0000000   0.0000000
  -0.0000000   0.0000000   0.0000000   0.0000000  -0.0000000  -0.0000000
  -0.0000000   0.0000000   0.0000000  -0.0000000  -0.0000000   0.0000000
  -0.0000000  -0.0000000   0.0000000  -0.0000000   0.0000000   0.0000000
   0.0000000   0.0000000  -0.0000000  -0.0000000  -0.0000000   0.0000000
  -0.0000000   0.0000000   0.0000000  -0.0000000   0.0000000   0.0000000
  -0.0000000   0.0000000   0.0000000   0.0000000  -0.0000000  -0.0000000
  -0.0000000   0.0000000   0.0000000  -0.0000000   0.0000000  -0.0000000
   0.0000000  -0.0000000   0.0000000   0.0000000  -0.0000000   0.0000000
  -0.0000000   0.0000000   0.0000000  -0.0000000   0.0000000  -0.0000000
  -0.0000000   0.0000000   0.0000000  -0.0000000   0.0000000   0.0000000
  -0.0000000   0.0000000   0.0000000  -0.0000000   0.0000000  -0.0000000
  -0.0000000   0.0000000   0.0000000  -0.0000000   0.0000000  -0.0000000
   0.0000000  -0.0000000   0.0000000  -0.0000000   0.0000000  -0.0000000
   0.0000000  -0.0000000  -0.0000000  -0.0000000   0.0000000  -0.0000000
   0.0000000  -0.0000000  -0.0000000  -0.0000000  -0.0000000   0.0000000
  -0.0000000   0.0000000   0.0000000  -0.0000000   0.0000000   0.0000000
  -0.0000000   0.0000000   0.0000000   0.0000000  -0.0000000   0.0000000
  -0.0000000   0.0000000  -0.0000000  -0.0000000   0.0000000   0.0000000
  -0.0000000   0.0000000   0.0000000   0.0000000  -0.0000000   0.0000000
  -0.0000000   0.0000000   0.0000000   0.0000000  -0.0000000  -0.0000000
  -0.0000000   0.0000000   0.0000000
 TTTTTTTTTTTTTTTTTTTTTTTTTTTTTT MOQGAD      TELAPSE     9677.82 TCPU     9658.91
 TTTTTTTTTTTTTTTTTTTTTTTTTTTTTT SHELLXN     TELAPSE     9922.93 TCPU     9903.95
 TTTTTTTTTTTTTTTTTTTTTTTTTTTTTT MONMO3      TELAPSE     9940.74 TCPU     9921.75
 NUMERICALLY INTEGRATED DENSITY    921.0003927485    921.0003927485
 TTTTTTTTTTTTTTTTTTTTTTTTTTTTTT NUMDFT      TELAPSE     9973.49 TCPU     9954.49
 CYC   2 ETOT(AU) -2.147976481351E+04 DETOT -3.73E-04 tst  3.43E-08 PX  7.73E-04
 CYCLE  2 WAVE FUNCTION SAVED IN FORTRAN UNIT 79
 TTTTTTTTTTTTTTTTTTTTTTTTTTTTTT MPP_TRAF    TELAPSE     9979.16 TCPU     9959.26
 TTTTTTTTTTTTTTTTTTTTTTTTTTTTTT MPP_DIAG    TELAPSE     9983.82 TCPU     9963.91
 TTTTTTTTTTTTTTTTTTTTTTTTTTTTTT MPP_DIIS    TELAPSE     9983.84 TCPU     9963.93
 DIIS TEST: 0.26634E-02 AT SCF   CYCLE   2 - DIIS ACTIVE - HISTORY:     2 CYCLES
 MAXIMUM MEMORY OCCUPIED BY DIIS:     11.009 Mb PER CORE 
 TTTTTTTTTTTTTTTTTTTTTTTTTTTTTT MPP_TRAF    TELAPSE     9988.37 TCPU     9968.45
 TTTTTTTTTTTTTTTTTTTTTTTTTTTTTT MPP_DIAG    TELAPSE    10004.97 TCPU     9984.95

    ALPHA      ELECTRONS
 INSULATING STATE
 TOP OF VALENCE BANDS -    BAND    921; K    1; EIG -2.4948124E-01 AU
 BOTTOM OF VIRTUAL BANDS - BAND    922; K    4; EIG -1.3855629E-01 AU
 INDIRECT ENERGY BAND GAP:   3.0184 eV
 BOTTOM OF VIRTUAL BANDS - BAND    922; K    1; EIG -1.3740132E-01 AU

    BETA       ELECTRONS
 INSULATING STATE
 TOP OF VALENCE BANDS -    BAND    921; K    1; EIG -2.4948124E-01 AU
 BOTTOM OF VIRTUAL BANDS - BAND    922; K    4; EIG -1.3855629E-01 AU
 INDIRECT ENERGY BAND GAP:   3.0184 eV
 BOTTOM OF VIRTUAL BANDS - BAND    922; K    1; EIG -1.3740132E-01 AU
 TTTTTTTTTTTTTTTTTTTTTTTTTTTTTT FERMI       TELAPSE    10004.97 TCPU     9984.95
 TTTTTTTTTTTTTTTTTTTTTTTTTTTTTT MPP_PDIG    TELAPSE    10006.36 TCPU     9986.34
 TTTTTTTTTTTTTTTTTTTTTTTTTTTTTT MPP_PROT    TELAPSE    10006.64 TCPU     9986.62
 TTTTTTTTTTTTTTTTTTTTTTTTTTTTTT MPP_KSPA    TELAPSE    10006.64 TCPU     9986.62
 CHARGE NORMALIZATION FACTOR   1.00000000
 TOTAL ATOMIC CHARGES:
   9.1657189   9.3576451   9.2289483   9.1974657   9.2925290   9.1868376
   9.3500209   9.2334900   9.3549175  27.4219022  27.4271406  27.4279875
  27.4522058  27.4335138  27.4397540  27.4267486  27.4407615  27.4516171
   9.3078134   9.3001212   9.2929283   9.2974503   9.3026453   9.2968970
   9.2954999   9.2912911   9.3002416   9.3136934   9.2996235   9.3015693
   9.3213131   9.3037996   9.3125649   9.2943637   9.3305710   9.3175018
  27.4014934  27.4015946  27.4005636  27.4020362  27.4030751  27.4035467
  27.4039908  27.4014814  27.4037454   9.3272112   9.3300616   9.3268015
   9.3268151   9.3268684   9.3286106   9.3311494   9.3267441   9.3292744
   9.3031637   9.3033085   9.3038930   9.3040728   9.3056644   9.3058127
   9.3070211   9.3040126   9.3044068  27.4339063  27.4345299  27.4338953
  27.4344180  27.4350234  27.4341518  27.4342562  27.4338558  27.4347612
   9.2327963   9.2325789   9.2324518   9.2321960   9.2325953   9.2322674
   9.2326556   9.2326333   9.2328809   8.7317455   0.5845338   0.6883531
   8.6935167   0.6590241   0.6303874   0.6539094   8.6563316   0.6916877
   0.6371365   8.6913735   0.6538024   8.6613748   0.6602946   0.6509268
   8.7508388   0.6378451   0.6162765   0.6423148   8.7365490   0.6464778
   8.6246112   0.6263832   0.7175838   8.7604170   0.5386738   0.6880920
   8.7083050   0.7015950   0.5994055   8.5940360   0.7167092   0.6882202
   8.6458752   0.6490522   0.7168801   0.6099153   8.6821993   0.6969641
   0.6640975   8.6511868   0.6616521   8.6477098   0.6435546   0.6945714
   8.6760561   0.6605868   0.6630198   0.6626318   8.6871494   0.6723570
   8.7516587   0.6198470   0.6674788   8.6193624   0.6966540   0.6870610
   8.6317730   0.6869876   0.6558726   8.6444060   0.6952334   0.6642427
   8.7045509   0.6636205   0.6220867   0.6546149   8.6628262   0.6916748
   0.6956183   8.6522474   0.6408714   8.6395319   0.6607588   0.6909226
   8.7008141   0.6603241   0.6287157   0.6388521   8.7097021   0.6579399
   8.6282840   0.6729295   0.6746581   8.6653390   0.6774740   0.6826822
   8.6668029   0.7069808   0.6158365   8.6161029   0.7112889   0.6886079
   8.6714068   0.6576057   0.6676495   0.6162414   8.7096124   0.6889346
   0.6367603   8.6907026   0.6657847   8.6290578   0.6624445   0.6922796
   8.6949045   0.6519789   0.6672776   0.6236119   8.7262975   0.6556928
   8.6399223   0.6890867   0.6712566   8.6909774   0.6690802   0.6604589
   8.6580286   0.6759119   0.6569048   8.6745167   0.6981883   0.6262831
   8.6922666   0.6494920   0.6541473   0.6188328   8.7101653   0.6804975
   0.6591219   8.6696862   0.6481772   8.6529308   0.6566698   0.6784462
   8.7225768   0.6534479   0.6376712   0.6375146   8.6896962   0.6839505
   8.6325920   0.6912762   0.6905934   8.6967784   0.6776149   0.6433179
   8.6837340   0.7013333   0.6028065   8.6650254   0.6615110   0.6696089
   8.6746056   0.6315063   0.6870371   0.6353025   8.6993750   0.6664491
   0.7030431   8.6624296   0.6384667   8.6415983   0.6669055   0.6705912
   8.6983627   0.6129121   0.6972974   0.6359346   8.6832941   0.6657417
   8.6424044   0.6989443   0.6533713   8.6855752   0.6730927   0.6401739
   8.6791845   0.6908816   0.6203862
 SUMMED SPIN DENSITY           0.00000000
 TOTAL ATOMIC SPINS  :
  -0.0000000   0.0000000   0.0000000  -0.0000000   0.0000000   0.0000000
   0.0000000   0.0000000   0.0000000  -0.0000000   0.0000000  -0.0000000
  -0.0000000   0.0000000  -0.0000000  -0.0000000   0.0000000   0.0000000
  -0.0000000   0.0000000   0.0000000  -0.0000000  -0.0000000  -0.0000000
   0.0000000  -0.0000000   0.0000000  -0.0000000  -0.0000000   0.0000000
  -0.0000000   0.0000000  -0.0000000  -0.0000000  -0.0000000  -0.0000000
   0.0000000  -0.0000000  -0.0000000  -0.0000000   0.0000000   0.0000000
   0.0000000   0.0000000   0.0000000  -0.0000000   0.0000000   0.0000000
   0.0000000   0.0000000   0.0000000  -0.0000000  -0.0000000  -0.0000000
   0.0000000  -0.0000000  -0.0000000   0.0000000  -0.0000000   0.0000000
  -0.0000000   0.0000000   0.0000000   0.0000000   0.0000000   0.0000000
  -0.0000000   0.0000000  -0.0000000  -0.0000000  -0.0000000   0.0000000
  -0.0000000   0.0000000  -0.0000000   0.0000000   0.0000000  -0.0000000
  -0.0000000  -0.0000000   0.0000000   0.0000000   0.0000000  -0.0000000
   0.0000000  -0.0000000  -0.0000000   0.0000000  -0.0000000   0.0000000
   0.0000000   0.0000000  -0.0000000   0.0000000  -0.0000000  -0.0000000
  -0.0000000   0.0000000   0.0000000   0.0000000   0.0000000  -0.0000000
   0.0000000  -0.0000000  -0.0000000  -0.0000000   0.0000000   0.0000000
   0.0000000  -0.0000000  -0.0000000   0.0000000  -0.0000000  -0.0000000
   0.0000000  -0.0000000  -0.0000000  -0.0000000   0.0000000  -0.0000000
  -0.0000000  -0.0000000   0.0000000   0.0000000  -0.0000000  -0.0000000
  -0.0000000   0.0000000   0.0000000   0.0000000  -0.0000000   0.0000000
  -0.0000000   0.0000000   0.0000000  -0.0000000   0.0000000   0.0000000
  -0.0000000   0.0000000  -0.0000000  -0.0000000   0.0000000   0.0000000
   0.0000000  -0.0000000  -0.0000000  -0.0000000  -0.0000000   0.0000000
   0.0000000  -0.0000000   0.0000000   0.0000000  -0.0000000  -0.0000000
   0.0000000   0.0000000  -0.0000000   0.0000000  -0.0000000  -0.0000000
  -0.0000000  -0.0000000   0.0000000   0.0000000  -0.0000000   0.0000000
  -0.0000000   0.0000000   0.0000000  -0.0000000   0.0000000   0.0000000
   0.0000000  -0.0000000  -0.0000000   0.0000000  -0.0000000   0.0000000
   0.0000000   0.0000000  -0.0000000  -0.0000000   0.0000000   0.0000000
   0.0000000  -0.0000000  -0.0000000   0.0000000  -0.0000000   0.0000000
  -0.0000000   0.0000000   0.0000000  -0.0000000   0.0000000   0.0000000
  -0.0000000  -0.0000000   0.0000000  -0.0000000   0.0000000   0.0000000
  -0.0000000   0.0000000   0.0000000   0.0000000  -0.0000000   0.0000000
  -0.0000000   0.0000000  -0.0000000  -0.0000000   0.0000000   0.0000000
  -0.0000000   0.0000000   0.0000000   0.0000000  -0.0000000   0.0000000
   0.0000000   0.0000000   0.0000000   0.0000000  -0.0000000  -0.0000000
   0.0000000  -0.0000000  -0.0000000  -0.0000000  -0.0000000   0.0000000
  -0.0000000   0.0000000   0.0000000   0.0000000  -0.0000000   0.0000000
  -0.0000000   0.0000000   0.0000000  -0.0000000   0.0000000  -0.0000000
   0.0000000  -0.0000000  -0.0000000   0.0000000  -0.0000000   0.0000000
  -0.0000000   0.0000000   0.0000000   0.0000000  -0.0000000   0.0000000
   0.0000000   0.0000000  -0.0000000
 TTTTTTTTTTTTTTTTTTTTTTTTTTTTTT MOQGAD      TELAPSE    10006.71 TCPU     9986.69
 TTTTTTTTTTTTTTTTTTTTTTTTTTTTTT SHELLXN     TELAPSE    10252.42 TCPU    10232.31
 TTTTTTTTTTTTTTTTTTTTTTTTTTTTTT MONMO3      TELAPSE    10270.44 TCPU    10250.33
 NUMERICALLY INTEGRATED DENSITY    921.0003926031    921.0003926031
 TTTTTTTTTTTTTTTTTTTTTTTTTTTTTT NUMDFT      TELAPSE    10303.15 TCPU    10283.04
 CYC   3 ETOT(AU) -2.147976481678E+04 DETOT -3.27E-06 tst  3.62E-08 PX  2.85E-03
 CYCLE  3 WAVE FUNCTION SAVED IN FORTRAN UNIT 79
 TTTTTTTTTTTTTTTTTTTTTTTTTTTTTT MPP_TRAF    TELAPSE    10308.87 TCPU    10287.80
 TTTTTTTTTTTTTTTTTTTTTTTTTTTTTT MPP_DIAG    TELAPSE    10314.01 TCPU    10292.93
 TTTTTTTTTTTTTTTTTTTTTTTTTTTTTT MPP_DIIS    TELAPSE    10314.03 TCPU    10292.95
 DIIS TEST: 0.24124E-02 AT SCF   CYCLE   3 - DIIS ACTIVE - HISTORY:     3 CYCLES
 MAXIMUM MEMORY OCCUPIED BY DIIS:     16.513 Mb PER CORE 
 TTTTTTTTTTTTTTTTTTTTTTTTTTTTTT MPP_TRAF    TELAPSE    10318.61 TCPU    10297.53
 TTTTTTTTTTTTTTTTTTTTTTTTTTTTTT MPP_DIAG    TELAPSE    10335.27 TCPU    10314.08

    ALPHA      ELECTRONS
 INSULATING STATE
 TOP OF VALENCE BANDS -    BAND    921; K    1; EIG -2.4930323E-01 AU
 BOTTOM OF VIRTUAL BANDS - BAND    922; K    2; EIG -1.3777339E-01 AU
 INDIRECT ENERGY BAND GAP:   3.0349 eV
 BOTTOM OF VIRTUAL BANDS - BAND    922; K    1; EIG -1.3633924E-01 AU

    BETA       ELECTRONS
 INSULATING STATE
 TOP OF VALENCE BANDS -    BAND    921; K    1; EIG -2.4930323E-01 AU
 BOTTOM OF VIRTUAL BANDS - BAND    922; K    2; EIG -1.3777339E-01 AU
 INDIRECT ENERGY BAND GAP:   3.0349 eV
 BOTTOM OF VIRTUAL BANDS - BAND    922; K    1; EIG -1.3633924E-01 AU
 TTTTTTTTTTTTTTTTTTTTTTTTTTTTTT FERMI       TELAPSE    10335.28 TCPU    10314.08
 TTTTTTTTTTTTTTTTTTTTTTTTTTTTTT MPP_PDIG    TELAPSE    10336.69 TCPU    10315.49
 TTTTTTTTTTTTTTTTTTTTTTTTTTTTTT MPP_PROT    TELAPSE    10336.96 TCPU    10315.76
 TTTTTTTTTTTTTTTTTTTTTTTTTTTTTT MPP_KSPA    TELAPSE    10336.96 TCPU    10315.76
 CHARGE NORMALIZATION FACTOR   1.00000000
 TOTAL ATOMIC CHARGES:
   9.1646047   9.3584648   9.2226903   9.1956066   9.2963959   9.1882598
   9.3525319   9.2341588   9.3527705  27.4366393  27.4188720  27.4168018
  27.4462225  27.4200564  27.4342944  27.4337043  27.4385811  27.4519771
   9.3066216   9.3028717   9.2931605   9.2981258   9.3052133   9.2987334
   9.2955572   9.2925561   9.2999858   9.3111248   9.2974684   9.2991102
   9.3195562   9.3017239   9.3104933   9.2916590   9.3291682   9.3156392
  27.4048144  27.4039157  27.4041746  27.4056470  27.4052628  27.4081866
  27.4064199  27.4039114  27.4082664   9.3268738   9.3297570   9.3263268
   9.3263687   9.3265093   9.3279832   9.3306526   9.3263033   9.3286856
   9.3013416   9.3017958   9.3021763   9.3024647   9.3041548   9.3043156
   9.3055813   9.3025494   9.3027387  27.4379962  27.4383168  27.4386048
  27.4384933  27.4381948  27.4383376  27.4382616  27.4378765  27.4388247
   9.2310072   9.2310426   9.2309804   9.2305534   9.2309640   9.2307960
   9.2309111   9.2310524   9.2312228   8.7316225   0.5852820   0.6884697
   8.6940673   0.6589249   0.6302652   0.6541173   8.6556388   0.6919064
   0.6372660   8.6914651   0.6538971   8.6611720   0.6601080   0.6511155
   8.7508845   0.6375197   0.6164692   0.6426217   8.7363112   0.6468143
   8.6273120   0.6253539   0.7174571   8.7638324   0.5379914   0.6873078
   8.7081300   0.7015618   0.5996682   8.5936949   0.7168676   0.6883531
   8.6478393   0.6485382   0.7162855   0.6099301   8.6824120   0.6969182
   0.6640360   8.6509169   0.6618793   8.6489323   0.6431440   0.6941791
   8.6760338   0.6606210   0.6631370   0.6627698   8.6863165   0.6725541
   8.7508267   0.6200484   0.6677946   8.6191090   0.6966667   0.6870605
   8.6318512   0.6869697   0.6557560   8.6450138   0.6950162   0.6641417
   8.7041661   0.6636141   0.6221182   0.6547851   8.6625649   0.6917214
   0.6956591   8.6521868   0.6408737   8.6389248   0.6609673   0.6911988
   8.7010277   0.6602661   0.6286370   0.6389286   8.7095762   0.6581581
   8.6284237   0.6728332   0.6746762   8.6651813   0.6774569   0.6828303
   8.6665866   0.7070210   0.6159597   8.6156051   0.7115276   0.6888382
   8.6739194   0.6571356   0.6666600   0.6161938   8.7096702   0.6890307
   0.6369534   8.6894362   0.6665603   8.6290719   0.6624082   0.6922740
   8.6948436   0.6519900   0.6673520   0.6236949   8.7261645   0.6557525
   8.6393279   0.6893054   0.6714599   8.6914003   0.6688825   0.6602802
   8.6583577   0.6757283   0.6568763   8.6738697   0.6983643   0.6265034
   8.6929815   0.6492067   0.6539499   0.6188649   8.7102928   0.6804011
   0.6591652   8.6694567   0.6483514   8.6524173   0.6568037   0.6787306
   8.7225158   0.6535745   0.6375607   0.6374970   8.6900770   0.6838361
   8.6319326   0.6913085   0.6908825   8.6961021   0.6779759   0.6434250
   8.6835662   0.7015223   0.6027678   8.6658106   0.6613576   0.6692223
   8.6749618   0.6313714   0.6868408   0.6353868   8.6990411   0.6666096
   0.7027102   8.6630757   0.6382954   8.6414084   0.6669583   0.6706633
   8.6980990   0.6130094   0.6973624   0.6360761   8.6830525   0.6658379
   8.6421928   0.6989685   0.6534377   8.6850867   0.6732676   0.6402557
   8.6794652   0.6906810   0.6203667
 SUMMED SPIN DENSITY           0.00000000
 TOTAL ATOMIC SPINS  :
  -0.0000000   0.0000000   0.0000000  -0.0000000   0.0000000   0.0000000
   0.0000000   0.0000000   0.0000000  -0.0000000   0.0000000  -0.0000000
  -0.0000000   0.0000000  -0.0000000  -0.0000000   0.0000000   0.0000000
  -0.0000000   0.0000000   0.0000000  -0.0000000  -0.0000000  -0.0000000
   0.0000000  -0.0000000  -0.0000000  -0.0000000  -0.0000000   0.0000000
  -0.0000000   0.0000000  -0.0000000   0.0000000  -0.0000000  -0.0000000
   0.0000000  -0.0000000  -0.0000000   0.0000000   0.0000000   0.0000000
   0.0000000   0.0000000   0.0000000   0.0000000  -0.0000000   0.0000000
   0.0000000   0.0000000   0.0000000  -0.0000000  -0.0000000  -0.0000000
  -0.0000000  -0.0000000  -0.0000000   0.0000000  -0.0000000  -0.0000000
  -0.0000000   0.0000000   0.0000000   0.0000000   0.0000000   0.0000000
  -0.0000000   0.0000000   0.0000000  -0.0000000  -0.0000000   0.0000000
  -0.0000000   0.0000000  -0.0000000   0.0000000   0.0000000  -0.0000000
  -0.0000000  -0.0000000  -0.0000000   0.0000000  -0.0000000  -0.0000000
   0.0000000   0.0000000  -0.0000000   0.0000000  -0.0000000   0.0000000
  -0.0000000   0.0000000  -0.0000000   0.0000000   0.0000000  -0.0000000
  -0.0000000   0.0000000   0.0000000   0.0000000   0.0000000  -0.0000000
   0.0000000  -0.0000000  -0.0000000  -0.0000000   0.0000000   0.0000000
   0.0000000  -0.0000000  -0.0000000   0.0000000  -0.0000000  -0.0000000
   0.0000000   0.0000000  -0.0000000   0.0000000   0.0000000  -0.0000000
  -0.0000000  -0.0000000   0.0000000   0.0000000   0.0000000   0.0000000
  -0.0000000   0.0000000   0.0000000   0.0000000  -0.0000000   0.0000000
  -0.0000000  -0.0000000   0.0000000  -0.0000000   0.0000000   0.0000000
   0.0000000   0.0000000  -0.0000000  -0.0000000   0.0000000   0.0000000
   0.0000000  -0.0000000  -0.0000000   0.0000000  -0.0000000   0.0000000
   0.0000000  -0.0000000   0.0000000   0.0000000  -0.0000000  -0.0000000
   0.0000000   0.0000000  -0.0000000   0.0000000  -0.0000000   0.0000000
   0.0000000  -0.0000000   0.0000000   0.0000000  -0.0000000  -0.0000000
  -0.0000000   0.0000000   0.0000000  -0.0000000   0.0000000   0.0000000
   0.0000000  -0.0000000  -0.0000000   0.0000000  -0.0000000   0.0000000
   0.0000000  -0.0000000  -0.0000000  -0.0000000   0.0000000   0.0000000
   0.0000000  -0.0000000   0.0000000   0.0000000  -0.0000000   0.0000000
  -0.0000000   0.0000000   0.0000000  -0.0000000   0.0000000   0.0000000
   0.0000000  -0.0000000   0.0000000  -0.0000000   0.0000000   0.0000000
  -0.0000000   0.0000000   0.0000000   0.0000000  -0.0000000   0.0000000
  -0.0000000   0.0000000  -0.0000000  -0.0000000   0.0000000   0.0000000
  -0.0000000   0.0000000   0.0000000   0.0000000  -0.0000000   0.0000000
   0.0000000  -0.0000000  -0.0000000   0.0000000  -0.0000000  -0.0000000
   0.0000000  -0.0000000   0.0000000   0.0000000  -0.0000000   0.0000000
  -0.0000000   0.0000000   0.0000000  -0.0000000   0.0000000  -0.0000000
  -0.0000000   0.0000000  -0.0000000  -0.0000000   0.0000000   0.0000000
  -0.0000000  -0.0000000  -0.0000000   0.0000000  -0.0000000   0.0000000
  -0.0000000   0.0000000   0.0000000   0.0000000  -0.0000000   0.0000000
   0.0000000  -0.0000000  -0.0000000
 TTTTTTTTTTTTTTTTTTTTTTTTTTTTTT MOQGAD      TELAPSE    10337.03 TCPU    10315.83
 TTTTTTTTTTTTTTTTTTTTTTTTTTTTTT SHELLXN     TELAPSE    10582.74 TCPU    10561.45

 ::: DIPOLE MOMENT ALONG NON PERIODIC DIRECTIONS:
 ::: A.U.     (Z)  9.21763E-02
 ::: DEBYE        -2.34289E-01

 +++ ENERGIES IN A.U. +++
 ::: EXT EL-POLE                                  -4.2245412665659E+05
 ::: EXT EL-SPHEROPOLE                             0.0000000000000E+00
 ::: BIELET ZONE E-E                               5.1766800951656E+04
 ::: TOTAL E-E                                    -3.7068732570494E+05
 ::: TOTAL E-N + N-E                               7.2193979948326E+05
 ::: TOTAL N-N                                    -3.8460692836861E+05
 ::: KINETIC ENERGY                                1.3497170353485E+04
 ::: PSEUDO TOTAL   ENERGY                        -1.9857284236811E+04
 ::: VIRIAL COEFFICIENT                            8.0931740718147E-01
 TTTTTTTTTTTTTTTTTTTTTTTTTTTTTT MONMO3      TELAPSE    10600.14 TCPU    10578.85
 NUMERICALLY INTEGRATED DENSITY    921.0003925941    921.0003925941
 TTTTTTTTTTTTTTTTTTTTTTTTTTTTTT NUMDFT      TELAPSE    10632.88 TCPU    10611.59
 CYC   4 ETOT(AU) -2.147976489408E+04 DETOT -7.73E-05 tst  1.76E-07 PX  2.85E-03

 == SCF ENDED - CONVERGENCE ON ENERGY      E(AU) -2.1479764894078E+04 CYCLES   4


 ENERGY EXPRESSION=HARTREE+FOCK EXCH*0.12000+(BECKE      EXCH)*0.88000+LYP        CORR


 TOTAL ENERGY(DFT)(AU)(  4) -2.1479764894078E+04 DE-7.7E-05 tester 1.8E-07
 TTTTTTTTTTTTTTTTTTTTTTTTTTTTTT EDFT        TELAPSE    10632.94 TCPU    10611.64

 *******************************************************************************

 DFT-D3 DISPERSION ENERGY CORRECTION

 D3 DISPERSION ENERGY (AU)       -1.8567675407569E+00
 TOTAL ENERGY + DISP (AU)        -2.1481621661619E+04

 *******************************************************************************


 *******************************************************************************
 *                             FORCE CALCULATION                               *
 *******************************************************************************

 TTTTTTTTTTTTTTTTTTTTTTTTTTTTTT NUMDFG      TELAPSE    10827.66 TCPU    10806.30
 INFORMATION **** EXCPOG **** EXCH. BIPO BUFFER LENGTH (WORDS) =    16000000
 WARNING **** EXCPOG **** EXCH. BIPO BUFFER TOO SMALL - TO AVOID RECALC SET EXCHSIZE =    23973687
 WARNING **** GENPOG **** COULOMB BIPO BUFFER TOO SMALL - TO AVOID RECALC SET BIPOSIZE =    12969300
 INFORMATION **** GENPOG **** BIPO BUFFER LENGTH (WORDS) =     4000000
 TTTTTTTTTTTTTTTTTTTTTTTTTTTTTT SHELXG      TELAPSE    12661.59 TCPU    12639.62


 D3 DISPERSION ENERGY (AU)       -1.8567675407570E+00
 TOTAL ENERGY + DISP (AU)        -2.1481621661619E+04

 CARTESIAN FORCES IN HARTREE/BOHR (ANALYTICAL)
   ATOM                     X                   Y                   Z
   1   8            -9.581813492199E-04  1.650163263171E-04 -1.305197990824E-03
   2   8            -1.622471459058E-04 -8.589402003565E-04  1.450102917055E-03
   3   8            -6.108576465111E-04 -4.865696982507E-04  2.553755020642E-04
   4   8            -1.413068302938E-04  5.758898308325E-04  2.459380079856E-04
   5   8            -1.842398006364E-03  2.945304120344E-05 -1.490562028508E-04
   6   8            -1.278651376286E-04 -3.075309077356E-04 -3.641815098945E-04
   7   8             8.562345996095E-04 -3.807003611767E-04 -1.731716777371E-04
   8   8             7.190634412272E-04 -3.988615604928E-04  2.328423764268E-04
   9   8            -3.111127785360E-04 -2.942552315477E-04 -8.162333124488E-04
  10 258             1.829306601409E-04  1.055382112920E-04 -4.300997653672E-04
  11 258             8.774580360305E-04  3.260566305200E-04 -1.251559701387E-03
  12 258             1.833888566720E-04  1.499263804459E-04 -9.782650346324E-05
  13 258             3.539834699877E-04 -7.997229469225E-05  7.645767551878E-05
  14 258            -1.161904275024E-04 -4.256360794166E-04  6.281050104775E-04
  15 258            -1.628060188110E-04 -2.437363889820E-04  2.993218598277E-04
  16 258             5.921543392540E-05  4.481179200399E-04  9.527638518705E-04
  17 258            -1.605115703573E-05 -6.428815940711E-04  5.761664199611E-04
  18 258             9.680343765575E-04  1.071743112650E-03 -1.938268332879E-03
  19   8            -2.032922638858E-04 -7.476440947907E-05 -1.867803534716E-04
  20   8            -3.274345263134E-04  3.411954711211E-04  5.554551069409E-05
  21   8             4.783718776247E-04 -6.447586494674E-04  1.005362589701E-04
  22   8            -3.685742004450E-05  2.414352573110E-04  1.271790791923E-04
  23   8             8.419470664980E-04  2.163805869407E-04 -1.637052802994E-04
  24   8            -4.437898488485E-04 -3.238753413900E-04  5.632544218407E-04
  25   8            -4.507214114342E-04  9.785150678027E-05  2.884553468852E-05
  26   8            -1.116451638183E-04  1.944146122664E-04 -3.400766974850E-04
  27   8            -5.767979350138E-04 -9.770724372978E-04  7.609102112113E-04
  28   8            -1.998755547775E-04 -5.979759915549E-05 -1.912634360508E-04
  29   8             2.701499584059E-04  3.587840756840E-04 -1.472754546867E-04
  30   8             1.510455655143E-04 -1.317630987080E-04  2.877696036876E-04
  31   8            -5.080923557052E-05  1.478414788664E-04 -4.911312209543E-05
  32   8             2.331062186039E-04 -7.774969963242E-05 -1.088633889594E-04
  33   8            -1.834012861176E-04  7.306381731349E-05 -1.039788847450E-04
  34   8            -1.939216783228E-04 -1.151947277274E-04 -3.695573692184E-04
  35   8            -1.355216565556E-04  3.967001879360E-05 -1.110808911378E-04
  36   8             4.473642903652E-06  1.862350696757E-04  9.333371816922E-05
  37 258             5.723727715679E-07 -2.710771483237E-04  1.222043795792E-04
  38 258             1.517865362246E-04 -1.193852254944E-04 -1.120538071859E-04
  39 258            -5.017484211778E-05  2.908794934156E-04 -1.577799216648E-04
  40 258             1.113151506755E-04  4.035054047057E-04  2.803900781601E-05
  41 258            -3.083383011027E-04 -1.863265539369E-04  4.306697939569E-04
  42 258            -9.542004817862E-05  3.387206255206E-05 -3.384652193859E-04
  43 258             1.674788960395E-04 -1.714406744541E-04  3.021348559855E-04
  44 258            -2.039555679527E-04 -4.450304440935E-04 -7.798820820426E-05
  45 258             2.981607999443E-04  4.390411001251E-04 -3.300113548335E-04
  46   8            -5.038045457112E-05  8.102043328787E-05  7.184358845791E-05
  47   8             7.819398087090E-05  1.932835628936E-05 -7.364292513046E-05
  48   8            -2.155585147370E-05 -1.308029099222E-04  2.022228785421E-04
  49   8             7.245248824087E-05  2.816039508047E-05  2.859595824134E-06
  50   8            -1.921368597183E-05  2.359803900887E-05 -2.053437241045E-04
  51   8            -3.138957766921E-05 -1.772144679053E-04  2.701183886558E-04
  52   8             3.481783855875E-05 -2.130202511087E-05 -3.624055973717E-05
  53   8            -4.942214272735E-05 -4.065341544377E-05  2.790707609677E-04
  54   8            -1.022507405536E-04 -1.238669774172E-04  2.377714084929E-04
  55   8             1.351751004357E-04  3.688809855551E-04  1.179977799188E-02
  56   8            -1.291662813965E-04  1.203333508603E-03  1.197801994212E-02
  57   8             2.966629049957E-04 -5.861666170169E-04  1.181489223870E-02
  58   8             3.536420316962E-04  7.323752730679E-04  1.162145082446E-02
  59   8            -7.363534825343E-05  7.793335437090E-05  1.233248823780E-02
  60   8             2.083440369028E-04 -1.305200690626E-04  1.182691752444E-02
  61   8            -2.313045417034E-04  4.471439768389E-05  1.174711193548E-02
  62   8             8.086777127351E-04  6.390276760471E-05  1.144614435401E-02
  63   8             1.511723220468E-04  9.825318311626E-04  1.118488927372E-02
  64 258             1.745034727160E-03  6.065570646594E-04 -7.695098256590E-04
  65 258             3.584746413326E-04  6.472005982386E-04 -2.184979182402E-04
  66 258             7.838719891914E-04  1.020551877297E-03 -3.889868861506E-04
  67 258            -1.280483506225E-03 -1.899836210021E-04 -6.109281150657E-04
  68 258            -1.511497700710E-04 -1.122206677608E-03 -1.492859282052E-03
  69 258            -1.430438567475E-03  1.718124434424E-04 -1.119327537367E-03
  70 258            -7.185510184372E-04  5.624249754812E-04 -9.537102230297E-04
  71 258            -3.609269304275E-04  1.440252883485E-04 -8.586237606778E-04
  72 258             5.117986207623E-04 -4.277013398551E-04 -2.407407836813E-03
  73   8             4.420452278942E-04  1.054900241274E-04 -1.045331232933E-02
  74   8             2.891790324733E-04  3.230656272393E-04 -1.045788825726E-02
  75   8             2.714268746128E-04 -9.785576293419E-05 -1.033448322255E-02
  76   8             4.073755816284E-04  1.581115128260E-04 -1.018855461203E-02
  77   8             4.548548129243E-04 -2.909383347521E-04 -1.030187257118E-02
  78   8            -1.509019813199E-04  2.872979499866E-04 -1.026934180001E-02
  79   8            -3.806193691930E-04 -1.583216506758E-04 -1.029656382238E-02
  80   8            -2.664627588881E-04 -5.037535378380E-06 -1.029349433512E-02
  81   8             3.582021194636E-04 -2.496726693574E-04 -1.035263678781E-02
  82   8             4.084703277787E-04  2.411003443299E-03 -2.054164090779E-03
  83   1             5.498763996956E-04 -2.667982799607E-03  2.956954775209E-03
  84   1             7.168249723760E-04 -6.530309179706E-04  6.150392101301E-04
  85   8            -2.542046921845E-04 -4.638764467285E-04 -1.228715356518E-04
  86   1             7.447623170198E-05  3.846820941638E-04 -3.780374508366E-05
  87   1            -1.558025246464E-04  3.681244641580E-04  3.882528573129E-04
  88   1             1.255813222973E-04  1.817358617906E-05  2.516204249634E-04
  89   8            -1.477572469727E-03 -1.550051669468E-04  1.608566266498E-05
  90   1             9.035667897674E-04  1.003243480895E-03 -7.945877993087E-05
  91   1            -9.173944290122E-04  2.974123765295E-04 -9.593594447210E-05
  92   8            -6.903609832747E-04 -1.739498652085E-03  4.911650017334E-04
  93   1             1.377421609075E-03  1.251160445504E-03 -4.691809672455E-04
  94   8            -2.173769438343E-03 -5.184448212683E-04  6.937841377805E-04
  95   1             1.585299511918E-03  1.274170626129E-03 -1.012686736797E-04
  96   1             7.805552461309E-04 -6.231078509993E-04  1.111350997949E-04
  97   8            -1.041842453921E-03 -8.960396971484E-04 -2.833247007459E-04
  98   1             9.686032252540E-04 -3.067947565372E-04 -4.127863886776E-04
  99   1             7.628878243910E-04  1.745889291394E-03  1.600196122780E-03
 100   1             7.303346416667E-04  2.057652807688E-04 -1.629647710999E-05
 101   8            -6.993469182046E-04 -3.460986880763E-04 -5.156289094543E-05
 102   1            -8.100165647067E-05  6.911671659084E-04 -3.629307945516E-04
 103   8             6.574517263048E-03  8.695290558733E-03  1.233106934329E-02
 104   1            -3.466700348061E-03  3.315729610920E-03 -2.448931313834E-03
 105   1            -4.249483890186E-03 -1.108244876527E-02 -9.021563159589E-03
 106   8            -1.179638424272E-03 -1.056930995244E-03 -1.599613588411E-03
 107   1             5.826397877035E-05  7.099107029145E-04 -8.727752967097E-05
 108   1             1.476960659800E-03 -2.602787210575E-04  2.952224396289E-04
 109   8             1.939781577720E-03 -1.522737007415E-03 -1.031400580032E-03
 110   1             2.195273018681E-04  1.108755531779E-03 -1.877624595110E-04
 111   1            -1.944878015244E-03 -7.629618504126E-04  1.306877284090E-03
 112   8             1.463983033815E-03  2.958832294846E-04 -1.667997957810E-03
 113   1             3.721148533844E-04  1.001087828801E-03  3.699423211536E-04
 114   1            -1.530722939470E-03 -1.338997082952E-03  8.838339188344E-05
 115   8             2.065164955216E-04 -3.709949262835E-03 -8.874047721434E-04
 116   1             2.634506006558E-03  4.081581010386E-04 -7.366538509181E-04
 117   1            -2.721967968995E-03  4.391952570523E-03  1.537845522328E-03
 118   1             1.363473089432E-03 -1.031054889660E-03 -2.648706569346E-04
 119   8            -3.149537468337E-04  8.245662601409E-04  1.054100380884E-04
 120   1            -2.695577461314E-04  7.581742850471E-05  9.469966879472E-05
 121   1            -4.628541499649E-04  2.238333160312E-04 -2.042678002118E-03
 122   8            -1.361072873020E-03 -1.490606904312E-03  3.170266636886E-03
 123   1             1.385176910607E-03  5.806435968336E-04 -1.165174881265E-03
 124   8             2.436099327883E-04  1.844992861562E-03  2.440691960004E-04
 125   1             1.684428860286E-03 -1.648752996041E-03 -2.015745502112E-03
 126   1            -1.954207601613E-03 -4.144266886669E-04  6.130112970855E-04
 127   8             9.855997447230E-04 -2.228934938549E-04 -5.299123504869E-04
 128   1            -6.146431537970E-04  3.875496785615E-04 -4.662980862591E-05
 129   1            -5.827287441744E-04  2.609398338198E-04  1.370188001388E-04
 130   1            -8.439840796656E-04  1.142670360028E-03  3.781230090212E-04
 131   8             7.575952495369E-04 -1.732698580594E-03 -1.462211682508E-04
 132   1            -2.503874874482E-04  9.966804394633E-04  1.099620364563E-03
 133   8            -6.598111912225E-03  1.569361310098E-03 -1.027318048017E-04
 134   1             7.201624763767E-03  4.277832194499E-04 -9.743642207027E-04
 135   1            -1.065908955927E-03 -1.642662298688E-03  1.227554082000E-03
 136   8             1.023983260152E-03 -7.555672593075E-04 -9.238856559080E-04
 137   1            -8.483675752763E-04  1.386265839576E-04 -6.770554516322E-05
 138   1            -2.172091655239E-04  9.118560481822E-04  8.581966425254E-04
 139   8             4.834423419930E-04 -4.881561771408E-05 -1.771665023497E-03
 140   1             6.278119834700E-04  5.092363638720E-05  1.679942257926E-04
 141   1            -6.379467447426E-04  8.824142407774E-04  1.226304021941E-03
 142   8             1.196653989929E-03  1.123682329414E-03 -1.819210807270E-03
 143   1            -2.101867533912E-04 -2.080896171561E-03  1.483409367545E-03
 144   1            -1.543897432157E-03 -1.237413544215E-03  1.044616770596E-03
 145   8            -7.625208057831E-04 -1.773520117425E-03 -8.700237806067E-04
 146   1            -1.374618038378E-03  1.391245127587E-03  3.068564207709E-04
 147   1             1.913337014015E-03  3.630197927190E-05 -2.890311727128E-04
 148   1             1.767998977169E-03  7.072155253933E-04  1.460297722215E-03
 149   8            -3.385353335541E-03 -4.450317952391E-04 -1.760924062836E-03
 150   1             9.137379965640E-04  5.296759065465E-04 -2.338633636896E-04
 151   1             9.827603808847E-04  1.158673654050E-03 -5.632930180255E-04
 152   8             1.097037798099E-03 -2.377217106896E-03 -2.011833640353E-03
 153   1            -2.327706907970E-03  1.555471484483E-03  3.405315487399E-03
 154   8             1.955012901265E-03  2.536442635500E-03 -9.470514475822E-04
 155   1            -3.814748128047E-03 -1.039581804686E-03 -3.084801991655E-03
 156   1             9.740445207490E-04 -1.866761028033E-03  4.000865367551E-03
 157   8             2.481267922031E-03  8.247157960246E-04 -8.158939868110E-04
 158   1            -8.400286882841E-04 -2.426160560469E-04 -5.092227594616E-04
 159   1            -2.060294112360E-03 -8.148523338969E-04  5.433234755543E-04
 160   1             1.457907663964E-04  6.393589092428E-04 -3.026378505453E-04
 161   8            -4.678922946000E-04 -3.484262506257E-04  7.909322951605E-04
 162   1            -4.573504113221E-04 -8.854999672669E-04 -3.381599962999E-04
 163   8             2.725716238396E-03 -2.415335883174E-03  6.295182797373E-04
 164   1            -1.887989802145E-03  4.998205910847E-04 -1.487669507121E-03
 165   1            -1.053762482387E-03  2.372419003893E-03  1.165162785654E-03
 166   8             9.648288706454E-04  1.122530697377E-03 -1.213700827236E-03
 167   1            -1.002087179047E-04 -1.090092883793E-03 -1.613715191702E-03
 168   1            -1.080090477392E-03 -9.013241707850E-05  1.844456951670E-03
 169   8             6.728711329225E-04 -2.233134334363E-03 -1.905896168353E-04
 170   1            -1.016704012455E-04  7.610609568580E-04  2.165993584194E-03
 171   1            -1.040298929327E-04  2.648594010998E-03 -2.001819537508E-03
 172   8             2.154619413582E-03 -2.296553324491E-03  2.178749609271E-03
 173   1             3.248005778214E-04  1.520354046771E-03 -1.341969328408E-04
 174   1            -2.163207109154E-03 -2.337266201371E-04 -2.101611817036E-03
 175   8             1.800912351122E-03 -5.573581335921E-03  1.661321073811E-03
 176   1             3.362684010679E-03  1.280317172824E-03 -3.006733560760E-04
 177   1            -3.651350198491E-03  5.170526395610E-03 -2.135596636627E-03
 178   1             2.157870368889E-03 -3.924648539712E-04 -3.075315490790E-03
 179   8            -2.209860352442E-03  3.230100657790E-03  3.614619253113E-03
 180   1             7.186805106122E-04 -2.957678968784E-03 -4.563989851825E-04
 181   1             1.822843185549E-03 -6.864123434217E-04  3.530962554578E-03
 182   8            -4.827357131889E-03 -3.524574392407E-03 -2.353552949728E-03
 183   1             1.936710624693E-03  2.745558650187E-03 -5.924613292727E-04
 184   8            -2.142292242937E-03  2.553491000439E-03  2.813605583242E-03
 185   1             2.021032765505E-03 -3.828278093259E-03 -4.093194738360E-03
 186   1            -2.333439754878E-04  4.532302826512E-04  1.514565903459E-03
 187   8             3.848217598224E-04  1.665482890224E-03 -2.248520068605E-03
 188   1             1.246201852673E-03 -8.709679251985E-04  2.060851706045E-03
 189   1            -1.978488953835E-03 -7.412382895384E-04  1.723602255765E-05
 190   1            -5.203816309598E-04 -6.974668512452E-04  5.521830919051E-04
 191   8             1.812427270250E-03  7.256294569091E-04  7.661644603161E-04
 192   1            -1.282257105857E-03 -1.349457292745E-04 -1.055022946801E-03
 193   8            -5.082597788466E-03 -9.010281705368E-04  7.321760489276E-03
 194   1             7.104958510511E-03  1.617593724050E-03 -3.898296941781E-03
 195   1            -7.442439511611E-04  9.549019041307E-04 -3.452038752339E-03
 196   8            -1.623724801452E-03 -1.121021420006E-03  1.073676756704E-03
 197   1            -1.055492489223E-04  1.135065705339E-03 -2.064824524766E-04
 198   1             3.369921620273E-04  3.519925323854E-04 -1.630884006357E-03
 199   8            -4.055152948381E-03  5.918305167065E-04 -1.009719647396E-02
 200   1             4.153166994902E-03 -6.653539492172E-04  9.045385733256E-03
 201   1             2.233065102562E-03 -4.206380527255E-04  2.746278401204E-03
 202   8            -2.242448449601E-03 -4.124617132947E-03 -2.165353717771E-03
 203   1             4.531324574526E-04 -7.691674969055E-04  2.989107623357E-04
 204   1             2.339733950252E-03  1.107891258437E-03 -1.980278765679E-04
 205   8             7.404164985290E-04  2.243315812045E-03  4.451328812536E-04
 206   1             7.501730965083E-04 -1.471252506272E-03  5.280114964208E-04
 207   1            -1.528700985872E-03  2.130667550955E-03 -7.522187686959E-05
 208   1            -1.007920369265E-03 -4.355949301007E-04  8.290794196810E-04
 209   8             3.940975049959E-03  2.259820450645E-03 -1.534490695747E-03
 210   1            -3.823973581870E-03 -1.928063454810E-03  8.661702313617E-06
 211   1            -4.458396509444E-05  5.204127629237E-04 -2.673955040358E-04
 212   8             1.453747706438E-03  2.292992774837E-04  1.718144443799E-03
 213   1            -1.429747471086E-03 -1.975563116502E-03 -1.310299798678E-03
 214   8            -1.535835833142E-03 -4.907329578403E-03 -8.908971108781E-04
 215   1             1.411681831146E-03  1.196516493212E-03  4.153887430988E-03
 216   1            -2.214265298368E-03  3.949733094959E-03 -4.477724136137E-03
 217   8            -6.812990986457E-04  2.129574028871E-03  2.398967238150E-03
 218   1             1.750608465076E-04 -1.427408213013E-03 -2.414035780674E-03
 219   1             1.930173502320E-03  3.440408919602E-04 -1.128913403079E-03
 220   1            -2.087143752006E-03 -1.738398285826E-03 -4.036588789553E-04
 221   8             1.226398897161E-03  5.351842037222E-04  8.801784832713E-04
 222   1             5.418451756803E-04 -1.615875069048E-04  1.936853616300E-04
 223   8             6.145473870993E-04 -1.265536953683E-04  1.248135783584E-03
 224   1            -2.688533447790E-04 -5.889350023949E-04 -1.548062558861E-03
 225   1            -7.100198088122E-04  2.351127906367E-03 -2.071772691465E-04
 226   8             4.474080262191E-04  1.080008285459E-03 -3.074753720028E-03
 227   1            -1.474938890239E-03 -4.392874942301E-04  9.796731444851E-04
 228   1            -2.911018060969E-04 -1.346311648956E-03  1.506897560830E-03
 229   8            -3.395920880728E-04  2.678667323148E-03  5.611773399892E-04
 230   1            -5.278682413179E-04 -3.273102838062E-04 -9.073966819884E-05
 231   1             2.671677571530E-04 -2.702168192422E-03 -8.809191104149E-04
 232   8            -1.642736818881E-04  3.373406968822E-04 -6.607000864278E-05
 233   1            -8.224444804344E-05 -8.050803141429E-05 -5.809673387276E-04
 234   1            -5.722669690147E-04 -1.348741515614E-03  4.127293270884E-04
 235   8             1.976731787023E-03 -1.713330024076E-03  1.490993717539E-04
 236   1            -3.138176827241E-03  1.065855118320E-03  1.199284439565E-03
 237   1             3.165647744552E-04  6.105895064328E-04 -6.257205448392E-04
 238   1             1.511440168153E-03  1.121506591473E-03 -5.875214303437E-04
 239   8             5.718349399482E-04 -4.673027330949E-03  1.272917575534E-03
 240   1            -9.072891173114E-04  2.726384751021E-03 -2.824313234484E-05
 241   1            -1.657490536115E-03 -1.910483403390E-03  2.162270184769E-04
 242   8            -1.932520006386E-03  1.185032334082E-03 -1.544357873001E-03
 243   1             3.109082818295E-03  4.013784880470E-04  9.535278650752E-04
 244   8             2.527327443764E-03  2.850880269423E-03 -1.784627620651E-03
 245   1            -6.006772759568E-04 -1.099527826224E-03  5.329707649260E-04
 246   1            -2.026565895381E-03 -1.653595141294E-03  1.463207208044E-03
 247   8             1.919291272226E-03  1.613590953983E-03  3.195875403691E-03
 248   1             4.591489797433E-04  6.607454857712E-04 -1.987415107607E-03
 249   1            -2.803543296030E-03 -2.155908122587E-03 -1.488359178204E-03
 250   1             5.230797509388E-04 -4.410873884992E-04  2.349941999817E-04
 251   8             8.855708986681E-04  1.943230892088E-03  1.288480605098E-03
 252   1            -7.782056295969E-05 -8.450846172108E-04 -8.804031786909E-04
 253   8             1.687645825410E-03 -4.208432291670E-04  1.836141986956E-03
 254   1            -9.316974295808E-04 -3.071253283059E-04  9.397048755844E-05
 255   1             1.031367783312E-03  1.005321534335E-03 -7.313295366380E-04
 256   8             9.103449104697E-04  3.522522700571E-03 -1.709492179970E-03
 257   1             9.115139544560E-04  2.063953312388E-04  3.364598491675E-03
 258   1            -2.128577794941E-03 -4.494800244793E-03 -1.758406713442E-03
 259   8             2.286953380436E-03 -8.261796986004E-04 -2.924665237032E-03
 260   1            -1.305067818105E-03  1.778880758585E-03  3.511073487829E-03
 261   1             1.639663596391E-04 -1.861865430610E-04 -1.567940738095E-03

 RESULTANT FORCE    -4.865724143044E-12  2.114735470071E-12  4.750119741992E-11

 ATOMIC PART

 SYMMETRY ALLOWED FORCES (ANALYTICAL) (DIRECTION, FORCE)

    1 -9.5798354E-04    2  1.6615473E-04    3 -1.3051980E-03    4 -1.6328384E-04
    5 -8.5873644E-04    6  1.4501029E-03    7 -6.1144562E-04    8 -4.8583661E-04
    9  2.5537550E-04   10 -1.4061210E-04   11  5.7605087E-04   12  2.4593801E-04
   13 -1.8423650E-03   14  3.1645537E-05   15 -1.4905620E-04   16 -1.2823641E-04
   17 -3.0737491E-04   18 -3.6418151E-04   19  8.5577639E-04   20 -3.8171475E-04
   21 -1.7317168E-04   22  7.1858312E-04   23 -3.9971246E-04   24  2.3284238E-04
   25 -3.1146828E-04   26 -2.9388129E-04   27 -8.1623331E-04   28  1.8305826E-04
   29  1.0531917E-04   30 -4.3009977E-04   31  8.7785269E-04   32  3.2500822E-04
   33 -1.2515597E-03   34  1.8357002E-04   35  1.4970625E-04   36 -9.7826503E-05
   37  3.5388745E-04   38 -8.0392621E-05   39  7.6457676E-05   40 -1.1670420E-04
   41 -4.2549251E-04   42  6.2810501E-04   43 -1.6310036E-04   44 -2.4353959E-04
   45  2.9932186E-04   46  5.9756253E-05   47  4.4804188E-04   48  9.5276385E-04
   49 -1.6826936E-05   50 -6.4285452E-04   51  5.7616642E-04   52  9.6932896E-04
   53  1.0705776E-03   54 -1.9382683E-03   55 -2.0338276E-04   56 -7.4521519E-05
   57 -1.8678035E-04   58 -3.2702326E-04   59  3.4158096E-04   60  5.5545511E-05
   61  4.7759451E-04   62 -6.4532002E-04   63  1.0053626E-04   64 -3.6566134E-05
   65  2.4147613E-04   66  1.2717908E-04   67  8.4220932E-04   68  2.1537580E-04
   69 -1.6370528E-04   70 -4.4418127E-04   71 -3.2334312E-04   72  5.6325442E-04
   73 -4.5060395E-04   74  9.8386751E-05   75  2.8845535E-05   76 -1.1141072E-04
   77  1.9454508E-04   78 -3.4007670E-04   79 -5.7797775E-04   80 -9.7637380E-04
   81  7.6091021E-04   82 -1.9994799E-04   83 -5.9558961E-05   84 -1.9126344E-04
   85  2.7058327E-04   86  3.5845809E-04   87 -1.4727545E-04   88  1.5088678E-04
   89 -1.3194124E-04   90  2.8776960E-04   91 -5.0630907E-05   92  1.4790012E-04
   93 -4.9113122E-05   94  2.3301272E-04   95 -7.8026183E-05   96 -1.0886339E-04
   97 -1.8331337E-04   98  7.3281199E-05   99 -1.0397888E-04  100 -1.9406095E-04
  101 -1.1496249E-04  102 -3.6955737E-04  103 -1.3547397E-04  104  3.9830827E-05
  105 -1.1108089E-04  106  4.6983766E-06  107  1.8622744E-04  108  9.3333718E-05
  109  2.4526812E-07  110 -2.7107447E-04  111  1.2220438E-04  112  1.5164268E-04
  113 -1.1956440E-04  114 -1.1205381E-04  115 -4.9823910E-05  116  2.9093560E-04
  117 -1.5777992E-04  118  1.1180221E-04  119  4.0336791E-04  120  2.8039008E-05
  121 -3.0856356E-04  122 -1.8595725E-04  123  4.3066979E-04  124 -9.5379306E-05
  125  3.3985213E-05  126 -3.3846522E-04  127  1.6727225E-04  128 -1.7163788E-04
  129  3.0213486E-04  130 -2.0449286E-04  131 -4.4478217E-04  132 -7.7988208E-05
  133  2.9869099E-04  134  4.3868078E-04  135 -3.3001135E-04  136 -5.0282757E-05
  137  8.1079392E-05  138  7.1843588E-05  139  7.8217411E-05  140  1.9235048E-05
  141 -7.3642925E-05  142 -2.1713719E-05  143 -1.3077563E-04  144  2.0222288E-04
  145  7.2486568E-05  146  2.8073811E-05  147  2.8595958E-06  148 -1.9185237E-05
  149  2.3620615E-05  150 -2.0534372E-04  151 -3.1603463E-05  152 -1.7717491E-04
  153  2.7011839E-04  154  3.4792181E-05  155 -2.1343202E-05  156 -3.6240560E-05
  157 -4.9471266E-05  158 -4.0594088E-05  159  2.7907076E-04  160 -1.0240035E-04
  161 -1.2374374E-04  162  2.3777141E-04  163  4.1138022E-04  164  2.4104874E-03
  165 -2.0541641E-03  166  5.4665773E-04  167 -2.6686042E-03  168  2.9569548E-03
  169  7.1603795E-04  170 -6.5387600E-04  171  6.1503921E-04  172 -2.5476479E-04
  173 -4.6356813E-04  174 -1.2287154E-04  175  7.4940525E-05  176  3.8458868E-04
  177 -3.7803745E-05  178 -1.5535853E-04  179  3.6830534E-04  180  3.8825286E-04
  181  1.2560342E-04  182  1.8023891E-05  183  2.5162042E-04  184 -1.4777615E-03
  185 -1.5324461E-04  186  1.6085663E-05  187  9.0477863E-04  188  1.0021556E-03
  189 -7.9458780E-05  190 -9.1703680E-04  191  2.9850059E-04  192 -9.5935944E-05
  193 -6.9246096E-04  194 -1.7386554E-03  195  4.9116500E-04  196  1.3789333E-03
  197  1.2495055E-03  198 -4.6918097E-04  199 -2.1743980E-03  200 -5.1585112E-04
  201  6.9378414E-04  202  1.5868392E-03  203  1.2722680E-03  204 -1.0126867E-04
  205  7.7980442E-04  206 -6.2402916E-04  207  1.1113510E-04  208 -1.0429251E-03
  209 -8.9478856E-04  210 -2.8332470E-04  211  9.6823435E-04  212 -3.0794380E-04
  213 -4.1278639E-04  214  7.6499561E-04  215  1.7449596E-03  216  1.6001961E-03
  217  7.3058394E-04  218  2.0489347E-04  219 -1.6296477E-05  220 -6.9976551E-04
  221 -3.4526202E-04  222 -5.1562891E-05  223 -8.0167745E-05  224  6.9125500E-04
  225 -3.6293079E-04  226  6.5850188E-03  227  8.6873576E-03  228  1.2331069E-02
  229 -3.4627040E-03  230  3.3198146E-03  231 -2.4489313E-03  232 -4.2628628E-03
  233 -1.1077253E-02  234 -9.0215632E-03  235 -1.1809154E-03  236 -1.0555139E-03
  237 -1.5996136E-03  238  5.9120699E-05  239  7.0983255E-04  240 -8.7277530E-05
  241  1.4766486E-03  242 -2.6203340E-04  243  2.9522244E-04  244  1.9379468E-03
  245 -1.5250269E-03  246 -1.0314006E-03  247  2.2086552E-04  248  1.1084805E-03
  249 -1.8776246E-04  250 -1.9458013E-03  251 -7.6063755E-04  252  1.3068773E-03
  253  1.4643421E-03  254  2.9413710E-04  255 -1.6679980E-03  256  3.7332336E-04
  257  1.0006325E-03  258  3.6994232E-04  259 -1.5323408E-03  260 -1.3371586E-03
  261  8.8383392E-05  262  2.0204003E-04  263 -3.7101490E-03  264 -8.8740477E-04
  265  2.6350021E-03  266  4.0501739E-04  267 -7.3665385E-04  268 -2.7166720E-03
  269  4.3951378E-03  270  1.5378455E-03  271  1.3622308E-03  272 -1.0326649E-03
  273 -2.6487066E-04  274 -3.1395918E-04  275  8.2493090E-04  276  1.0541004E-04
  277 -2.6946663E-04  278  7.6137321E-05  279  9.4699669E-05  280 -4.6258469E-04
  281  2.2438144E-04  282 -2.0426780E-03  283 -1.3628734E-03  284 -1.4889684E-03
  285  3.1702666E-03  286  1.3858795E-03  287  5.7898773E-04  288 -1.1651749E-03
  289  2.4583660E-04  290  1.8446800E-03  291  2.4406920E-04  292  1.6824416E-03
  293 -1.6507374E-03  294 -2.0157455E-03  295 -1.9547104E-03  296 -4.1209561E-04
  297  6.1301130E-04  298  9.8533213E-04  299 -2.2406381E-04  300 -5.2991235E-04
  301 -6.1417634E-04  302  3.8827643E-04  303 -4.6629809E-05  304 -5.8241467E-04
  305  2.6163017E-04  306  1.3701880E-04  307 -8.4260639E-04  308  1.1436607E-03
  309  3.7812301E-04  310  7.5550546E-04  311 -1.7335788E-03  312 -1.4622117E-04
  313 -2.4918515E-04  314  9.9696609E-04  315  1.0996204E-03  316 -6.5962272E-03
  317  1.5771951E-03  318 -1.0273180E-04  319  7.2021508E-03  320  4.1920639E-04
  321 -9.7436422E-04  322 -1.0678926E-03  323 -1.6413733E-03  324  1.2275541E-03
  325  1.0230729E-03  326 -7.5677665E-04  327 -9.2388566E-04  328 -8.4820146E-04
  329  1.3963461E-04  330 -6.7705545E-05  331 -2.1610914E-04  332  9.1210327E-04
  333  8.5819664E-04  334  4.8338410E-04  335 -4.9390416E-05  336 -1.7716650E-03
  337  6.2787429E-04  338  5.0175770E-05  339  1.6799423E-04  340 -6.3688282E-04
  341  8.8316259E-04  342  1.2263040E-03  343  1.1980116E-03  344  1.1222441E-03
  345 -1.8192108E-03  346 -2.1269803E-04  347 -2.0806202E-03  348  1.4834094E-03
  349 -1.5453927E-03  350 -1.2355606E-03  351  1.0446168E-03  352 -7.6466193E-04
  353 -1.7725906E-03  354 -8.7002378E-04  355 -1.3729411E-03  356  1.3928640E-03
  357  3.0685642E-04  358  1.9133834E-03  359  3.4024235E-05  360 -2.8903117E-04
  361  1.7688548E-03  362  7.0510244E-04  363  1.4602977E-03  364 -3.3858950E-03
  365 -4.4099696E-04  366 -1.7609241E-03  367  9.1437840E-04  368  5.2858179E-04
  369 -2.3386336E-04  370  9.8415988E-04  371  1.1574896E-03  372 -5.6329302E-04
  373  1.0941707E-03  374 -2.3784933E-03  375 -2.0118336E-03  376 -2.3258331E-03
  377  1.5582227E-03  378  3.4053155E-03  379  1.9580763E-03  380  2.5340843E-03
  381 -9.4705145E-04  382 -3.8160078E-03  383 -1.0350285E-03  384 -3.0848020E-03
  385  9.7179326E-04  386 -1.8678972E-03  387  4.0008654E-03  388  2.4822665E-03
  389  8.2175231E-04  390 -8.1589399E-04  391 -8.4032260E-04  392 -2.4161323E-04
  393 -5.0922276E-04  394 -2.0612802E-03  395 -8.1239002E-04  396  5.4332348E-04
  397  1.4656247E-04  398  6.3917746E-04  399 -3.0263785E-04  400 -4.6831338E-04
  401 -3.4786503E-04  402  7.9093230E-04  403 -4.5841956E-04  404 -8.8494464E-04
  405 -3.3816000E-04  406  2.7228054E-03  407 -2.4185501E-03  408  6.2951828E-04
  409 -1.8873893E-03  410  5.0206152E-04  411 -1.4876695E-03  412 -1.0509012E-03
  413  2.3736438E-03  414  1.1651628E-03  415  9.6618474E-04  416  1.1213684E-03
  417 -1.2137008E-03  418 -1.0152426E-04  419 -1.0899601E-03  420 -1.6137152E-03
  421 -1.0802007E-03  422 -8.8845753E-05  423  1.8444570E-03  424  6.7017736E-04
  425 -2.2339075E-03  426 -1.9058962E-04  427 -1.0075218E-04  428  7.6117253E-04
  429  2.1659936E-03  430 -1.0083401E-04  431  2.6486850E-03  432 -2.0018195E-03
  433  2.1518511E-03  434 -2.2990893E-03  435  2.1787496E-03  436  3.2663561E-04
  437  1.5199486E-03  438 -1.3419693E-04  439 -2.1634921E-03  440 -2.3114903E-04
  441 -2.1016118E-03  442  1.7941892E-03  443 -5.5756557E-03  444  1.6613211E-03
  445  3.3642336E-03  446  1.2762990E-03  447 -3.0067336E-04  448 -3.6451160E-03
  449  5.1748082E-03  450 -2.1355966E-03  451  2.1573997E-03  452 -3.9502833E-04
  453 -3.0753155E-03  454 -2.2059657E-03  455  3.2326908E-03  456  3.6146193E-03
  457  7.1511250E-04  458 -2.9584977E-03  459 -4.5639899E-04  460  1.8220174E-03
  461 -6.8857342E-04  462  3.5309626E-03  463 -4.8316168E-03  464 -3.5187851E-03
  465 -2.3535529E-03  466  1.9400263E-03  467  2.7432195E-03  468 -5.9246133E-04
  469 -2.1392139E-03  470  2.5560091E-03  471  2.8136056E-03  472  2.0164160E-03
  473 -3.8306361E-03  474 -4.0931947E-03  475 -2.3279739E-04  476  4.5350239E-04
  477  1.5145659E-03  478  3.8683200E-04  479  1.6650042E-03  480 -2.2485201E-03
  481  1.2451526E-03  482 -8.7244038E-04  483  2.0608517E-03  484 -1.9793861E-03
  485 -7.3887426E-04  486  1.7236023E-05  487 -5.2122397E-04  488 -6.9683883E-04
  489  5.5218309E-04  490  1.8133054E-03  491  7.2346327E-04  492  7.6616446E-04
  493 -1.2824217E-03  494 -1.3341789E-04  495 -1.0550229E-03  496 -5.0836920E-03
  497 -8.9496758E-04  498  7.3217605E-03  499  7.1069202E-03  500  1.6091172E-03
  501 -3.8982969E-03  502 -7.4309270E-04  503  9.5577588E-04  504 -3.4520388E-03
  505 -1.6250797E-03  506 -1.1190749E-03  507  1.0736768E-03  508 -1.0417972E-04
  509  1.1351773E-03  510 -2.0648245E-04  511  3.3741737E-04  512  3.5158707E-04
  513 -1.6308840E-03  514 -4.0544443E-03  515  5.9664970E-04  516 -1.0097196E-02
  517  4.1523698E-03  518 -6.7028888E-04  519  9.0453857E-03  520  2.2325606E-03
  521 -4.2329068E-04  522  2.7462784E-03  523 -2.2474286E-03  524 -4.1218970E-03
  525 -2.1653537E-03  526  4.5220493E-04  527 -7.6969728E-04  528  2.9891076E-04
  529  2.3410740E-03  530  1.1050927E-03  531 -1.9802788E-04  532  7.4312449E-04
  533  2.2424067E-03  534  4.4513288E-04  535  7.4839878E-04  536 -1.4721271E-03
  537  5.2801150E-04  538 -1.5261320E-03  539  2.1324606E-03  540 -7.5221877E-05
  541 -1.0084474E-03  542 -4.3438988E-04  543  8.2907942E-04  544  3.9437073E-03
  545  2.2551018E-03  546 -1.5344907E-03  547 -3.8263054E-03  548 -1.9234882E-03
  549  8.6617023E-06  550 -4.3956051E-05  551  5.2045937E-04  552 -2.6739550E-04
  553  1.4540264E-03  554  2.2756615E-04  555  1.7181444E-03  556 -1.4321333E-03
  557 -1.9738369E-03  558 -1.3102998E-03  559 -1.5417596E-03  560 -4.9054407E-03
  561 -8.9089711E-04  562  1.4131276E-03  563  1.1948214E-03  564  4.1538874E-03
  565 -2.2095022E-03  566  3.9523196E-03  567 -4.4777241E-03  568 -6.7873030E-04
  569  2.1303585E-03  570  2.3989672E-03  571  1.7333865E-04  572 -1.4275989E-03
  573 -2.4140358E-03  574  1.9305913E-03  575  3.4173929E-04  576 -1.1289134E-03
  577 -2.0892443E-03  578 -1.7358926E-03  579 -4.0365888E-04  580  1.2270464E-03
  581  5.3371788E-04  582  8.8017848E-04  583  5.4165093E-04  584 -1.6223042E-04
  585  1.9368536E-04  586  6.1439552E-04  587 -1.2728357E-04  588  1.2481358E-03
  589 -2.6956437E-04  590 -5.8860770E-04  591 -1.5480626E-03  592 -7.0718370E-04
  593  2.3519438E-03  594 -2.0717727E-04  595  4.4871187E-04  596  1.0794624E-03
  597 -3.0747537E-03  598 -1.4754710E-03  599 -4.3752654E-04  600  9.7967314E-04
  601 -2.9272678E-04  602 -1.3459485E-03  603  1.5068976E-03  604 -3.3636024E-04
  605  2.6790383E-03  606  5.6117734E-04  607 -5.2826393E-04  608 -3.2667794E-04
  609 -9.0739668E-05  610  2.6390745E-04  611 -2.7024527E-03  612 -8.8091911E-04
  613 -1.6386684E-04  614  3.3753203E-04  615 -6.6070009E-05  616 -8.2341709E-05
  617 -8.0409144E-05  618 -5.8096734E-04  619 -5.7389526E-04  620 -1.3480437E-03
  621  4.1272933E-04  622  1.9746670E-03  623 -1.7156615E-03  624  1.4909937E-04
  625 -3.1368950E-03  626  1.0695770E-03  627  1.1992844E-03  628  3.1730200E-04
  629  6.1020515E-04  630 -6.2572054E-04  631  1.5127955E-03  632  1.1196937E-03
  633 -5.8752143E-04  634  5.6619684E-04  635 -4.6736500E-03  636  1.2729176E-03
  637 -9.0400047E-04  638  2.7274308E-03  639 -2.8243132E-05  640 -1.6597982E-03
  641 -1.9084869E-03  642  2.1622702E-04  643 -1.9310927E-03  644  1.1873178E-03
  645 -1.5443579E-03  646  3.1095714E-03  647  3.9767301E-04  648  9.5352787E-04
  649  2.5307710E-03  650  2.8478368E-03  651 -1.7846276E-03  652 -6.0200489E-04
  653 -1.0987992E-03  654  5.3297076E-04  655 -2.0285640E-03  656 -1.6511626E-03
  657  1.4632072E-03  658  1.9212410E-03  659  1.6112866E-03  660  3.1958754E-03
  661  4.5994692E-04  662  6.6019080E-04  663 -1.9874151E-03  664 -2.8061486E-03
  665 -2.1525445E-03  666 -1.4883592E-03  667  5.2254821E-04  668 -4.4170450E-04
  669  2.3499420E-04  670  8.8791698E-04  671  1.9421528E-03  672  1.2884806E-03
  673 -7.8840423E-05  674 -8.4498151E-04  675 -8.8040318E-04  676  1.6871403E-03
  677 -4.2284668E-04  678  1.8361420E-03  679 -9.3206931E-04  680 -3.0601259E-04
  681  9.3970488E-05  682  1.0325823E-03  683  1.0040815E-03  684 -7.3132954E-04
  685  9.1459674E-04  686  3.5213955E-03  687 -1.7094922E-03  688  9.1176426E-04
  689  2.0530787E-04  690  3.3645985E-03  691 -2.1340045E-03  692 -4.4922110E-03
  693 -1.7584067E-03  694  2.2859596E-03  695 -8.2889143E-04  696 -2.9246652E-03
  697 -1.3029231E-03  698  1.7804120E-03  699  3.5110735E-03  700  1.6374192E-04
  701 -1.8637939E-04  702 -1.5679407E-03

 CELL PART

 GRADIENT WITH RESPECT TO THE CELL PARAMETER IN HARTREE/BOHR
 ORDER: -D/DA1X, -D/DA1Y
       -D/DA2X, -D/DA2Y

 -0.104580118204E-02 -0.229456096167E-02
  0.850207313619E-05 -0.456366816798E-02

 SYMMETRY ALLOWED FORCES (ANALYTICAL) (DIRECTION, FORCE)

    1 -7.2892611E-04    2  4.2296586E-04    3 -1.6528379E-06
 TTTTTTTTTTTTTTTTTTTTTTTTTTTTTT TOTGRA_C    TELAPSE    12865.20 TCPU    12843.19
 INFORMATION **** optc0003 **** GEOMETRY OUTPUT FILE
 INFORMATION **** EXCBUF **** EXCH. BIPO BUFFER: WORDS USED =     4000000
