 INFORMATION **** EXCBUF **** EXCH. BIPO BUFFER: WORDS USED =     4000000
 WARNING **** EXCBUF **** EXCH. BIPO BUFFER TOO SMALL - TO AVOID RECALC SET EXCHSIZE =    23973687

 DFT PARAMETERS

     ATOM       ELECTRONS   NET CHARGE   R(ANGSTROM)
   1   8  O       8.0000      0.0000     0.74000000
  10 258  CE     30.0000      0.0000     1.82000000
  83   1  H       1.0000      0.0000     1.11000000

 SIZE OF GRID=    6120207
 TTTTTTTTTTTTTTTTTTTTTTTTTTTTTT MAKE_GRID2_MTELAPSE     4528.20 TCPU     4519.11
 BECKE WEIGHT FUNCTION
 RADSAFE =     2.00
 TOLERANCES - DENSITY:10**- 6; POTENTIAL:10**- 9; GRID WGT:10**-14

 RADIAL INTEGRATION  - INTERVALS (POINTS,UPPER LIMIT):            1( 75,  4.0*R)

 ANGULAR INTEGRATION - INTERVALS (ACCURACY LEVEL [N. POINTS] UPPER LIMIT):
  1(  4[  86]   0.2)  2(  8[ 194]   0.5)  3( 12[ 350]   0.9)  4( 16[ 974]   3.5)
  5( 12[ 350]9999.0)

 *******************************************************************************
 Ceria bulk                                                                      
 CRYSTAL - SCF - TYPE OF CALCULATION :  UNRESTRICTED OPEN SHELL
 *******************************************************************************

 CAPPA:IS1  2;IS2  2;IS3  1; K PTS MONK NET   4; SYMMOPS:K SPACE   2;G SPACE   1

 TTTTTTTTTTTTTTTTTTTTTTTTTTTTTT SDIK        TELAPSE     4532.59 TCPU     4523.49

 INFORMATION FROM INTEGRAL EVALUATION

 RESTART FROM A PREVIOUS DENSITY MATRIX - DEP ACTIVE
 NUMBER OF COUPLE SETS (NEW, OLD, FOUND):  260578  260578  260578
 NUMBER OF IRREDUCIBLE G VECTORS        :  360240  360240  360240
 CHARGE NORMALIZATION FACTOR   0.99999905
 TOTAL ATOMIC CHARGES:
   9.1643331   9.3567774   9.2272886   9.1940568   9.2921775   9.1834079
   9.3510346   9.2322076   9.3549177  27.4291201  27.4223051  27.4218573
  27.4487062  27.4265922  27.4371512  27.4305552  27.4389263  27.4512020
   9.3077387   9.3013196   9.2934518   9.2978975   9.3039734   9.2975655
   9.2959943   9.2920817   9.3003087   9.3124750   9.2984594   9.3004466
   9.3204404   9.3029628   9.3114819   9.2928075   9.3297750   9.3164635
  27.4033832  27.4029183  27.4025357  27.4040669  27.4043851  27.4060301
  27.4055176  27.4029798  27.4062252   9.3272716   9.3301356   9.3268117
   9.3268328   9.3269107   9.3285496   9.3311244   9.3267673   9.3292462
   9.3023027   9.3026181   9.3030949   9.3033391   9.3049697   9.3051323
   9.3063632   9.3033477   9.3036364  27.4360457  27.4365228  27.4363199
  27.4365702  27.4367157  27.4363182  27.4363642  27.4359455  27.4368652
   9.2321311   9.2320281   9.2319362   9.2316043   9.2320035   9.2317618
   9.2320171   9.2320618   9.2322803   8.7327530   0.5874899   0.6845368
   8.6937525   0.6565696   0.6318725   0.6574563   8.6544870   0.6914957
   0.6368445   8.6915129   0.6540959   8.6642503   0.6589765   0.6508860
   8.7536428   0.6380618   0.6160497   0.6386608   8.7399177   0.6448744
   8.6276939   0.6265075   0.7176622   8.7567953   0.5346272   0.6954691
   8.7074020   0.7031431   0.5963461   8.5951079   0.7146772   0.6882224
   8.6451639   0.6473404   0.7180322   0.6104764   8.6811156   0.6972726
   0.6699006   8.6531591   0.6557887   8.6462491   0.6447460   0.6971824
   8.6766982   0.6598159   0.6634911   0.6624893   8.6869466   0.6714069
   8.7505983   0.6191498   0.6706316   8.6182049   0.6963722   0.6875120
   8.6316012   0.6854339   0.6570968   8.6394249   0.7015786   0.6663636
   8.7039528   0.6634541   0.6219788   0.6545590   8.6629895   0.6919438
   0.6960945   8.6510589   0.6411962   8.6411042   0.6583232   0.6917063
   8.7019327   0.6608177   0.6281456   0.6386393   8.7091357   0.6592814
   8.6276660   0.6696926   0.6781859   8.6657959   0.6781436   0.6820716
   8.6687542   0.7059814   0.6158889   8.6160704   0.7105318   0.6887865
   8.6639677   0.6550135   0.6762818   0.6148570   8.7085271   0.6911843
   0.6425246   8.6926132   0.6573771   8.6298511   0.6612801   0.6920937
   8.6932442   0.6522941   0.6695877   0.6232944   8.7267059   0.6549379
   8.6398279   0.6874072   0.6735455   8.6896311   0.6691496   0.6610556
   8.6564728   0.6772548   0.6568127   8.6738273   0.6993821   0.6265152
   8.6907274   0.6510480   0.6523189   0.6181003   8.7140696   0.6776741
   0.6587578   8.6698088   0.6492611   8.6526406   0.6574926   0.6780811
   8.7217687   0.6536058   0.6381706   0.6363697   8.6893008   0.6842799
   8.6314627   0.6914269   0.6922434   8.6964651   0.6777260   0.6436368
   8.6851906   0.7001031   0.6028158   8.6619411   0.6618530   0.6725295
   8.6734426   0.6318452   0.6873127   0.6353193   8.7003156   0.6653335
   0.7040413   8.6617906   0.6379974   8.6416615   0.6667487   0.6708662
   8.6987585   0.6128927   0.6970543   0.6353935   8.6826461   0.6672658
   8.6423454   0.6984974   0.6539866   8.6871286   0.6717016   0.6399611
   8.6795087   0.6916618   0.6199223
 SUMMED SPIN DENSITY           0.00000000
 TOTAL ATOMIC SPINS  :
   0.0000000  -0.0000000  -0.0000000   0.0000000   0.0000000   0.0000000
   0.0000000   0.0000000  -0.0000000  -0.0000000  -0.0000000  -0.0000000
  -0.0000000  -0.0000000   0.0000000   0.0000000   0.0000000  -0.0000000
   0.0000000   0.0000000   0.0000000   0.0000000  -0.0000000  -0.0000000
   0.0000000   0.0000000  -0.0000000   0.0000000   0.0000000  -0.0000000
   0.0000000  -0.0000000  -0.0000000   0.0000000  -0.0000000   0.0000000
  -0.0000000  -0.0000000   0.0000000  -0.0000000   0.0000000   0.0000000
  -0.0000000   0.0000000   0.0000000   0.0000000   0.0000000  -0.0000000
  -0.0000000  -0.0000000   0.0000000   0.0000000  -0.0000000  -0.0000000
   0.0000000  -0.0000000  -0.0000000   0.0000000  -0.0000000   0.0000000
   0.0000000  -0.0000000  -0.0000000  -0.0000000   0.0000000   0.0000000
  -0.0000000   0.0000000  -0.0000000  -0.0000000   0.0000000   0.0000000
  -0.0000000   0.0000000   0.0000000  -0.0000000  -0.0000000  -0.0000000
  -0.0000000  -0.0000000  -0.0000000  -0.0000000  -0.0000000   0.0000000
  -0.0000000   0.0000000   0.0000000   0.0000000  -0.0000000   0.0000000
   0.0000000   0.0000000  -0.0000000  -0.0000000   0.0000000   0.0000000
   0.0000000  -0.0000000  -0.0000000   0.0000000  -0.0000000   0.0000000
  -0.0000000   0.0000000   0.0000000  -0.0000000  -0.0000000   0.0000000
   0.0000000  -0.0000000  -0.0000000   0.0000000  -0.0000000  -0.0000000
   0.0000000  -0.0000000  -0.0000000   0.0000000  -0.0000000   0.0000000
   0.0000000   0.0000000  -0.0000000  -0.0000000   0.0000000   0.0000000
   0.0000000  -0.0000000  -0.0000000  -0.0000000   0.0000000  -0.0000000
  -0.0000000   0.0000000   0.0000000  -0.0000000   0.0000000   0.0000000
  -0.0000000   0.0000000   0.0000000  -0.0000000   0.0000000  -0.0000000
   0.0000000  -0.0000000  -0.0000000   0.0000000  -0.0000000   0.0000000
  -0.0000000   0.0000000  -0.0000000  -0.0000000   0.0000000   0.0000000
   0.0000000  -0.0000000  -0.0000000  -0.0000000   0.0000000  -0.0000000
   0.0000000  -0.0000000  -0.0000000   0.0000000  -0.0000000  -0.0000000
   0.0000000  -0.0000000  -0.0000000   0.0000000  -0.0000000  -0.0000000
   0.0000000  -0.0000000  -0.0000000   0.0000000  -0.0000000   0.0000000
  -0.0000000   0.0000000  -0.0000000  -0.0000000   0.0000000   0.0000000
   0.0000000  -0.0000000  -0.0000000  -0.0000000   0.0000000  -0.0000000
  -0.0000000   0.0000000   0.0000000  -0.0000000   0.0000000   0.0000000
   0.0000000  -0.0000000  -0.0000000  -0.0000000   0.0000000   0.0000000
   0.0000000  -0.0000000  -0.0000000   0.0000000  -0.0000000   0.0000000
   0.0000000  -0.0000000   0.0000000  -0.0000000   0.0000000   0.0000000
  -0.0000000   0.0000000   0.0000000  -0.0000000   0.0000000  -0.0000000
  -0.0000000   0.0000000   0.0000000   0.0000000  -0.0000000  -0.0000000
  -0.0000000   0.0000000  -0.0000000   0.0000000  -0.0000000   0.0000000
   0.0000000  -0.0000000  -0.0000000  -0.0000000  -0.0000000   0.0000000
   0.0000000  -0.0000000   0.0000000  -0.0000000   0.0000000   0.0000000
   0.0000000   0.0000000  -0.0000000  -0.0000000   0.0000000  -0.0000000
   0.0000000   0.0000000  -0.0000000  -0.0000000   0.0000000   0.0000000
   0.0000000  -0.0000000  -0.0000000
 TTTTTTTTTTTTTTTTTTTTTTTTTTTTTT MOQGAD      TELAPSE     4534.25 TCPU     4525.14
 TTTTTTTTTTTTTTTTTTTTTTTTTTTTTT SHELLXN     TELAPSE     4779.02 TCPU     4769.84
 TTTTTTTTTTTTTTTTTTTTTTTTTTTTTT MONMO3      TELAPSE     4797.54 TCPU     4788.35
 NUMERICALLY INTEGRATED DENSITY    921.0003658149    921.0003658149
 TTTTTTTTTTTTTTTTTTTTTTTTTTTTTT NUMDFT      TELAPSE     4830.48 TCPU     4821.28
 CYC   0 ETOT(AU) -2.147975676806E+04 DETOT -2.15E+04 tst  3.36E-10 PX  1.00E+00
 CYCLE  0 WAVE FUNCTION SAVED IN FORTRAN UNIT 79
 TTTTTTTTTTTTTTTTTTTTTTTTTTTTTT MPP_TRAF    TELAPSE     4836.09 TCPU     4826.06
 TTTTTTTTTTTTTTTTTTTTTTTTTTTTTT MPP_DIAG    TELAPSE     4836.09 TCPU     4826.06
 TTTTTTTTTTTTTTTTTTTTTTTTTTTTTT MPP_DIIS    TELAPSE     4836.09 TCPU     4826.06
 TTTTTTTTTTTTTTTTTTTTTTTTTTTTTT MPP_TRAF    TELAPSE     4841.78 TCPU     4831.75
 TTTTTTTTTTTTTTTTTTTTTTTTTTTTTT MPP_DIAG    TELAPSE     4858.41 TCPU     4848.27

    ALPHA      ELECTRONS
 INSULATING STATE
 TOP OF VALENCE BANDS -    BAND    921; K    1; EIG -1.3994547E+01 AU
 BOTTOM OF VIRTUAL BANDS - BAND    922; K    2; EIG -7.7391805E+00 AU
 INDIRECT ENERGY BAND GAP: 170.2173 eV
 BOTTOM OF VIRTUAL BANDS - BAND    922; K    1; EIG -7.6629216E+00 AU

    BETA       ELECTRONS
 INSULATING STATE
 TOP OF VALENCE BANDS -    BAND    921; K    1; EIG -1.3994547E+01 AU
 BOTTOM OF VIRTUAL BANDS - BAND    922; K    2; EIG -7.7391805E+00 AU
 INDIRECT ENERGY BAND GAP: 170.2173 eV
 BOTTOM OF VIRTUAL BANDS - BAND    922; K    1; EIG -7.6629216E+00 AU
 TTTTTTTTTTTTTTTTTTTTTTTTTTTTTT FERMI       TELAPSE     4858.42 TCPU     4848.28
 TTTTTTTTTTTTTTTTTTTTTTTTTTTTTT MPP_PDIG    TELAPSE     4859.81 TCPU     4849.67
 TTTTTTTTTTTTTTTTTTTTTTTTTTTTTT MPP_PROT    TELAPSE     4860.09 TCPU     4849.95
 TTTTTTTTTTTTTTTTTTTTTTTTTTTTTT MPP_KSPA    TELAPSE     4860.09 TCPU     4849.95
 CHARGE NORMALIZATION FACTOR   1.00000000
 TOTAL ATOMIC CHARGES:
   9.1624760   9.3564850   9.2262108   9.1948644   9.2907056   9.1840631
   9.3510904   9.2328296   9.3545202  27.4275077  27.4213443  27.4223710
  27.4486922  27.4269537  27.4371115  27.4304678  27.4383529  27.4513460
   9.3075997   9.3009523   9.2932681   9.2982706   9.3042799   9.2976339
   9.2960213   9.2921678   9.3004365   9.3125966   9.2993908   9.3004683
   9.3204642   9.3029001   9.3115024   9.2928165   9.3298536   9.3165398
  27.4029500  27.4027314  27.4027354  27.4037650  27.4040364  27.4061090
  27.4052386  27.4029624  27.4063788   9.3274330   9.3302450   9.3269415
   9.3270326   9.3270959   9.3286223   9.3312724   9.3269044   9.3293059
   9.3023634   9.3026559   9.3031530   9.3033995   9.3050115   9.3051788
   9.3064321   9.3034163   9.3036863  27.4361605  27.4365687  27.4363434
  27.4366655  27.4369209  27.4364646  27.4364316  27.4360078  27.4370190
   9.2322381   9.2321101   9.2320296   9.2316962   9.2321145   9.2318433
   9.2321212   9.2321825   9.2324199   8.7316518   0.5854669   0.6872290
   8.6917165   0.6591641   0.6313160   0.6548679   8.6567092   0.6916537
   0.6367370   8.6917515   0.6535863   8.6636382   0.6583072   0.6514914
   8.7541573   0.6367380   0.6164199   0.6397233   8.7385431   0.6457594
   8.6289687   0.6262971   0.7192667   8.7585735   0.5348587   0.6943116
   8.7072494   0.7031349   0.5958518   8.5951212   0.7154626   0.6882728
   8.6452048   0.6502339   0.7167299   0.6108197   8.6813378   0.6969300
   0.6687919   8.6473192   0.6613429   8.6456852   0.6440851   0.6979998
   8.6766777   0.6601283   0.6630706   0.6624525   8.6868249   0.6718417
   8.7500021   0.6192449   0.6703442   8.6202084   0.6956781   0.6872420
   8.6317766   0.6864016   0.6561319   8.6423276   0.6991173   0.6650916
   8.7047362   0.6629466   0.6222348   0.6544918   8.6630095   0.6914391
   0.6955943   8.6514255   0.6412103   8.6398456   0.6583819   0.6918934
   8.7011027   0.6603142   0.6281467   0.6388547   8.7090569   0.6590249
   8.6296896   0.6700589   0.6766997   8.6649177   0.6778586   0.6828299
   8.6674789   0.7068195   0.6159287   8.6170506   0.7114205   0.6874293
   8.6671387   0.6572272   0.6727692   0.6156178   8.7097038   0.6898433
   0.6373913   8.6931160   0.6632438   8.6287049   0.6621311   0.6926153
   8.6952497   0.6519118   0.6676113   0.6239701   8.7255596   0.6552931
   8.6411881   0.6874857   0.6717061   8.6903529   0.6683612   0.6605089
   8.6576259   0.6761498   0.6568504   8.6725648   0.6991615   0.6268382
   8.6926811   0.6501378   0.6529175   0.6183136   8.7098385   0.6808900
   0.6595343   8.6692201   0.6486839   8.6536082   0.6563315   0.6775182
   8.7223771   0.6531239   0.6375394   0.6366021   8.6905803   0.6837900
   8.6327803   0.6901216   0.6918646   8.6985095   0.6764483   0.6435435
   8.6844693   0.7011159   0.6025149   8.6620473   0.6623434   0.6716708
   8.6740586   0.6316333   0.6871031   0.6350945   8.7000906   0.6653790
   0.7045364   8.6612584   0.6382290   8.6414382   0.6667323   0.6709184
   8.6986820   0.6128144   0.6971530   0.6358055   8.6835341   0.6664450
   8.6422256   0.6985281   0.6539125   8.6859555   0.6731248   0.6396921
   8.6795418   0.6912841   0.6199424
 SUMMED SPIN DENSITY           0.00000000
 TOTAL ATOMIC SPINS  :
   0.0000000  -0.0000000  -0.0000000  -0.0000000  -0.0000000  -0.0000000
  -0.0000000  -0.0000000  -0.0000000  -0.0000000   0.0000000   0.0000000
  -0.0000000   0.0000000   0.0000000   0.0000000  -0.0000000   0.0000000
  -0.0000000  -0.0000000  -0.0000000   0.0000000  -0.0000000  -0.0000000
  -0.0000000  -0.0000000  -0.0000000   0.0000000  -0.0000000  -0.0000000
   0.0000000  -0.0000000  -0.0000000  -0.0000000  -0.0000000  -0.0000000
  -0.0000000   0.0000000   0.0000000   0.0000000   0.0000000  -0.0000000
   0.0000000   0.0000000  -0.0000000   0.0000000  -0.0000000  -0.0000000
  -0.0000000  -0.0000000   0.0000000  -0.0000000  -0.0000000   0.0000000
   0.0000000   0.0000000   0.0000000   0.0000000  -0.0000000   0.0000000
  -0.0000000  -0.0000000   0.0000000  -0.0000000  -0.0000000  -0.0000000
  -0.0000000  -0.0000000  -0.0000000   0.0000000   0.0000000  -0.0000000
   0.0000000  -0.0000000   0.0000000  -0.0000000  -0.0000000  -0.0000000
   0.0000000   0.0000000   0.0000000  -0.0000000   0.0000000   0.0000000
   0.0000000   0.0000000  -0.0000000  -0.0000000   0.0000000  -0.0000000
   0.0000000  -0.0000000  -0.0000000   0.0000000  -0.0000000  -0.0000000
   0.0000000  -0.0000000  -0.0000000   0.0000000  -0.0000000  -0.0000000
  -0.0000000   0.0000000   0.0000000   0.0000000   0.0000000  -0.0000000
   0.0000000  -0.0000000   0.0000000  -0.0000000   0.0000000   0.0000000
   0.0000000  -0.0000000  -0.0000000  -0.0000000  -0.0000000   0.0000000
   0.0000000  -0.0000000  -0.0000000  -0.0000000   0.0000000   0.0000000
   0.0000000  -0.0000000  -0.0000000  -0.0000000   0.0000000  -0.0000000
  -0.0000000   0.0000000   0.0000000   0.0000000  -0.0000000  -0.0000000
  -0.0000000   0.0000000   0.0000000  -0.0000000   0.0000000   0.0000000
   0.0000000  -0.0000000  -0.0000000  -0.0000000   0.0000000  -0.0000000
   0.0000000   0.0000000  -0.0000000  -0.0000000   0.0000000   0.0000000
  -0.0000000   0.0000000   0.0000000   0.0000000  -0.0000000   0.0000000
   0.0000000  -0.0000000  -0.0000000  -0.0000000   0.0000000   0.0000000
   0.0000000   0.0000000  -0.0000000   0.0000000  -0.0000000   0.0000000
   0.0000000  -0.0000000   0.0000000  -0.0000000   0.0000000  -0.0000000
   0.0000000  -0.0000000   0.0000000  -0.0000000   0.0000000   0.0000000
  -0.0000000   0.0000000   0.0000000   0.0000000  -0.0000000   0.0000000
  -0.0000000   0.0000000   0.0000000   0.0000000   0.0000000   0.0000000
   0.0000000   0.0000000  -0.0000000   0.0000000  -0.0000000  -0.0000000
  -0.0000000   0.0000000   0.0000000   0.0000000  -0.0000000   0.0000000
   0.0000000   0.0000000  -0.0000000   0.0000000  -0.0000000  -0.0000000
   0.0000000  -0.0000000  -0.0000000  -0.0000000   0.0000000  -0.0000000
  -0.0000000  -0.0000000   0.0000000  -0.0000000  -0.0000000   0.0000000
   0.0000000   0.0000000  -0.0000000  -0.0000000   0.0000000   0.0000000
   0.0000000  -0.0000000  -0.0000000   0.0000000  -0.0000000   0.0000000
  -0.0000000   0.0000000  -0.0000000   0.0000000  -0.0000000  -0.0000000
  -0.0000000   0.0000000   0.0000000   0.0000000  -0.0000000   0.0000000
   0.0000000  -0.0000000   0.0000000   0.0000000   0.0000000  -0.0000000
   0.0000000  -0.0000000  -0.0000000
 TTTTTTTTTTTTTTTTTTTTTTTTTTTTTT MOQGAD      TELAPSE     4860.15 TCPU     4850.01
 TTTTTTTTTTTTTTTTTTTTTTTTTTTTTT SHELLXN     TELAPSE     5105.06 TCPU     5094.84
 TTTTTTTTTTTTTTTTTTTTTTTTTTTTTT MONMO3      TELAPSE     5123.51 TCPU     5113.29
 NUMERICALLY INTEGRATED DENSITY    921.0003653935    921.0003653935
 TTTTTTTTTTTTTTTTTTTTTTTTTTTTTT NUMDFT      TELAPSE     5156.74 TCPU     5146.51
 CYC   1 ETOT(AU) -2.147976327166E+04 DETOT -6.50E-03 tst  0.00E+00 PX  4.88E-03
 CYCLE  1 WAVE FUNCTION SAVED IN FORTRAN UNIT 79
 TTTTTTTTTTTTTTTTTTTTTTTTTTTTTT MPP_TRAF    TELAPSE     5162.35 TCPU     5151.38
 TTTTTTTTTTTTTTTTTTTTTTTTTTTTTT MPP_DIAG    TELAPSE     5167.20 TCPU     5156.21
 TTTTTTTTTTTTTTTTTTTTTTTTTTTTTT MPP_DIIS    TELAPSE     5167.22 TCPU     5156.24
 DIIS TEST: 0.55727E-03 AT SCF   CYCLE   1 - MIX   90 %
 TTTTTTTTTTTTTTTTTTTTTTTTTTTTTT MPP_TRAF    TELAPSE     5171.70 TCPU     5160.71
 TTTTTTTTTTTTTTTTTTTTTTTTTTTTTT MPP_DIAG    TELAPSE     5188.40 TCPU     5177.31

    ALPHA      ELECTRONS
 INSULATING STATE
 TOP OF VALENCE BANDS -    BAND    921; K    1; EIG -2.4989831E-01 AU
 BOTTOM OF VIRTUAL BANDS - BAND    922; K    2; EIG -1.3824710E-01 AU
 INDIRECT ENERGY BAND GAP:   3.0382 eV
 BOTTOM OF VIRTUAL BANDS - BAND    922; K    1; EIG -1.3689212E-01 AU

    BETA       ELECTRONS
 INSULATING STATE
 TOP OF VALENCE BANDS -    BAND    921; K    1; EIG -2.4989831E-01 AU
 BOTTOM OF VIRTUAL BANDS - BAND    922; K    2; EIG -1.3824710E-01 AU
 INDIRECT ENERGY BAND GAP:   3.0382 eV
 BOTTOM OF VIRTUAL BANDS - BAND    922; K    1; EIG -1.3689212E-01 AU
 TTTTTTTTTTTTTTTTTTTTTTTTTTTTTT FERMI       TELAPSE     5188.40 TCPU     5177.31
 TTTTTTTTTTTTTTTTTTTTTTTTTTTTTT MPP_PDIG    TELAPSE     5189.81 TCPU     5178.71
 TTTTTTTTTTTTTTTTTTTTTTTTTTTTTT MPP_PROT    TELAPSE     5190.08 TCPU     5178.98
 TTTTTTTTTTTTTTTTTTTTTTTTTTTTTT MPP_KSPA    TELAPSE     5190.08 TCPU     5178.98
 CHARGE NORMALIZATION FACTOR   1.00000000
 TOTAL ATOMIC CHARGES:
   9.1629456   9.3566087   9.2264287   9.1945504   9.2911788   9.1838875
   9.3510101   9.2327130   9.3546334  27.4282446  27.4210863  27.4221024
  27.4486702  27.4268339  27.4370295  27.4304713  27.4386649  27.4512782
   9.3076941   9.3011594   9.2933294   9.2981532   9.3042531   9.2976542
   9.2959840   9.2921178   9.3003740   9.3125854   9.2994954   9.3004867
   9.3204510   9.3028410   9.3114874   9.2927981   9.3298316   9.3165279
  27.4031617  27.4028131  27.4026406  27.4039109  27.4041984  27.4060639
  27.4053769  27.4029663  27.4062910   9.3273597   9.3301948   9.3268866
   9.3269419   9.3270214   9.3285867   9.3312013   9.3268400   9.3292734
   9.3023442   9.3026465   9.3031366   9.3033801   9.3050017   9.3051701
   9.3064101   9.3033940   9.3036734  27.4361082  27.4365481  27.4363351
  27.4366235  27.4368193  27.4363951  27.4364023  27.4359751  27.4369444
   9.2321945   9.2320793   9.2319944   9.2316614   9.2320679   9.2318134
   9.2320790   9.2321322   9.2323616   8.7316719   0.5854820   0.6871415
   8.6918788   0.6590447   0.6313063   0.6549052   8.6566392   0.6916584
   0.6367567   8.6917288   0.6536052   8.6635905   0.6583842   0.6514504
   8.7541066   0.6367617   0.6164186   0.6396763   8.7386169   0.6457423
   8.6294508   0.6260675   0.7191309   8.7584293   0.5348935   0.6943679
   8.7071417   0.7032107   0.5959271   8.5951223   0.7154629   0.6882543
   8.6452945   0.6500719   0.7167649   0.6108090   8.6813478   0.6969263
   0.6686864   8.6477266   0.6611582   8.6456771   0.6441196   0.6979691
   8.6766437   0.6601453   0.6630605   0.6624321   8.6868661   0.6718206
   8.7501117   0.6192006   0.6703298   8.6199208   0.6957967   0.6873267
   8.6317820   0.6863438   0.6561831   8.6421927   0.6992295   0.6650661
   8.7046644   0.6629901   0.6222474   0.6544762   8.6629837   0.6914782
   0.6956201   8.6514434   0.6411934   8.6399309   0.6583812   0.6918502
   8.7010495   0.6603608   0.6281856   0.6388627   8.7091032   0.6589790
   8.6293960   0.6701660   0.6768083   8.6649660   0.6778581   0.6828308
   8.6674994   0.7067835   0.6159384   8.6170096   0.7114007   0.6874582
   8.6670046   0.6572001   0.6728870   0.6156206   8.7096206   0.6898665
   0.6374507   8.6931892   0.6630696   8.6287491   0.6621203   0.6926058
   8.6951231   0.6519599   0.6676431   0.6239393   8.7255665   0.6553137
   8.6410211   0.6875546   0.6718143   8.6902403   0.6684531   0.6605675
   8.6575289   0.6762134   0.6568873   8.6727163   0.6990793   0.6267893
   8.6925024   0.6501789   0.6529997   0.6182736   8.7100441   0.6808096
   0.6595047   8.6692604   0.6486790   8.6535765   0.6563533   0.6775534
   8.7223778   0.6531247   0.6375782   0.6365969   8.6905239   0.6837817
   8.6326417   0.6901947   0.6919398   8.6983421   0.6765060   0.6435763
   8.6844584   0.7011006   0.6025409   8.6620863   0.6623074   0.6716939
   8.6739826   0.6316575   0.6871382   0.6351024   8.7000863   0.6653762
   0.7044989   8.6613365   0.6381877   8.6414810   0.6667401   0.6708965
   8.6986766   0.6128164   0.6971671   0.6357918   8.6835164   0.6664713
   8.6422220   0.6985431   0.6539089   8.6860277   0.6730755   0.6397052
   8.6795443   0.6912829   0.6199408
 SUMMED SPIN DENSITY           0.00000000
 TOTAL ATOMIC SPINS  :
   0.0000000  -0.0000000   0.0000000  -0.0000000   0.0000000  -0.0000000
  -0.0000000  -0.0000000   0.0000000   0.0000000   0.0000000   0.0000000
   0.0000000   0.0000000  -0.0000000   0.0000000   0.0000000   0.0000000
  -0.0000000  -0.0000000  -0.0000000  -0.0000000   0.0000000  -0.0000000
   0.0000000  -0.0000000  -0.0000000  -0.0000000  -0.0000000  -0.0000000
  -0.0000000  -0.0000000  -0.0000000  -0.0000000  -0.0000000  -0.0000000
  -0.0000000   0.0000000   0.0000000   0.0000000   0.0000000   0.0000000
   0.0000000   0.0000000   0.0000000   0.0000000  -0.0000000  -0.0000000
   0.0000000  -0.0000000   0.0000000  -0.0000000  -0.0000000  -0.0000000
  -0.0000000  -0.0000000  -0.0000000   0.0000000   0.0000000   0.0000000
  -0.0000000  -0.0000000   0.0000000   0.0000000   0.0000000  -0.0000000
  -0.0000000   0.0000000  -0.0000000   0.0000000  -0.0000000   0.0000000
   0.0000000  -0.0000000   0.0000000   0.0000000   0.0000000  -0.0000000
   0.0000000  -0.0000000  -0.0000000  -0.0000000  -0.0000000   0.0000000
  -0.0000000   0.0000000   0.0000000  -0.0000000   0.0000000  -0.0000000
   0.0000000  -0.0000000   0.0000000   0.0000000  -0.0000000  -0.0000000
   0.0000000  -0.0000000  -0.0000000  -0.0000000  -0.0000000   0.0000000
  -0.0000000   0.0000000   0.0000000  -0.0000000   0.0000000   0.0000000
  -0.0000000   0.0000000   0.0000000  -0.0000000   0.0000000  -0.0000000
   0.0000000  -0.0000000  -0.0000000  -0.0000000   0.0000000  -0.0000000
   0.0000000  -0.0000000   0.0000000  -0.0000000   0.0000000   0.0000000
   0.0000000  -0.0000000  -0.0000000  -0.0000000   0.0000000  -0.0000000
   0.0000000  -0.0000000   0.0000000   0.0000000  -0.0000000  -0.0000000
  -0.0000000   0.0000000  -0.0000000  -0.0000000   0.0000000   0.0000000
   0.0000000  -0.0000000  -0.0000000  -0.0000000   0.0000000  -0.0000000
   0.0000000  -0.0000000   0.0000000   0.0000000  -0.0000000   0.0000000
  -0.0000000   0.0000000  -0.0000000   0.0000000  -0.0000000   0.0000000
   0.0000000  -0.0000000   0.0000000  -0.0000000   0.0000000   0.0000000
   0.0000000  -0.0000000   0.0000000   0.0000000  -0.0000000  -0.0000000
  -0.0000000  -0.0000000   0.0000000  -0.0000000   0.0000000  -0.0000000
   0.0000000  -0.0000000  -0.0000000  -0.0000000   0.0000000  -0.0000000
  -0.0000000   0.0000000   0.0000000   0.0000000  -0.0000000   0.0000000
  -0.0000000   0.0000000   0.0000000  -0.0000000   0.0000000   0.0000000
   0.0000000  -0.0000000  -0.0000000   0.0000000  -0.0000000  -0.0000000
  -0.0000000   0.0000000   0.0000000   0.0000000  -0.0000000   0.0000000
   0.0000000  -0.0000000  -0.0000000   0.0000000  -0.0000000  -0.0000000
  -0.0000000   0.0000000   0.0000000  -0.0000000   0.0000000  -0.0000000
  -0.0000000   0.0000000   0.0000000  -0.0000000   0.0000000   0.0000000
  -0.0000000   0.0000000  -0.0000000  -0.0000000   0.0000000  -0.0000000
   0.0000000  -0.0000000  -0.0000000  -0.0000000   0.0000000   0.0000000
  -0.0000000   0.0000000  -0.0000000   0.0000000  -0.0000000  -0.0000000
  -0.0000000   0.0000000   0.0000000   0.0000000  -0.0000000   0.0000000
   0.0000000  -0.0000000  -0.0000000   0.0000000  -0.0000000  -0.0000000
  -0.0000000   0.0000000  -0.0000000
 TTTTTTTTTTTTTTTTTTTTTTTTTTTTTT MOQGAD      TELAPSE     5190.15 TCPU     5179.05
 TTTTTTTTTTTTTTTTTTTTTTTTTTTTTT SHELLXN     TELAPSE     5435.09 TCPU     5423.90
 TTTTTTTTTTTTTTTTTTTTTTTTTTTTTT MONMO3      TELAPSE     5452.99 TCPU     5441.80
 NUMERICALLY INTEGRATED DENSITY    921.0003654004    921.0003654004
 TTTTTTTTTTTTTTTTTTTTTTTTTTTTTT NUMDFT      TELAPSE     5485.69 TCPU     5474.49
 CYC   2 ETOT(AU) -2.147976328791E+04 DETOT -1.63E-05 tst  3.25E-10 PX  2.23E-04
 CYCLE  2 WAVE FUNCTION SAVED IN FORTRAN UNIT 79
 TTTTTTTTTTTTTTTTTTTTTTTTTTTTTT MPP_TRAF    TELAPSE     5491.30 TCPU     5479.43
 TTTTTTTTTTTTTTTTTTTTTTTTTTTTTT MPP_DIAG    TELAPSE     5496.36 TCPU     5484.49
 TTTTTTTTTTTTTTTTTTTTTTTTTTTTTT MPP_DIIS    TELAPSE     5496.39 TCPU     5484.51
 DIIS TEST: 0.31101E-03 AT SCF   CYCLE   2 - DIIS ACTIVE - HISTORY:     2 CYCLES
 MAXIMUM MEMORY OCCUPIED BY DIIS:     11.009 Mb PER CORE 
 TTTTTTTTTTTTTTTTTTTTTTTTTTTTTT MPP_TRAF    TELAPSE     5500.91 TCPU     5489.03
 TTTTTTTTTTTTTTTTTTTTTTTTTTTTTT MPP_DIAG    TELAPSE     5517.62 TCPU     5505.64

    ALPHA      ELECTRONS
 INSULATING STATE
 TOP OF VALENCE BANDS -    BAND    921; K    1; EIG -2.5022812E-01 AU
 BOTTOM OF VIRTUAL BANDS - BAND    922; K    2; EIG -1.3833619E-01 AU
 INDIRECT ENERGY BAND GAP:   3.0447 eV
 BOTTOM OF VIRTUAL BANDS - BAND    922; K    1; EIG -1.3696903E-01 AU

    BETA       ELECTRONS
 INSULATING STATE
 TOP OF VALENCE BANDS -    BAND    921; K    1; EIG -2.5022812E-01 AU
 BOTTOM OF VIRTUAL BANDS - BAND    922; K    2; EIG -1.3833619E-01 AU
 INDIRECT ENERGY BAND GAP:   3.0447 eV
 BOTTOM OF VIRTUAL BANDS - BAND    922; K    1; EIG -1.3696903E-01 AU
 TTTTTTTTTTTTTTTTTTTTTTTTTTTTTT FERMI       TELAPSE     5517.62 TCPU     5505.64
 TTTTTTTTTTTTTTTTTTTTTTTTTTTTTT MPP_PDIG    TELAPSE     5519.03 TCPU     5507.04
 TTTTTTTTTTTTTTTTTTTTTTTTTTTTTT MPP_PROT    TELAPSE     5519.31 TCPU     5507.32
 TTTTTTTTTTTTTTTTTTTTTTTTTTTTTT MPP_KSPA    TELAPSE     5519.31 TCPU     5507.32
 CHARGE NORMALIZATION FACTOR   1.00000000
 TOTAL ATOMIC CHARGES:
   9.1616959   9.3562210   9.2261965   9.1952735   9.2896886   9.1843633
   9.3510362   9.2326718   9.3540884  27.4223001  27.4233888  27.4247350
  27.4489468  27.4277587  27.4378265  27.4310849  27.4365091  27.4519445
   9.3075756   9.3002863   9.2933158   9.2988329   9.3040715   9.2973646
   9.2961213   9.2924865   9.3004942   9.3126663   9.2992012   9.3001734
   9.3205617   9.3030747   9.3114786   9.2927342   9.3298836   9.3163660
  27.4013240  27.4019342  27.4032443  27.4028832  27.4029658  27.4063904
  27.4043191  27.4030335  27.4070688   9.3278550   9.3305074   9.3271778
   9.3275431   9.3274134   9.3288207   9.3316697   9.3272378   9.3295144
   9.3024122   9.3026466   9.3031568   9.3034435   9.3050061   9.3051074
   9.3064726   9.3034575   9.3036678  27.4364396  27.4366654  27.4363325
  27.4368668  27.4375963  27.4368797  27.4365654  27.4362431  27.4374779
   9.2324112   9.2321987   9.2321220   9.2318025   9.2323133   9.2319064
   9.2322814   9.2323950   9.2326718   8.7319109   0.5853677   0.6866032
   8.6925543   0.6583253   0.6314186   0.6550465   8.6564224   0.6916524
   0.6367834   8.6915751   0.6537774   8.6633860   0.6588821   0.6512821
   8.7539745   0.6368055   0.6164182   0.6394064   8.7388696   0.6456785
   8.6309169   0.6250207   0.7188278   8.7578823   0.5349911   0.6945036
   8.7068757   0.7034069   0.5962978   8.5951211   0.7154115   0.6881715
   8.6456449   0.6488479   0.7172063   0.6107227   8.6814758   0.6969076
   0.6685289   8.6488998   0.6605008   8.6455187   0.6442762   0.6978907
   8.6765025   0.6601576   0.6630199   0.6623003   8.6870564   0.6716870
   8.7505328   0.6189023   0.6703160   8.6189769   0.6962339   0.6876062
   8.6318852   0.6859377   0.6565078   8.6418916   0.6998046   0.6645992
   8.7043954   0.6631325   0.6223171   0.6543961   8.6628351   0.6917378
   0.6957836   8.6515013   0.6410875   8.6400949   0.6584971   0.6917028
   8.7010055   0.6606914   0.6283972   0.6390044   8.7091494   0.6587386
   8.6285396   0.6704718   0.6772111   8.6651023   0.6779313   0.6828480
   8.6676724   0.7065320   0.6159870   8.6168872   0.7111463   0.6875249
   8.6665404   0.6567117   0.6735831   0.6155713   8.7094808   0.6899229
   0.6378543   8.6935264   0.6619625   8.6288545   0.6621420   0.6925649
   8.6948098   0.6520830   0.6676494   0.6237121   8.7255966   0.6554289
   8.6404551   0.6877242   0.6723569   8.6897754   0.6689530   0.6608315
   8.6572973   0.6763850   0.6570055   8.6732052   0.6986963   0.6265753
   8.6920616   0.6502010   0.6532864   0.6182538   8.7104935   0.6806171
   0.6593390   8.6693557   0.6487265   8.6535028   0.6563868   0.6777196
   8.7222784   0.6531192   0.6378217   0.6364681   8.6904049   0.6836270
   8.6322687   0.6904527   0.6922376   8.6978874   0.6766372   0.6436179
   8.6844524   0.7009651   0.6026976   8.6621753   0.6620480   0.6719401
   8.6738075   0.6317707   0.6872145   0.6351717   8.7001230   0.6653847
   0.7043691   8.6616001   0.6379997   8.6415595   0.6668850   0.6708403
   8.6986427   0.6128599   0.6972310   0.6356532   8.6834414   0.6666060
   8.6421824   0.6986314   0.6538998   8.6862076   0.6728401   0.6398844
   8.6795784   0.6912998   0.6199307
 SUMMED SPIN DENSITY           0.00000000
 TOTAL ATOMIC SPINS  :
   0.0000000   0.0000000   0.0000000  -0.0000000  -0.0000000  -0.0000000
  -0.0000000  -0.0000000  -0.0000000   0.0000000   0.0000000  -0.0000000
   0.0000000   0.0000000  -0.0000000  -0.0000000   0.0000000   0.0000000
  -0.0000000   0.0000000  -0.0000000   0.0000000   0.0000000   0.0000000
  -0.0000000  -0.0000000  -0.0000000  -0.0000000  -0.0000000  -0.0000000
  -0.0000000   0.0000000   0.0000000  -0.0000000   0.0000000   0.0000000
   0.0000000   0.0000000   0.0000000   0.0000000  -0.0000000   0.0000000
  -0.0000000  -0.0000000   0.0000000  -0.0000000  -0.0000000   0.0000000
  -0.0000000  -0.0000000  -0.0000000   0.0000000   0.0000000   0.0000000
  -0.0000000  -0.0000000  -0.0000000  -0.0000000   0.0000000   0.0000000
  -0.0000000   0.0000000   0.0000000   0.0000000   0.0000000  -0.0000000
   0.0000000   0.0000000   0.0000000  -0.0000000  -0.0000000  -0.0000000
   0.0000000  -0.0000000  -0.0000000   0.0000000   0.0000000   0.0000000
  -0.0000000   0.0000000  -0.0000000   0.0000000  -0.0000000   0.0000000
   0.0000000  -0.0000000  -0.0000000   0.0000000  -0.0000000   0.0000000
   0.0000000  -0.0000000   0.0000000   0.0000000  -0.0000000  -0.0000000
   0.0000000  -0.0000000  -0.0000000  -0.0000000   0.0000000  -0.0000000
  -0.0000000   0.0000000  -0.0000000   0.0000000  -0.0000000  -0.0000000
   0.0000000  -0.0000000  -0.0000000   0.0000000  -0.0000000  -0.0000000
   0.0000000  -0.0000000  -0.0000000  -0.0000000   0.0000000  -0.0000000
  -0.0000000   0.0000000  -0.0000000   0.0000000  -0.0000000   0.0000000
   0.0000000  -0.0000000  -0.0000000  -0.0000000   0.0000000  -0.0000000
  -0.0000000   0.0000000   0.0000000   0.0000000   0.0000000  -0.0000000
   0.0000000   0.0000000  -0.0000000   0.0000000  -0.0000000  -0.0000000
   0.0000000  -0.0000000  -0.0000000   0.0000000  -0.0000000   0.0000000
   0.0000000  -0.0000000   0.0000000  -0.0000000   0.0000000   0.0000000
  -0.0000000   0.0000000   0.0000000   0.0000000  -0.0000000   0.0000000
  -0.0000000  -0.0000000   0.0000000  -0.0000000   0.0000000   0.0000000
   0.0000000  -0.0000000  -0.0000000   0.0000000  -0.0000000  -0.0000000
   0.0000000  -0.0000000  -0.0000000  -0.0000000  -0.0000000  -0.0000000
  -0.0000000   0.0000000  -0.0000000  -0.0000000   0.0000000   0.0000000
   0.0000000  -0.0000000  -0.0000000   0.0000000  -0.0000000   0.0000000
   0.0000000  -0.0000000  -0.0000000   0.0000000  -0.0000000  -0.0000000
  -0.0000000   0.0000000   0.0000000   0.0000000  -0.0000000  -0.0000000
   0.0000000   0.0000000  -0.0000000  -0.0000000   0.0000000  -0.0000000
  -0.0000000   0.0000000  -0.0000000  -0.0000000   0.0000000   0.0000000
  -0.0000000   0.0000000  -0.0000000   0.0000000  -0.0000000   0.0000000
   0.0000000   0.0000000  -0.0000000   0.0000000  -0.0000000  -0.0000000
   0.0000000  -0.0000000  -0.0000000   0.0000000  -0.0000000  -0.0000000
   0.0000000  -0.0000000  -0.0000000  -0.0000000   0.0000000  -0.0000000
  -0.0000000   0.0000000  -0.0000000  -0.0000000   0.0000000   0.0000000
   0.0000000  -0.0000000  -0.0000000   0.0000000  -0.0000000   0.0000000
  -0.0000000   0.0000000   0.0000000  -0.0000000   0.0000000   0.0000000
  -0.0000000   0.0000000   0.0000000
 TTTTTTTTTTTTTTTTTTTTTTTTTTTTTT MOQGAD      TELAPSE     5519.38 TCPU     5507.38
 TTTTTTTTTTTTTTTTTTTTTTTTTTTTTT SHELLXN     TELAPSE     5764.97 TCPU     5752.90
 TTTTTTTTTTTTTTTTTTTTTTTTTTTTTT MONMO3      TELAPSE     5782.21 TCPU     5770.13
 NUMERICALLY INTEGRATED DENSITY    921.0003654945    921.0003654945
 TTTTTTTTTTTTTTTTTTTTTTTTTTTTTT NUMDFT      TELAPSE     5814.83 TCPU     5802.75
 CYC   3 ETOT(AU) -2.147976325326E+04 DETOT  3.47E-05 tst  1.36E-08 PX  2.03E-03
 CYCLE  3 WAVE FUNCTION SAVED IN FORTRAN UNIT 79
 TTTTTTTTTTTTTTTTTTTTTTTTTTTTTT MPP_TRAF    TELAPSE     5820.53 TCPU     5807.42
 TTTTTTTTTTTTTTTTTTTTTTTTTTTTTT MPP_DIAG    TELAPSE     5825.84 TCPU     5812.72
 TTTTTTTTTTTTTTTTTTTTTTTTTTTTTT MPP_DIIS    TELAPSE     5825.86 TCPU     5812.74
 DIIS TEST: 0.53674E-03 AT SCF   CYCLE   3 - DIIS ACTIVE - HISTORY:     3 CYCLES
 MAXIMUM MEMORY OCCUPIED BY DIIS:     16.513 Mb PER CORE 
 TTTTTTTTTTTTTTTTTTTTTTTTTTTTTT MPP_TRAF    TELAPSE     5830.44 TCPU     5817.31
 TTTTTTTTTTTTTTTTTTTTTTTTTTTTTT MPP_DIAG    TELAPSE     5847.10 TCPU     5833.87

    ALPHA      ELECTRONS
 INSULATING STATE
 TOP OF VALENCE BANDS -    BAND    921; K    1; EIG -2.4996710E-01 AU
 BOTTOM OF VIRTUAL BANDS - BAND    922; K    2; EIG -1.3839828E-01 AU
 INDIRECT ENERGY BAND GAP:   3.0359 eV
 BOTTOM OF VIRTUAL BANDS - BAND    922; K    1; EIG -1.3703156E-01 AU

    BETA       ELECTRONS
 INSULATING STATE
 TOP OF VALENCE BANDS -    BAND    921; K    1; EIG -2.4996710E-01 AU
 BOTTOM OF VIRTUAL BANDS - BAND    922; K    2; EIG -1.3839828E-01 AU
 INDIRECT ENERGY BAND GAP:   3.0359 eV
 BOTTOM OF VIRTUAL BANDS - BAND    922; K    1; EIG -1.3703156E-01 AU
 TTTTTTTTTTTTTTTTTTTTTTTTTTTTTT FERMI       TELAPSE     5847.10 TCPU     5833.87
 TTTTTTTTTTTTTTTTTTTTTTTTTTTTTT MPP_PDIG    TELAPSE     5848.50 TCPU     5835.27
 TTTTTTTTTTTTTTTTTTTTTTTTTTTTTT MPP_PROT    TELAPSE     5848.78 TCPU     5835.54
 TTTTTTTTTTTTTTTTTTTTTTTTTTTTTT MPP_KSPA    TELAPSE     5848.78 TCPU     5835.54
 CHARGE NORMALIZATION FACTOR   1.00000000
 TOTAL ATOMIC CHARGES:
   9.1635808   9.3567906   9.2265990   9.1937474   9.2918143   9.1836926
   9.3510006   9.2329248   9.3548691  27.4318976  27.4198719  27.4206938
  27.4486642  27.4264703  27.4367100  27.4299933  27.4397392  27.4508402
   9.3076028   9.3013750   9.2933536   9.2979410   9.3043258   9.2978065
   9.2959207   9.2920209   9.3004288   9.3125034   9.2994906   9.3005799
   9.3203932   9.3027458   9.3114857   9.2927536   9.3297812   9.3166097
  27.4040424  27.4031919  27.4023653  27.4043894  27.4047578  27.4058798
  27.4058641  27.4029030  27.4059126   9.3271345   9.3300886   9.3267921
   9.3266939   9.3268600   9.3285191   9.3310257   9.3267155   9.3292035
   9.3023139   9.3026598   9.3031403   9.3033576   9.3050117   9.3052204
   9.3063931   9.3033815   9.3036935  27.4359585  27.4364941  27.4363629
  27.4365249  27.4364096  27.4361576  27.4363332  27.4358218  27.4366757
   9.2321323   9.2320699   9.2319887   9.2316403   9.2319951   9.2318276
   9.2320269   9.2320503   9.2322647   8.7317672   0.5855148   0.6867280
   8.6923853   0.6584969   0.6314176   0.6549797   8.6565708   0.6916383
   0.6368214   8.6916640   0.6537307   8.6633318   0.6588129   0.6512470
   8.7539982   0.6368284   0.6164384   0.6394324   8.7388412   0.6457185
   8.6305879   0.6252277   0.7189795   8.7580363   0.5349827   0.6944779
   8.7069301   0.7034309   0.5962739   8.5951100   0.7153974   0.6882233
   8.6455697   0.6489286   0.7172061   0.6107375   8.6814786   0.6968998
   0.6686606   8.6484560   0.6607138   8.6455150   0.6442684   0.6979124
   8.6765454   0.6601388   0.6630493   0.6623081   8.6870448   0.6716872
   8.7504443   0.6189484   0.6702996   8.6192648   0.6961132   0.6875293
   8.6318851   0.6859696   0.6564743   8.6420682   0.6997084   0.6645888
   8.7044763   0.6630640   0.6223104   0.6544174   8.6628423   0.6917127
   0.6957488   8.6515061   0.6411023   8.6400097   0.6585009   0.6917461
   8.7010325   0.6606837   0.6283608   0.6390053   8.7091171   0.6587800
   8.6288611   0.6703557   0.6770953   8.6650594   0.6779440   0.6828345
   8.6676550   0.7065664   0.6159752   8.6169683   0.7111447   0.6874688
   8.6666963   0.6566738   0.6734877   0.6155751   8.7095480   0.6899062
   0.6377566   8.6934594   0.6621491   8.6288052   0.6621633   0.6925666
   8.6949564   0.6520271   0.6676055   0.6237324   8.7256266   0.6553949
   8.6406537   0.6876372   0.6722488   8.6899209   0.6688501   0.6607561
   8.6574200   0.6762881   0.6569696   8.6730818   0.6987674   0.6266135
   8.6922601   0.6501383   0.6532016   0.6183041   8.7102677   0.6807223
   0.6593643   8.6693242   0.6487331   8.6535684   0.6563426   0.6776800
   8.7222982   0.6531081   0.6377608   0.6364635   8.6904584   0.6836339
   8.6324320   0.6903621   0.6921620   8.6980724   0.6765665   0.6435833
   8.6844685   0.7009752   0.6026743   8.6621462   0.6620643   0.6719336
   8.6738725   0.6317641   0.6871645   0.6351786   8.7001017   0.6653949
   0.7044180   8.6615204   0.6380343   8.6415017   0.6668859   0.6708670
   8.6986459   0.6128704   0.6972056   0.6356601   8.6834741   0.6665729
   8.6421761   0.6986134   0.6539141   8.6861394   0.6728914   0.6398704
   8.6795764   0.6913051   0.6199304
 SUMMED SPIN DENSITY           0.00000000
 TOTAL ATOMIC SPINS  :
   0.0000000  -0.0000000   0.0000000  -0.0000000   0.0000000  -0.0000000
  -0.0000000  -0.0000000  -0.0000000   0.0000000   0.0000000  -0.0000000
   0.0000000  -0.0000000  -0.0000000  -0.0000000   0.0000000   0.0000000
  -0.0000000   0.0000000  -0.0000000  -0.0000000   0.0000000   0.0000000
  -0.0000000  -0.0000000  -0.0000000  -0.0000000  -0.0000000   0.0000000
  -0.0000000   0.0000000   0.0000000  -0.0000000   0.0000000   0.0000000
   0.0000000   0.0000000   0.0000000   0.0000000  -0.0000000   0.0000000
  -0.0000000  -0.0000000   0.0000000  -0.0000000  -0.0000000   0.0000000
  -0.0000000  -0.0000000  -0.0000000   0.0000000   0.0000000   0.0000000
  -0.0000000  -0.0000000  -0.0000000  -0.0000000   0.0000000   0.0000000
  -0.0000000   0.0000000   0.0000000   0.0000000   0.0000000  -0.0000000
   0.0000000   0.0000000   0.0000000  -0.0000000  -0.0000000  -0.0000000
   0.0000000   0.0000000  -0.0000000  -0.0000000   0.0000000   0.0000000
  -0.0000000   0.0000000  -0.0000000   0.0000000  -0.0000000   0.0000000
   0.0000000  -0.0000000  -0.0000000   0.0000000  -0.0000000   0.0000000
   0.0000000  -0.0000000   0.0000000   0.0000000  -0.0000000  -0.0000000
   0.0000000  -0.0000000  -0.0000000  -0.0000000   0.0000000  -0.0000000
  -0.0000000   0.0000000   0.0000000   0.0000000  -0.0000000  -0.0000000
   0.0000000  -0.0000000  -0.0000000   0.0000000  -0.0000000  -0.0000000
   0.0000000  -0.0000000  -0.0000000  -0.0000000   0.0000000  -0.0000000
  -0.0000000   0.0000000  -0.0000000   0.0000000  -0.0000000   0.0000000
   0.0000000  -0.0000000  -0.0000000  -0.0000000   0.0000000  -0.0000000
  -0.0000000   0.0000000   0.0000000  -0.0000000   0.0000000   0.0000000
  -0.0000000   0.0000000  -0.0000000   0.0000000   0.0000000  -0.0000000
   0.0000000  -0.0000000  -0.0000000   0.0000000  -0.0000000   0.0000000
   0.0000000  -0.0000000   0.0000000   0.0000000   0.0000000  -0.0000000
  -0.0000000   0.0000000   0.0000000   0.0000000  -0.0000000   0.0000000
  -0.0000000  -0.0000000   0.0000000  -0.0000000   0.0000000   0.0000000
   0.0000000  -0.0000000  -0.0000000   0.0000000  -0.0000000  -0.0000000
   0.0000000  -0.0000000  -0.0000000  -0.0000000   0.0000000  -0.0000000
  -0.0000000   0.0000000  -0.0000000   0.0000000  -0.0000000  -0.0000000
   0.0000000  -0.0000000  -0.0000000   0.0000000  -0.0000000   0.0000000
  -0.0000000  -0.0000000   0.0000000   0.0000000  -0.0000000  -0.0000000
  -0.0000000   0.0000000   0.0000000   0.0000000  -0.0000000  -0.0000000
  -0.0000000   0.0000000  -0.0000000  -0.0000000   0.0000000  -0.0000000
  -0.0000000   0.0000000  -0.0000000  -0.0000000   0.0000000  -0.0000000
  -0.0000000   0.0000000  -0.0000000   0.0000000  -0.0000000   0.0000000
  -0.0000000   0.0000000  -0.0000000   0.0000000  -0.0000000  -0.0000000
   0.0000000   0.0000000  -0.0000000   0.0000000  -0.0000000  -0.0000000
   0.0000000  -0.0000000  -0.0000000  -0.0000000   0.0000000  -0.0000000
  -0.0000000   0.0000000  -0.0000000  -0.0000000   0.0000000   0.0000000
   0.0000000  -0.0000000  -0.0000000   0.0000000  -0.0000000   0.0000000
  -0.0000000   0.0000000   0.0000000  -0.0000000   0.0000000   0.0000000
  -0.0000000   0.0000000   0.0000000
 TTTTTTTTTTTTTTTTTTTTTTTTTTTTTT MOQGAD      TELAPSE     5848.85 TCPU     5835.61
 TTTTTTTTTTTTTTTTTTTTTTTTTTTTTT SHELLXN     TELAPSE     6094.69 TCPU     6081.38
 TTTTTTTTTTTTTTTTTTTTTTTTTTTTTT MONMO3      TELAPSE     6111.32 TCPU     6098.00
 NUMERICALLY INTEGRATED DENSITY    921.0003654600    921.0003654600
 TTTTTTTTTTTTTTTTTTTTTTTTTTTTTT NUMDFT      TELAPSE     6143.77 TCPU     6130.44
 CYC   4 ETOT(AU) -2.147976330080E+04 DETOT -4.75E-05 tst  3.67E-08 PX  3.07E-03
 CYCLE  4 WAVE FUNCTION SAVED IN FORTRAN UNIT 79
 TTTTTTTTTTTTTTTTTTTTTTTTTTTTTT MPP_TRAF    TELAPSE     6149.44 TCPU     6135.25
 TTTTTTTTTTTTTTTTTTTTTTTTTTTTTT MPP_DIAG    TELAPSE     6154.80 TCPU     6140.60
 TTTTTTTTTTTTTTTTTTTTTTTTTTTTTT MPP_DIIS    TELAPSE     6154.83 TCPU     6140.63
 DIIS TEST: 0.64895E-04 AT SCF   CYCLE   4 - DIIS ACTIVE - HISTORY:     4 CYCLES
 MAXIMUM MEMORY OCCUPIED BY DIIS:     22.017 Mb PER CORE 
 TTTTTTTTTTTTTTTTTTTTTTTTTTTTTT MPP_TRAF    TELAPSE     6159.45 TCPU     6145.25
 TTTTTTTTTTTTTTTTTTTTTTTTTTTTTT MPP_DIAG    TELAPSE     6176.11 TCPU     6161.80

    ALPHA      ELECTRONS
 INSULATING STATE
 TOP OF VALENCE BANDS -    BAND    921; K    1; EIG -2.4992353E-01 AU
 BOTTOM OF VIRTUAL BANDS - BAND    922; K    2; EIG -1.3837982E-01 AU
 INDIRECT ENERGY BAND GAP:   3.0353 eV
 BOTTOM OF VIRTUAL BANDS - BAND    922; K    1; EIG -1.3705656E-01 AU

    BETA       ELECTRONS
 INSULATING STATE
 TOP OF VALENCE BANDS -    BAND    921; K    1; EIG -2.4992353E-01 AU
 BOTTOM OF VIRTUAL BANDS - BAND    922; K    2; EIG -1.3837982E-01 AU
 INDIRECT ENERGY BAND GAP:   3.0353 eV
 BOTTOM OF VIRTUAL BANDS - BAND    922; K    1; EIG -1.3705656E-01 AU
 TTTTTTTTTTTTTTTTTTTTTTTTTTTTTT FERMI       TELAPSE     6176.11 TCPU     6161.80
 TTTTTTTTTTTTTTTTTTTTTTTTTTTTTT MPP_PDIG    TELAPSE     6177.51 TCPU     6163.20
 TTTTTTTTTTTTTTTTTTTTTTTTTTTTTT MPP_PROT    TELAPSE     6177.79 TCPU     6163.47
 TTTTTTTTTTTTTTTTTTTTTTTTTTTTTT MPP_KSPA    TELAPSE     6177.79 TCPU     6163.47
 CHARGE NORMALIZATION FACTOR   1.00000000
 TOTAL ATOMIC CHARGES:
   9.1640945   9.3568499   9.2271897   9.1940028   9.2919566   9.1835754
   9.3508277   9.2322656   9.3547981  27.4269407  27.4217158  27.4228271
  27.4487666  27.4269841  27.4372129  27.4309622  27.4384465  27.4514690
   9.3080099   9.3015041   9.2935066   9.2980424   9.3040034   9.2975645
   9.2959218   9.2920425   9.3000919   9.3126604   9.2998556   9.3004803
   9.3204581   9.3027345   9.3114493   9.2928140   9.3298367   9.3164291
  27.4029136  27.4026868  27.4025881  27.4039039  27.4041517  27.4061120
  27.4053665  27.4030599  27.4063904   9.3273340   9.3301179   9.3267854
   9.3268765   9.3269258   9.3285155   9.3311183   9.3267228   9.3292134
   9.3023128   9.3025947   9.3030778   9.3033360   9.3049516   9.3050833
   9.3063519   9.3033273   9.3036067  27.4360818  27.4365315  27.4362551
  27.4365669  27.4369260  27.4364065  27.4363647  27.4360329  27.4369783
   9.2320983   9.2319675   9.2318578   9.2315462   9.2319670   9.2316694
   9.2319735   9.2320309   9.2322482   8.7316593   0.5855309   0.6867573
   8.6924084   0.6585125   0.6314096   0.6549527   8.6565498   0.6916640
   0.6368200   8.6916585   0.6537027   8.6633816   0.6588325   0.6512793
   8.7539599   0.6368421   0.6164346   0.6394418   8.7388697   0.6457246
   8.6307721   0.6251970   0.7188811   8.7579881   0.5349869   0.6945121
   8.7068845   0.7034199   0.5962714   8.5950981   0.7153922   0.6882466
   8.6456026   0.6489648   0.7171647   0.6107523   8.6814620   0.6969065
   0.6685886   8.6485929   0.6607125   8.6455357   0.6442496   0.6979136
   8.6765408   0.6601440   0.6630651   0.6623112   8.6870662   0.6716851
   8.7504742   0.6189543   0.6702558   8.6191621   0.6961242   0.6875675
   8.6318769   0.6859812   0.6564626   8.6420196   0.6997139   0.6646478
   8.7044661   0.6630518   0.6223160   0.6544260   8.6628319   0.6917050
   0.6957281   8.6515284   0.6411143   8.6400671   0.6584657   0.6917393
   8.7009672   0.6606860   0.6283481   0.6389917   8.7091638   0.6587884
   8.6287528   0.6703977   0.6771143   8.6650877   0.6779351   0.6828162
   8.6676419   0.7065856   0.6159706   8.6169861   0.7111717   0.6874576
   8.6666808   0.6567015   0.6734671   0.6155984   8.7094769   0.6899218
   0.6376652   8.6934658   0.6622615   8.6288269   0.6621541   0.6925573
   8.6949064   0.6520462   0.6676299   0.6237482   8.7256585   0.6553776
   8.6406270   0.6876616   0.6722369   8.6899398   0.6688154   0.6607389
   8.6573889   0.6762838   0.6569867   8.6731546   0.6987635   0.6266041
   8.6921848   0.6501588   0.6532220   0.6182718   8.7103681   0.6807089
   0.6593703   8.6693528   0.6487163   8.6535788   0.6563368   0.6776773
   8.7223444   0.6531003   0.6377171   0.6364822   8.6904194   0.6836647
   8.6323899   0.6903613   0.6921747   8.6980083   0.6765887   0.6436115
   8.6844624   0.7009890   0.6026660   8.6621743   0.6620707   0.6719168
   8.6738227   0.6317816   0.6871653   0.6351821   8.7000690   0.6653928
   0.7044223   8.6615405   0.6380273   8.6415203   0.6668640   0.6708589
   8.6986490   0.6128755   0.6971911   0.6356768   8.6834830   0.6665627
   8.6421728   0.6986033   0.6539246   8.6861788   0.6729010   0.6398365
   8.6795729   0.6913029   0.6199293
 SUMMED SPIN DENSITY           0.00000000
 TOTAL ATOMIC SPINS  :
   0.0000000  -0.0000000   0.0000000  -0.0000000   0.0000000  -0.0000000
  -0.0000000  -0.0000000  -0.0000000   0.0000000   0.0000000  -0.0000000
   0.0000000   0.0000000  -0.0000000  -0.0000000   0.0000000   0.0000000
  -0.0000000   0.0000000   0.0000000  -0.0000000   0.0000000   0.0000000
  -0.0000000  -0.0000000  -0.0000000   0.0000000  -0.0000000  -0.0000000
  -0.0000000   0.0000000  -0.0000000  -0.0000000   0.0000000   0.0000000
   0.0000000   0.0000000  -0.0000000   0.0000000  -0.0000000   0.0000000
  -0.0000000  -0.0000000   0.0000000  -0.0000000  -0.0000000  -0.0000000
   0.0000000  -0.0000000  -0.0000000   0.0000000   0.0000000  -0.0000000
  -0.0000000  -0.0000000   0.0000000  -0.0000000   0.0000000   0.0000000
   0.0000000   0.0000000   0.0000000   0.0000000   0.0000000  -0.0000000
   0.0000000   0.0000000   0.0000000  -0.0000000  -0.0000000  -0.0000000
   0.0000000   0.0000000  -0.0000000  -0.0000000   0.0000000   0.0000000
  -0.0000000   0.0000000  -0.0000000   0.0000000  -0.0000000  -0.0000000
   0.0000000  -0.0000000   0.0000000   0.0000000  -0.0000000   0.0000000
   0.0000000  -0.0000000  -0.0000000  -0.0000000   0.0000000   0.0000000
   0.0000000  -0.0000000  -0.0000000  -0.0000000   0.0000000  -0.0000000
  -0.0000000   0.0000000   0.0000000   0.0000000  -0.0000000  -0.0000000
   0.0000000  -0.0000000  -0.0000000   0.0000000  -0.0000000  -0.0000000
   0.0000000  -0.0000000  -0.0000000   0.0000000   0.0000000  -0.0000000
  -0.0000000   0.0000000  -0.0000000   0.0000000  -0.0000000  -0.0000000
   0.0000000   0.0000000  -0.0000000  -0.0000000   0.0000000  -0.0000000
  -0.0000000   0.0000000   0.0000000  -0.0000000   0.0000000  -0.0000000
   0.0000000   0.0000000  -0.0000000   0.0000000  -0.0000000  -0.0000000
  -0.0000000   0.0000000   0.0000000   0.0000000  -0.0000000   0.0000000
   0.0000000  -0.0000000   0.0000000  -0.0000000   0.0000000   0.0000000
  -0.0000000   0.0000000   0.0000000   0.0000000  -0.0000000   0.0000000
  -0.0000000   0.0000000   0.0000000  -0.0000000   0.0000000   0.0000000
   0.0000000  -0.0000000  -0.0000000   0.0000000  -0.0000000  -0.0000000
   0.0000000  -0.0000000  -0.0000000  -0.0000000   0.0000000  -0.0000000
  -0.0000000   0.0000000  -0.0000000  -0.0000000   0.0000000   0.0000000
   0.0000000  -0.0000000  -0.0000000   0.0000000  -0.0000000   0.0000000
   0.0000000  -0.0000000   0.0000000  -0.0000000  -0.0000000   0.0000000
  -0.0000000   0.0000000   0.0000000   0.0000000  -0.0000000  -0.0000000
  -0.0000000   0.0000000  -0.0000000  -0.0000000   0.0000000  -0.0000000
  -0.0000000   0.0000000  -0.0000000  -0.0000000   0.0000000   0.0000000
  -0.0000000   0.0000000  -0.0000000   0.0000000  -0.0000000   0.0000000
   0.0000000  -0.0000000  -0.0000000   0.0000000  -0.0000000  -0.0000000
   0.0000000   0.0000000  -0.0000000   0.0000000  -0.0000000  -0.0000000
   0.0000000  -0.0000000  -0.0000000  -0.0000000   0.0000000  -0.0000000
  -0.0000000   0.0000000   0.0000000  -0.0000000   0.0000000   0.0000000
   0.0000000  -0.0000000  -0.0000000   0.0000000  -0.0000000   0.0000000
  -0.0000000   0.0000000   0.0000000   0.0000000  -0.0000000  -0.0000000
  -0.0000000   0.0000000   0.0000000
 TTTTTTTTTTTTTTTTTTTTTTTTTTTTTT MOQGAD      TELAPSE     6177.86 TCPU     6163.54
 TTTTTTTTTTTTTTTTTTTTTTTTTTTTTT SHELLXN     TELAPSE     6423.94 TCPU     6409.55
 TTTTTTTTTTTTTTTTTTTTTTTTTTTTTT MONMO3      TELAPSE     6440.90 TCPU     6426.50
 NUMERICALLY INTEGRATED DENSITY    921.0003654407    921.0003654407
 TTTTTTTTTTTTTTTTTTTTTTTTTTTTTT NUMDFT      TELAPSE     6473.62 TCPU     6459.21
 CYC   5 ETOT(AU) -2.147976330432E+04 DETOT -3.52E-06 tst  8.69E-09 PX  1.59E-03
 CYCLE  5 WAVE FUNCTION SAVED IN FORTRAN UNIT 79
 TTTTTTTTTTTTTTTTTTTTTTTTTTTTTT MPP_TRAF    TELAPSE     6479.26 TCPU     6463.84
 TTTTTTTTTTTTTTTTTTTTTTTTTTTTTT MPP_DIAG    TELAPSE     6485.15 TCPU     6469.72
 TTTTTTTTTTTTTTTTTTTTTTTTTTTTTT MPP_DIIS    TELAPSE     6485.17 TCPU     6469.74
 DIIS TEST: 0.33368E-04 AT SCF   CYCLE   5 - DIIS ACTIVE - HISTORY:     5 CYCLES
 MAXIMUM MEMORY OCCUPIED BY DIIS:     27.521 Mb PER CORE 
 TTTTTTTTTTTTTTTTTTTTTTTTTTTTTT MPP_TRAF    TELAPSE     6490.02 TCPU     6474.58
 TTTTTTTTTTTTTTTTTTTTTTTTTTTTTT MPP_DIAG    TELAPSE     6506.63 TCPU     6491.09

    ALPHA      ELECTRONS
 INSULATING STATE
 TOP OF VALENCE BANDS -    BAND    921; K    1; EIG -2.4998242E-01 AU
 BOTTOM OF VIRTUAL BANDS - BAND    922; K    2; EIG -1.3835565E-01 AU
 INDIRECT ENERGY BAND GAP:   3.0375 eV
 BOTTOM OF VIRTUAL BANDS - BAND    922; K    1; EIG -1.3700051E-01 AU

    BETA       ELECTRONS
 INSULATING STATE
 TOP OF VALENCE BANDS -    BAND    921; K    1; EIG -2.4998242E-01 AU
 BOTTOM OF VIRTUAL BANDS - BAND    922; K    2; EIG -1.3835565E-01 AU
 INDIRECT ENERGY BAND GAP:   3.0375 eV
 BOTTOM OF VIRTUAL BANDS - BAND    922; K    1; EIG -1.3700051E-01 AU
 TTTTTTTTTTTTTTTTTTTTTTTTTTTTTT FERMI       TELAPSE     6506.64 TCPU     6491.09
 TTTTTTTTTTTTTTTTTTTTTTTTTTTTTT MPP_PDIG    TELAPSE     6508.04 TCPU     6492.49
 TTTTTTTTTTTTTTTTTTTTTTTTTTTTTT MPP_PROT    TELAPSE     6508.31 TCPU     6492.77
 TTTTTTTTTTTTTTTTTTTTTTTTTTTTTT MPP_KSPA    TELAPSE     6508.31 TCPU     6492.77
 CHARGE NORMALIZATION FACTOR   1.00000000
 TOTAL ATOMIC CHARGES:
   9.1636262   9.3567622   9.2267832   9.1938756   9.2918066   9.1836089
   9.3508406   9.2325059   9.3547345  27.4290593  27.4208560  27.4218663
  27.4486486  27.4267315  27.4369918  27.4304540  27.4389438  27.4511740
   9.3078253   9.3013671   9.2934582   9.2980666   9.3041794   9.2976567
   9.2959380   9.2921227   9.3003215   9.3125543   9.2996163   9.3004317
   9.3204536   9.3027762   9.3114538   9.2927125   9.3297825   9.3164658
  27.4032407  27.4027766  27.4025997  27.4039888  27.4042623  27.4060340
  27.4054122  27.4029608  27.4062839   9.3273298   9.3301829   9.3268579
   9.3269068   9.3269730   9.3285884   9.3311865   9.3268294   9.3292867
   9.3023166   9.3026368   9.3031132   9.3033606   9.3049932   9.3051549
   9.3063885   9.3033753   9.3036565  27.4360762  27.4365308  27.4363514
  27.4366119  27.4367296  27.4363546  27.4363910  27.4359454  27.4368927
   9.2321753   9.2320750   9.2319892   9.2316522   9.2320545   9.2318176
   9.2320639   9.2321138   9.2323408   8.7317039   0.5854991   0.6867587
   8.6924309   0.6585132   0.6313918   0.6549612   8.6565076   0.6916821
   0.6368166   8.6916398   0.6537134   8.6633627   0.6587872   0.6512782
   8.7539534   0.6368286   0.6164386   0.6394453   8.7388764   0.6457100
   8.6308531   0.6252083   0.7188313   8.7579580   0.5349920   0.6945093
   8.7068714   0.7034215   0.5962616   8.5950939   0.7153964   0.6882455
   8.6456186   0.6489737   0.7171444   0.6107545   8.6814569   0.6969105
   0.6685454   8.6486911   0.6606907   8.6455497   0.6442357   0.6979197
   8.6765299   0.6601524   0.6630649   0.6623135   8.6870669   0.6716896
   8.7505119   0.6189470   0.6702396   8.6190938   0.6961514   0.6875919
   8.6318630   0.6859986   0.6564574   8.6419717   0.6997300   0.6646759
   8.7044498   0.6630603   0.6223199   0.6544244   8.6628326   0.6917014
   0.6957294   8.6515259   0.6411191   8.6400926   0.6584555   0.6917328
   8.7009577   0.6606784   0.6283451   0.6389896   8.7091730   0.6587887
   8.6286759   0.6704281   0.6771314   8.6651002   0.6779288   0.6828127
   8.6676419   0.7065876   0.6159697   8.6169720   0.7111877   0.6874637
   8.6666554   0.6567232   0.6734671   0.6156047   8.7094560   0.6899235
   0.6376387   8.6934766   0.6622861   8.6288405   0.6621485   0.6925543
   8.6948699   0.6520616   0.6676443   0.6237547   8.7256549   0.6553800
   8.6405848   0.6876865   0.6722458   8.6899219   0.6688175   0.6607443
   8.6573587   0.6762982   0.6569986   8.6731810   0.6987588   0.6266011
   8.6921372   0.6501749   0.6532394   0.6182537   8.7104234   0.6806949
   0.6593716   8.6693615   0.6487095   8.6535653   0.6563435   0.6776842
   8.7223518   0.6531011   0.6377117   0.6364907   8.6904013   0.6836743
   8.6323546   0.6903720   0.6921890   8.6979632   0.6766061   0.6436256
   8.6844575   0.7009948   0.6026649   8.6621809   0.6620742   0.6719129
   8.6738060   0.6317857   0.6871693   0.6351782   8.7000713   0.6653867
   0.7044191   8.6615548   0.6380216   8.6415372   0.6668550   0.6708514
   8.6986517   0.6128751   0.6971892   0.6356851   8.6834762   0.6665649
   8.6421743   0.6986013   0.6539258   8.6861953   0.6729013   0.6398269
   8.6795733   0.6913008   0.6199293
 SUMMED SPIN DENSITY           0.00000000
 TOTAL ATOMIC SPINS  :
   0.0000000  -0.0000000   0.0000000   0.0000000   0.0000000  -0.0000000
  -0.0000000  -0.0000000  -0.0000000   0.0000000   0.0000000  -0.0000000
   0.0000000   0.0000000   0.0000000   0.0000000  -0.0000000   0.0000000
  -0.0000000   0.0000000  -0.0000000  -0.0000000   0.0000000   0.0000000
  -0.0000000   0.0000000  -0.0000000  -0.0000000   0.0000000  -0.0000000
  -0.0000000   0.0000000   0.0000000  -0.0000000   0.0000000   0.0000000
   0.0000000   0.0000000  -0.0000000   0.0000000  -0.0000000   0.0000000
   0.0000000  -0.0000000   0.0000000  -0.0000000  -0.0000000  -0.0000000
   0.0000000  -0.0000000  -0.0000000  -0.0000000   0.0000000  -0.0000000
  -0.0000000  -0.0000000   0.0000000  -0.0000000   0.0000000  -0.0000000
   0.0000000   0.0000000   0.0000000   0.0000000   0.0000000  -0.0000000
   0.0000000   0.0000000   0.0000000   0.0000000  -0.0000000  -0.0000000
  -0.0000000   0.0000000  -0.0000000  -0.0000000   0.0000000   0.0000000
  -0.0000000   0.0000000  -0.0000000   0.0000000  -0.0000000  -0.0000000
  -0.0000000  -0.0000000   0.0000000   0.0000000  -0.0000000   0.0000000
   0.0000000  -0.0000000   0.0000000  -0.0000000  -0.0000000   0.0000000
   0.0000000  -0.0000000  -0.0000000  -0.0000000   0.0000000  -0.0000000
   0.0000000   0.0000000  -0.0000000   0.0000000  -0.0000000  -0.0000000
   0.0000000  -0.0000000  -0.0000000   0.0000000  -0.0000000  -0.0000000
  -0.0000000  -0.0000000   0.0000000   0.0000000   0.0000000  -0.0000000
  -0.0000000   0.0000000  -0.0000000   0.0000000  -0.0000000  -0.0000000
   0.0000000  -0.0000000  -0.0000000  -0.0000000   0.0000000  -0.0000000
  -0.0000000   0.0000000   0.0000000  -0.0000000   0.0000000   0.0000000
   0.0000000   0.0000000  -0.0000000   0.0000000  -0.0000000  -0.0000000
   0.0000000  -0.0000000  -0.0000000   0.0000000  -0.0000000   0.0000000
   0.0000000  -0.0000000   0.0000000  -0.0000000   0.0000000   0.0000000
  -0.0000000   0.0000000   0.0000000   0.0000000  -0.0000000   0.0000000
  -0.0000000  -0.0000000   0.0000000  -0.0000000   0.0000000   0.0000000
   0.0000000  -0.0000000  -0.0000000   0.0000000  -0.0000000  -0.0000000
   0.0000000  -0.0000000  -0.0000000  -0.0000000   0.0000000  -0.0000000
  -0.0000000   0.0000000  -0.0000000   0.0000000   0.0000000   0.0000000
   0.0000000  -0.0000000  -0.0000000   0.0000000  -0.0000000   0.0000000
   0.0000000  -0.0000000  -0.0000000   0.0000000  -0.0000000  -0.0000000
   0.0000000   0.0000000  -0.0000000   0.0000000  -0.0000000  -0.0000000
   0.0000000   0.0000000  -0.0000000  -0.0000000   0.0000000  -0.0000000
  -0.0000000   0.0000000  -0.0000000   0.0000000  -0.0000000  -0.0000000
  -0.0000000   0.0000000  -0.0000000   0.0000000  -0.0000000   0.0000000
  -0.0000000   0.0000000   0.0000000   0.0000000  -0.0000000  -0.0000000
   0.0000000  -0.0000000  -0.0000000   0.0000000  -0.0000000  -0.0000000
   0.0000000  -0.0000000  -0.0000000  -0.0000000   0.0000000  -0.0000000
  -0.0000000  -0.0000000   0.0000000  -0.0000000  -0.0000000   0.0000000
   0.0000000  -0.0000000  -0.0000000   0.0000000  -0.0000000   0.0000000
  -0.0000000   0.0000000  -0.0000000   0.0000000  -0.0000000   0.0000000
  -0.0000000   0.0000000   0.0000000
 TTTTTTTTTTTTTTTTTTTTTTTTTTTTTT MOQGAD      TELAPSE     6508.38 TCPU     6492.83
 TTTTTTTTTTTTTTTTTTTTTTTTTTTTTT SHELLXN     TELAPSE     6754.01 TCPU     6738.38

 ::: DIPOLE MOMENT ALONG NON PERIODIC DIRECTIONS:
 ::: A.U.     (Z)  9.75723E-02
 ::: DEBYE        -2.48004E-01

 +++ ENERGIES IN A.U. +++
 ::: EXT EL-POLE                                  -4.2251915095361E+05
 ::: EXT EL-SPHEROPOLE                             0.0000000000000E+00
 ::: BIELET ZONE E-E                               5.1764075149402E+04
 ::: TOTAL E-E                                    -3.7075507580421E+05
 ::: TOTAL E-N + N-E                               7.2207509562362E+05
 ::: TOTAL N-N                                    -3.8467435618812E+05
 ::: KINETIC ENERGY                                1.3497051495924E+04
 ::: PSEUDO TOTAL   ENERGY                        -1.9857284872786E+04
 ::: VIRIAL COEFFICIENT                            8.0931314877461E-01
 TTTTTTTTTTTTTTTTTTTTTTTTTTTTTT MONMO3      TELAPSE     6771.29 TCPU     6755.66
 NUMERICALLY INTEGRATED DENSITY    921.0003654492    921.0003654492
 TTTTTTTTTTTTTTTTTTTTTTTTTTTTTT NUMDFT      TELAPSE     6803.29 TCPU     6787.65
 CYC   6 ETOT(AU) -2.147976330765E+04 DETOT -3.32E-06 tst  2.30E-09 PX  1.59E-03

 == SCF ENDED - CONVERGENCE ON ENERGY      E(AU) -2.1479763307647E+04 CYCLES   6


 ENERGY EXPRESSION=HARTREE+FOCK EXCH*0.12000+(BECKE      EXCH)*0.88000+LYP        CORR


 TOTAL ENERGY(DFT)(AU)(  6) -2.1479763307647E+04 DE-3.3E-06 tester 2.3E-09
 TTTTTTTTTTTTTTTTTTTTTTTTTTTTTT EDFT        TELAPSE     6803.35 TCPU     6787.70

 *******************************************************************************

 DFT-D3 DISPERSION ENERGY CORRECTION

 D3 DISPERSION ENERGY (AU)       -1.8563854951534E+00
 TOTAL ENERGY + DISP (AU)        -2.1481619693143E+04

 *******************************************************************************


 *******************************************************************************
 *                             FORCE CALCULATION                               *
 *******************************************************************************

 TTTTTTTTTTTTTTTTTTTTTTTTTTTTTT NUMDFG      TELAPSE     6998.38 TCPU     6982.68
 INFORMATION **** EXCPOG **** EXCH. BIPO BUFFER LENGTH (WORDS) =    16000000
 WARNING **** EXCPOG **** EXCH. BIPO BUFFER TOO SMALL - TO AVOID RECALC SET EXCHSIZE =    23973687
 WARNING **** GENPOG **** COULOMB BIPO BUFFER TOO SMALL - TO AVOID RECALC SET BIPOSIZE =    12969300
 INFORMATION **** GENPOG **** BIPO BUFFER LENGTH (WORDS) =     4000000
 TTTTTTTTTTTTTTTTTTTTTTTTTTTTTT SHELXG      TELAPSE     8840.94 TCPU     8824.65


 D3 DISPERSION ENERGY (AU)       -1.8563854951534E+00
 TOTAL ENERGY + DISP (AU)        -2.1481619693143E+04

 CARTESIAN FORCES IN HARTREE/BOHR (ANALYTICAL)
   ATOM                     X                   Y                   Z
   1   8            -4.100869995028E-04 -1.831355183636E-04 -1.158237713632E-03
   2   8            -2.942695505705E-04 -7.388284597805E-04  9.016400332555E-04
   3   8            -1.971286992794E-05 -3.824153355622E-04  4.110339410062E-04
   4   8            -8.333365147506E-04  1.187656747959E-03  7.216119120343E-04
   5   8            -1.641287078608E-03 -1.907754209873E-05 -4.929427035805E-04
   6   8            -4.689069503205E-04 -2.827223429909E-04 -5.837103948210E-04
   7   8             8.978452578969E-04 -4.097816332084E-04 -5.280087614778E-05
   8   8             5.702376408881E-04 -3.119070583832E-04  1.657109411610E-04
   9   8             2.554477291038E-04  5.269532152985E-05 -5.895180479598E-04
  10 258             5.883665587798E-04 -2.348368114194E-05  9.737542671928E-05
  11 258             5.261840391695E-04  6.286580726482E-04  1.167103298883E-03
  12 258             2.513827675843E-04  1.047170188422E-04  4.696332737808E-04
  13 258             1.911752528510E-04 -2.488472701776E-04  2.383377511848E-04
  14 258            -8.046693830677E-05 -2.563037916620E-04  5.345949880819E-04
  15 258            -1.710789848823E-04 -3.932620319245E-04  1.302703146706E-04
  16 258             9.740132829439E-05  4.394486536569E-04  4.294794560735E-04
  17 258            -1.236767767430E-04 -2.402920766148E-04  6.264277378278E-04
  18 258             1.009969245913E-03  6.181884057603E-04 -1.847066272518E-03
  19   8            -2.141419843673E-04 -4.344152714125E-05 -7.195706638652E-05
  20   8            -1.720414814109E-04  1.722293299107E-04  1.473702729027E-05
  21   8             4.594972565192E-04 -4.714523117564E-04  1.340152905607E-04
  22   8            -2.255271480620E-04  1.725187208427E-04  2.191659358579E-04
  23   8             6.672532404675E-04  1.300710015691E-04 -1.319737711711E-04
  24   8            -4.027846777272E-04 -3.304848630207E-04  5.404720492038E-04
  25   8            -3.141967733885E-04  9.573637892715E-05  1.374535102877E-04
  26   8            -9.818311446855E-05  2.093008916788E-04 -3.445524241614E-04
  27   8            -5.384335723037E-04 -8.635068316762E-04  7.889680652367E-04
  28   8            -2.368640927951E-04 -7.918372164147E-05 -2.532212474193E-05
  29   8             2.819904954827E-04  3.455389242931E-04  1.417441249600E-04
  30   8             1.448948527137E-04 -1.185257603539E-04  2.460116185006E-04
  31   8            -8.364056102284E-05  1.138792004648E-04 -1.143257387994E-04
  32   8             1.932228387206E-04 -9.612933978823E-05 -1.451340390091E-04
  33   8            -2.048166628918E-04  7.052161067619E-05 -1.345196763864E-04
  34   8            -1.405130597475E-04 -1.249842023321E-04 -2.882957444399E-04
  35   8            -9.037144307018E-05  5.520941285381E-05 -1.450459737384E-04
  36   8             2.452655762999E-05  2.622751798026E-04  5.528505602115E-05
  37 258            -2.568508258910E-05 -1.708245970381E-04 -1.136510695687E-05
  38 258             1.193443056592E-04 -5.726341098662E-05 -1.147146579115E-04
  39 258             3.015526471417E-06  1.257711150782E-04 -1.944061746713E-04
  40 258             2.614397949882E-04  5.993533718451E-04  1.976992530217E-05
  41 258            -1.858258023504E-04 -1.655954810501E-04  5.022740215281E-04
  42 258            -6.646313007636E-05 -1.351641612801E-06 -2.612715688883E-04
  43 258             4.908986124469E-05 -1.300693233514E-04  3.507647818992E-04
  44 258            -2.988979474537E-04 -5.352821820210E-04  5.411992447080E-05
  45 258             2.207487139653E-04  3.089855375730E-04 -3.028001947314E-04
  46   8            -3.687324806514E-05  6.916288106534E-05  5.061645971693E-05
  47   8             7.718699958562E-05  2.043534499152E-05 -1.245226159625E-04
  48   8            -2.471309285093E-05 -1.143721500276E-04  2.250807594919E-04
  49   8             4.823442201504E-05  1.540997389750E-05 -2.652062759978E-05
  50   8            -1.048852611785E-05  9.800369751567E-06 -2.479544714191E-04
  51   8            -4.109226506648E-05 -1.666725491591E-04  2.734550874521E-04
  52   8             4.821611299161E-05 -2.901416144339E-05 -1.093744039480E-04
  53   8            -5.627575389069E-05 -2.572355899948E-05  2.091700623481E-04
  54   8            -9.020324497362E-05 -1.191092470560E-04  2.033118867502E-04
  55   8             1.351999093259E-04  3.606675649098E-04  1.184684672347E-02
  56   8            -1.303692984137E-04  1.211575424100E-03  1.200891399051E-02
  57   8             2.901835356460E-04 -5.819085854034E-04  1.184979385454E-02
  58   8             3.456858541412E-04  7.227283336473E-04  1.164729694020E-02
  59   8            -7.862595919533E-05  8.704004257058E-05  1.236572824365E-02
  60   8             2.078932096845E-04 -1.307139271728E-04  1.185529630385E-02
  61   8            -2.249492149607E-04  4.371869868154E-05  1.177159074885E-02
  62   8             8.146278513160E-04  8.267247507727E-05  1.146796363756E-02
  63   8             1.586821381345E-04  9.877803000006E-04  1.122112658757E-02
  64 258             1.740262135943E-03  6.297226210183E-04 -8.061620048920E-04
  65 258             3.583753288710E-04  6.262669842968E-04 -2.446004349395E-04
  66 258             7.849670078820E-04  1.020318408683E-03 -4.728247621415E-04
  67 258            -1.268898915121E-03 -1.615096346020E-04 -6.417554595828E-04
  68 258            -1.484135932075E-04 -1.138280952522E-03 -1.515975754955E-03
  69 258            -1.424035676923E-03  1.754071072515E-04 -1.181979737225E-03
  70 258            -7.232577483399E-04  5.862865319956E-04 -9.522368339958E-04
  71 258            -3.609206256251E-04  1.156747403491E-04 -8.699944505679E-04
  72 258             5.075890270782E-04 -4.229205688205E-04 -2.455154220570E-03
  73   8             4.368093125863E-04  1.074843248373E-04 -1.035207689915E-02
  74   8             2.877513007307E-04  3.196153250280E-04 -1.037072776538E-02
  75   8             2.698449081221E-04 -9.973733987908E-05 -1.024149338028E-02
  76   8             4.066594015587E-04  1.586344647238E-04 -1.009156301126E-02
  77   8             4.498193396005E-04 -2.924775738356E-04 -1.021555422983E-02
  78   8            -1.525146369205E-04  2.855280578637E-04 -1.017808610317E-02
  79   8            -3.803570105802E-04 -1.565361473269E-04 -1.019719903081E-02
  80   8            -2.657440690850E-04 -7.647634279552E-06 -1.020445100383E-02
  81   8             3.561521110138E-04 -2.479215244506E-04 -1.025620637526E-02
  82   8             5.332009805898E-04  2.221706860194E-03 -2.550232930986E-03
  83   1             7.389255247816E-04 -2.017225512015E-03  2.888658518026E-03
  84   1             3.968735170244E-04 -7.356149350075E-04  9.167379121475E-04
  85   8            -6.556656438592E-04 -5.764093199683E-04  2.749352566696E-04
  86   1            -9.541332167629E-05  1.212838213105E-05 -5.267711882375E-04
  87   1             1.538618424668E-06  3.250691072612E-04  3.212432496884E-04
  88   1             1.314007911600E-03  3.087903381609E-04  1.583121913420E-04
  89   8            -2.107799844061E-03 -3.488200721780E-05  1.427491394423E-04
  90   1             2.086016616698E-04  4.197506599843E-04  7.543341320471E-06
  91   1            -1.233427991754E-03  3.868621446524E-04  2.874902245580E-04
  92   8            -7.239648785881E-04 -1.862094946095E-03 -1.567676127792E-04
  93   1             1.724192626107E-03  1.229011345536E-03 -8.058571683556E-05
  94   8            -1.512929425348E-03 -1.905726978975E-04 -1.115989625177E-03
  95   1             6.568077266818E-04  8.322253764944E-04  7.300639520640E-04
  96   1             5.248497619632E-04 -5.933572729666E-04  9.110293807169E-05
  97   8             1.402722951138E-03 -8.991922754658E-04  8.104261824684E-04
  98   1             4.543263845422E-04 -5.768066281490E-04 -1.534673288717E-04
  99   1            -1.516571524753E-03  1.000293199311E-03  3.963395021067E-05
 100   1             8.648896597983E-04  5.782775217085E-04 -7.659014423034E-04
 101   8            -8.981082237423E-04 -4.538927030846E-04 -2.454630704136E-04
 102   1            -1.389084726842E-04  2.671587530323E-04 -4.823195339814E-04
 103   8             8.782720393490E-03  4.498531691589E-03  6.568715056190E-03
 104   1            -4.038658721642E-03  3.292989078800E-03 -2.379562441776E-03
 105   1            -4.853256320819E-03 -7.743172734213E-03 -6.761774565959E-03
 106   8            -8.056842274058E-04 -3.190097710116E-03 -3.073088248129E-03
 107   1             9.752659799023E-05  7.465035222687E-04  2.861319914604E-04
 108   1             8.241831202576E-04  3.156666460172E-03  2.717938530015E-03
 109   8             1.180606442602E-04 -1.200771293754E-03 -1.580431088115E-03
 110   1             7.400071299472E-04  8.092361590321E-04  8.576668932037E-04
 111   1            -1.054292517389E-03  7.866391885170E-05  6.870484281993E-04
 112   8             1.551296377412E-03  2.066224433697E-04 -1.339935025626E-03
 113   1             5.512064175632E-04  1.301796402643E-03  2.604526178924E-04
 114   1            -1.626410168877E-03 -1.313706171303E-03 -6.797656585888E-05
 115   8             8.070841184513E-04 -1.713020171960E-03  1.797274726712E-03
 116   1             2.329382451194E-03  3.207484379303E-05 -8.703959640410E-04
 117   1            -3.056760517754E-03  2.045864292594E-03 -6.529447488379E-04
 118   1             1.519225766233E-03 -1.320098793629E-03 -3.605189051541E-04
 119   8            -1.334312793068E-03  9.997907266086E-04 -4.274937452919E-05
 120   1             2.506204744401E-05  1.748555539645E-04  4.010387676967E-04
 121   1            -7.160447178205E-04 -3.472622864029E-04 -1.463765714863E-03
 122   8            -1.272381010480E-03 -5.372652131168E-04  2.338249330876E-03
 123   1             1.299699358658E-03  3.857524505946E-04 -1.347032633984E-03
 124   8            -6.650915038648E-04  1.369700823587E-03  6.277192848927E-04
 125   1             1.951361102490E-03 -1.458350590140E-03 -1.903361344155E-03
 126   1            -1.754455471713E-03 -3.123711365058E-04  6.674613270388E-04
 127   8             1.101905350866E-03 -1.262162340860E-04 -6.727883623796E-04
 128   1            -6.074953397867E-04  3.056888948733E-04  1.796599050365E-04
 129   1            -7.025062066226E-04  1.956671114580E-04  1.992309331555E-05
 130   1            -8.434654693950E-04  7.547689826068E-04  4.611067998184E-05
 131   8             1.483615072782E-03 -2.284735297381E-03  6.173773012819E-04
 132   1             6.648262630482E-05  1.348860941567E-03  6.579798160011E-05
 133   8            -5.968176934809E-03  1.807315108342E-03  9.098826895695E-04
 134   1             7.439528007470E-03  6.418004374004E-04 -1.672581148110E-03
 135   1            -1.356493659726E-03 -2.085522512673E-03  1.115935837754E-03
 136   8             9.790156494813E-04 -7.631517696541E-04 -7.810660001439E-05
 137   1            -7.117198545259E-04  3.306938101799E-04 -3.573705828579E-04
 138   1            -2.888685135614E-04  7.992225137374E-04  6.071800269680E-04
 139   8             4.770948508490E-04 -9.366156059487E-05 -2.036782762886E-03
 140   1             7.525244913401E-04  1.795900047964E-04  4.986584079294E-04
 141   1            -5.817157497692E-04  8.201851376916E-04  1.095817054473E-03
 142   8             2.333762080980E-04  9.875460480003E-04 -2.944704913489E-03
 143   1             2.799304336248E-04 -2.165065567715E-03  2.787650120720E-03
 144   1            -1.285743671959E-03  1.672927447812E-04 -9.578954712808E-05
 145   8            -1.526935562640E-03 -1.808627946655E-03 -6.563441854155E-04
 146   1            -1.279991024487E-03  1.507643652353E-03  1.930830356649E-04
 147   1             2.833368959604E-03 -1.131957270744E-04 -3.560808756511E-04
 148   1             1.859196948471E-03  6.679321602286E-04  1.665707494023E-03
 149   8            -3.922136999215E-03 -3.380986763313E-04 -2.089768616742E-03
 150   1             1.259843249748E-03  2.136971741367E-04  2.101328222537E-05
 151   1             9.618706065511E-04  1.344644127242E-03 -6.290189184526E-04
 152   8             7.475217556933E-04 -2.836007360554E-03 -1.920523397018E-03
 153   1            -2.097569871677E-03  1.898972431502E-03  3.488941785054E-03
 154   8             2.412022724879E-03  2.825325208259E-03 -6.016006278458E-04
 155   1            -4.075274126430E-03 -1.425928809281E-03 -3.771074880921E-03
 156   1             1.135580150289E-03 -2.127528839162E-03  4.475939525509E-03
 157   8             2.566094472121E-03  4.029952105946E-04 -1.307249026041E-03
 158   1            -1.225718153397E-03 -1.048849604968E-05 -1.382270911314E-04
 159   1            -1.822314432262E-03 -1.227057344487E-03  7.404324406295E-04
 160   1             4.944787280481E-05  6.205639208753E-04 -3.206836400587E-04
 161   8            -2.688427058675E-04 -4.458539832450E-04  8.429755695545E-04
 162   1            -5.336561257747E-04 -6.388315752628E-04 -3.760473632113E-04
 163   8             3.203686428729E-03 -1.239130622536E-03  1.019417253872E-03
 164   1            -2.054065413907E-03  2.249939472259E-04 -1.492519828226E-03
 165   1            -1.497547108366E-03  1.806429761330E-03  1.032008888135E-03
 166   8             9.869051895365E-04  1.085160331321E-03 -1.171187842374E-03
 167   1            -1.655107704734E-04 -1.030043443430E-03 -1.912625556663E-03
 168   1            -1.096158794160E-03 -1.616606652833E-04  1.985593683333E-03
 169   8             1.058788135144E-03 -2.546162135627E-03 -3.040430590318E-04
 170   1            -3.684229953692E-04  9.383990605899E-04  2.413669536129E-03
 171   1            -1.987464875034E-04  2.692222030694E-03 -2.158660531158E-03
 172   8             2.254145863302E-03 -2.153524579128E-03  2.113657843751E-03
 173   1             2.664570943065E-04  1.540262479804E-03 -2.119856497949E-04
 174   1            -2.526797975143E-03 -4.617989370938E-04 -2.154254466014E-03
 175   8             2.992271647195E-03 -7.983912021341E-03 -4.726121980525E-05
 176   1             2.152359572158E-03  1.559667749803E-03  1.618611204393E-04
 177   1            -4.213142751563E-03  5.148484478011E-03  2.586747896807E-04
 178   1             2.456517755666E-03 -4.430560172875E-04 -3.378503492055E-03
 179   8            -2.713885989237E-03  3.407930285431E-03  3.865563297609E-03
 180   1             1.047605231087E-03 -2.964480482195E-03 -4.009740641386E-04
 181   1             2.526988978253E-03  4.858936389075E-04  4.419096864947E-03
 182   8            -4.388667609565E-03 -2.421922952847E-03 -2.806321078054E-03
 183   1             1.249202874924E-03  2.465603578904E-03 -9.361109281123E-04
 184   8            -2.510346296408E-03  2.958819041355E-03  3.206366600693E-03
 185   1             2.472331562904E-03 -4.256728475208E-03 -4.595198680075E-03
 186   1            -1.894336080530E-04  6.155455562770E-04  1.633090630307E-03
 187   8             7.582193076046E-04  2.018977827879E-03 -2.489662241146E-03
 188   1             1.307933819379E-03 -9.081525198866E-04  2.145738433736E-03
 189   1            -2.348373317054E-03 -9.981625956791E-04  1.867132283877E-04
 190   1            -6.272597446427E-04 -9.052357388983E-04  6.193129073111E-04
 191   8             2.110199956841E-03  8.783183416106E-04  2.132148667044E-04
 192   1            -1.263100614012E-03 -6.834228937946E-05 -9.596793230777E-04
 193   8            -5.878749496344E-03 -6.847222188133E-05  7.454863112912E-03
 194   1             7.739642220470E-03  1.945672348501E-03 -4.358389696751E-03
 195   1            -7.506703719092E-04  1.219722497858E-04 -3.746651966097E-03
 196   8            -1.554602815557E-03 -1.318753967362E-03  8.676759304365E-04
 197   1            -6.145092936244E-05  1.293621683423E-03 -2.327598054990E-04
 198   1             5.288141789699E-04  3.469855311466E-04 -1.667042827215E-03
 199   8            -4.233846617755E-03  6.525265229396E-04 -1.137137354783E-02
 200   1             4.657447009750E-03 -8.651325500971E-04  1.067594056920E-02
 201   1             2.098825610386E-03 -2.946379657108E-04  2.516325318258E-03
 202   8            -2.085784722043E-03 -4.070954156723E-03 -2.291969968667E-03
 203   1             2.992401360696E-04 -7.740390932713E-04  8.062065880203E-04
 204   1             2.497453762231E-03  1.016276366539E-03 -4.169127257398E-04
 205   8             1.292141445098E-03  1.708878009910E-03  1.081733610988E-03
 206   1             8.259504332201E-04 -1.212914456627E-03 -2.176772472744E-04
 207   1            -1.774718820916E-03  2.267942356710E-03  3.815804296785E-04
 208   1            -9.795612734939E-04 -3.984829740691E-04  9.063127734734E-04
 209   8             3.904105326330E-03  2.408368720149E-03 -1.539017367719E-03
 210   1            -4.105605162183E-03 -2.084946088543E-03 -1.724418079583E-04
 211   1            -2.400435691350E-04  4.573603480707E-04 -2.871483364864E-04
 212   8             1.600528229596E-03  4.111038847121E-06  1.671024700272E-03
 213   1            -1.334455553402E-03 -2.063218427179E-03 -1.354609011837E-03
 214   8            -1.637621354865E-03 -5.549408939434E-03 -1.193903020578E-03
 215   1             1.761850311597E-03  1.325648411761E-03  4.809062323538E-03
 216   1            -2.331914056191E-03  4.353096196760E-03 -4.919222924524E-03
 217   8            -9.794321741106E-04  2.225453915206E-03  2.872524979068E-03
 218   1             3.280946317562E-04 -1.460302606042E-03 -2.484606977792E-03
 219   1             1.933887848945E-03 -1.161173531528E-05 -1.190594307740E-03
 220   1            -1.799037456705E-03 -1.606204592167E-03 -5.302769460158E-04
 221   8             8.408170525778E-04 -6.086271481154E-05  1.079685301818E-03
 222   1             9.353965544924E-04 -6.615329594162E-05 -2.747160878798E-04
 223   8             1.151717565691E-03 -1.511055301886E-04  8.134228353640E-04
 224   1            -7.515081297637E-04 -8.169412406216E-04 -8.809107019623E-04
 225   1            -9.888902417125E-04  2.546796768681E-03 -6.563358526641E-04
 226   8             5.993510088038E-04  9.771216439389E-04 -2.006540643009E-03
 227   1            -1.989993744506E-03 -1.258895471097E-04  7.699579589797E-04
 228   1            -4.443955865986E-04 -1.427392476081E-03  1.208713530012E-03
 229   8            -5.965623711293E-04  3.194280464189E-03  5.016072295803E-04
 230   1            -3.739549607267E-04 -2.444424958712E-04  1.332212356431E-04
 231   1             3.116656529613E-04 -2.703268918205E-03 -9.049868026914E-04
 232   8             2.231848383101E-04 -3.456031202947E-04  1.255929596567E-03
 233   1            -7.673084916101E-04  5.669788838015E-04 -2.136389504678E-03
 234   1            -6.197877611960E-04 -1.133530212215E-03  1.087137037707E-04
 235   8             2.235212038058E-03 -1.886219392979E-03  5.226168954380E-04
 236   1            -3.255716850777E-03  1.067603316165E-03  1.213309919525E-03
 237   1             1.601568333071E-04  8.940378507185E-04 -1.028580355563E-03
 238   1             1.902570021968E-03  1.266316533130E-03 -8.164611618930E-04
 239   8             1.428352061450E-04 -5.036328106447E-03  1.506733361737E-03
 240   1            -8.276493957591E-04  3.194938176542E-03 -6.234999123578E-05
 241   1            -1.453953198262E-03 -2.329916290573E-03  8.502067959526E-05
 242   8            -2.402606802591E-03  1.289198916851E-03 -1.348739013537E-03
 243   1             3.216827018403E-03  6.133455416428E-04  6.496933918321E-04
 244   8             2.620843520828E-03  2.893689944726E-03 -1.902824767484E-03
 245   1            -2.224210544577E-04 -1.145014957916E-03  5.447035570469E-04
 246   1            -2.201684757582E-03 -1.693001101070E-03  1.432233879683E-03
 247   8             2.441648602899E-03  1.685288544002E-03  3.601440513535E-03
 248   1             3.398284814345E-04  6.806611877144E-04 -1.790278254276E-03
 249   1            -3.091724385285E-03 -2.433984809368E-03 -1.868930688637E-03
 250   1             5.528557199324E-04 -3.761551385399E-04  3.158800297385E-04
 251   8             4.564641527240E-04  1.582389885411E-03  1.586458390676E-03
 252   1             5.653492513047E-05 -4.796729808061E-04 -5.199631807642E-04
 253   8             1.839656407073E-03 -1.651654524903E-04  1.971665095425E-03
 254   1            -9.605511156767E-04 -3.105039764997E-04 -1.111496970907E-05
 255   1             8.897319981093E-04  7.179354369318E-04 -7.923053065042E-04
 256   8             1.095819506582E-03  3.922068896251E-03 -1.713015532090E-03
 257   1             7.813182088627E-04  3.664762255201E-04  3.920991653452E-03
 258   1            -2.337301087564E-03 -4.973815812582E-03 -1.994529661623E-03
 259   8             2.903867165465E-03 -6.078917101863E-04 -3.651923443670E-03
 260   1            -1.851221899775E-03  1.737097623530E-03  3.721915436795E-03
 261   1             3.606469653901E-04 -2.071740769909E-04 -1.539382357574E-03

 RESULTANT FORCE    -2.426189457672E-12 -1.651467157471E-12  3.004160809006E-11

 ATOMIC PART

 SYMMETRY ALLOWED FORCES (ANALYTICAL) (DIRECTION, FORCE)

    1 -4.1030626E-04    2 -1.8264361E-04    3 -1.1582377E-03    4 -2.9515477E-04
    5 -7.3847418E-04    6  9.0164003E-04    7 -2.0171125E-05    8 -3.8239089E-04
    9  4.1103394E-04   10 -8.3191288E-04   11  1.1886530E-03   12  7.2161191E-04
   13 -1.6413091E-03   14 -1.7110293E-05   15 -4.9294270E-04   16 -4.6924552E-04
   17 -2.8215972E-04   18 -5.8371039E-04   19  8.9735376E-04   20 -4.1085690E-04
   21 -5.2800876E-05   22  5.6986359E-04   23 -3.1258987E-04   24  1.6571094E-04
   25  2.5551075E-04   26  5.2389035E-05   27 -5.8951805E-04   28  5.8833813E-04
   29 -2.4188834E-05   30  9.7375427E-05   31  5.2693713E-04   32  6.2802606E-04
   33  1.1671033E-03   34  2.5150813E-04   35  1.0441549E-04   36  4.6963327E-04
   37  1.9087695E-04   38 -2.4907588E-04   39  2.3833775E-04   40 -8.0774038E-05
   41 -2.5620680E-04   42  5.3459499E-04   43 -1.7155016E-04   44 -3.9305614E-04
   45  1.3027031E-04   46  9.7927890E-05   47  4.3933097E-04   48  4.2947946E-04
   49 -1.2396467E-04   50 -2.4014333E-04   51  6.2642774E-04   52  1.0107095E-03
   53  6.1697656E-04   54 -1.8470663E-03   55 -2.1419394E-04   56 -4.3184769E-05
   57 -7.1957066E-05   58 -1.7183501E-04   59  1.7243517E-04   60  1.4737027E-05
   61  4.5893207E-04   62 -4.7200205E-04   63  1.3401529E-04   64 -2.2532030E-04
   65  1.7278866E-04   66  2.1916594E-04   67  6.6740878E-04   68  1.2927097E-04
   69 -1.3197377E-04   70 -4.0318051E-04   71 -3.3000139E-04   72  5.4047205E-04
   73 -3.1408189E-04   74  9.6112764E-05   75  1.3745351E-04   76 -9.7932252E-05
   77  2.0941813E-04   78 -3.4455242E-04   79 -5.3946808E-04   80 -8.6285964E-04
   81  7.8896807E-04   82 -2.3695887E-04   83 -7.8899653E-05   84 -2.5322125E-05
   85  2.8240443E-04   86  3.4520020E-04   87  1.4174412E-04   88  1.4475275E-04
   89 -1.1869918E-04   90  2.4601162E-04   91 -8.3504054E-05   92  1.1397921E-04
   93 -1.1432574E-04   94  1.9310755E-04   95 -9.6360727E-05   96 -1.4513404E-04
   97 -2.0473205E-04   98  7.0766949E-05   99 -1.3451968E-04  100 -1.4066276E-04
  101 -1.2481552E-04  102 -2.8829574E-04  103 -9.0305239E-05  104  5.5317612E-05
  105 -1.4504597E-04  106  2.4840841E-05  107  2.6224522E-04  108  5.5285056E-05
  109 -2.5889776E-05  110 -1.7079345E-04  111 -1.1365107E-05  112  1.1927563E-04
  113 -5.7406332E-05  114 -1.1471466E-04  115  3.1662418E-06  116  1.2576723E-04
  117 -1.9440617E-04  118  2.6215790E-04  119  5.9903874E-04  120  1.9769925E-05
  121 -1.8602415E-04  122 -1.6537240E-04  123  5.0227402E-04  124 -6.6464717E-05
  125 -1.2719776E-06  126 -2.6127157E-04  127  4.8933969E-05  128 -1.3012788E-04
  129  3.5076478E-04  130 -2.9953925E-04  131 -5.3492279E-04  132  5.4119924E-05
  133  2.2111888E-04  134  3.0872029E-04  135 -3.0280019E-04  136 -3.6790349E-05
  137  6.9206929E-05  138  5.0616460E-05  139  7.7211450E-05  140  2.0342787E-05
  141 -1.2452262E-04  142 -2.4850138E-05  143 -1.1434229E-04  144  2.2508076E-04
  145  4.8252865E-05  146  1.5352128E-05  147 -2.6520628E-05  148 -1.0476777E-05
  149  9.8129201E-06  150 -2.4795447E-04  151 -4.1291975E-05  152 -1.6662294E-04
  153  2.7345509E-04  154  4.8181320E-05  155 -2.9071890E-05  156 -1.0937440E-04
  157 -5.6306552E-05  158 -2.5656053E-05  159  2.0917006E-04  160 -9.0345934E-05
  161 -1.1900088E-04  162  2.0331189E-04  163  5.3586308E-04  164  2.2210630E-03
  165 -2.5502329E-03  166  7.3650783E-04  167 -2.0181069E-03  168  2.8886585E-03
  169  3.9599180E-04  170 -7.3608905E-04  171  9.1673791E-04  172 -6.5635606E-04
  173 -5.7562222E-04  174  2.7493526E-04  175 -9.5398741E-05  176  1.2242716E-05
  177 -5.2677119E-04  178  1.9281616E-06  179  3.2506657E-04  180  3.2124325E-04
  181  1.3143773E-03  182  3.0721474E-04  183  1.5831219E-04  184 -2.1078406E-03
  185 -3.2355573E-05  186  1.4274914E-04  187  2.0910456E-04  188  4.1949974E-04
  189  7.5433413E-06  190 -1.2329638E-03  191  3.8833968E-04  192  2.8749022E-04
  193 -7.2619595E-04  194 -1.8612232E-03  195 -1.5676761E-04  196  1.7256646E-03
  197  1.2269421E-03  198 -8.0585717E-05  199 -1.5131570E-03  200 -1.8875893E-04
  201 -1.1159896E-03  202  6.5780469E-04  203  8.3143637E-04  204  7.3006395E-04
  205  5.2413846E-04  206 -5.9398508E-04  207  9.1102938E-05  208  1.4016447E-03
  209 -9.0087163E-04  210  8.1042618E-04  211  4.5363495E-04  212 -5.7734994E-04
  213 -1.5346733E-04  214 -1.5153721E-03  215  1.0021088E-03  216  3.9633950E-05
  217  8.6558221E-04  218  5.7723965E-04  219 -7.6590144E-04  220 -8.9865170E-04
  221 -4.5281528E-04  222 -2.4546307E-04  223 -1.3858826E-04  224  2.6732468E-04
  225 -4.8231953E-04  226  8.7881068E-03  227  4.4879953E-03  228  6.5687151E-03
  229 -4.0347106E-03  230  3.2978227E-03  231 -2.3795624E-03  232 -4.8625329E-03
  233 -7.7373392E-03  234 -6.7617746E-03  235 -8.0950666E-04  236 -3.1891252E-03
  237 -3.0730882E-03  238  9.8421116E-05  239  7.4638504E-04  240  2.8613199E-04
  241  8.2796548E-04  242  3.1556719E-03  243  2.7179385E-03  244  1.1662165E-04
  245 -1.2009102E-03  246 -1.5804311E-03  247  7.4097651E-04  248  8.0834748E-04
  249  8.5766689E-04  250 -1.0541977E-03  251  7.9927402E-05  252  6.8704843E-04
  253  1.5515432E-03  254  2.0476265E-04  255 -1.3399350E-03  256  5.5276614E-04
  257  1.3011330E-03  258  2.6045262E-04  259 -1.6279836E-03  260 -1.3117540E-03
  261 -6.7976566E-05  262  8.0503094E-04  263 -1.7139839E-03  264  1.7972747E-03
  265  2.3294197E-03  266  2.9282832E-05  267 -8.7039596E-04  268 -3.0543074E-03
  269  2.0495237E-03  270 -6.5294475E-04  271  1.5176431E-03  272 -1.3219169E-03
  273 -3.6051891E-04  274 -1.3331140E-03  275  1.0013879E-03  276 -4.2749375E-05
  277  2.5271572E-05  278  1.7482514E-04  279  4.0103877E-04  280 -7.1646050E-04
  281 -3.4640331E-04  282 -1.4637657E-03  283 -1.2730242E-03  284 -5.3573902E-04
  285  2.3382493E-03  286  1.3001610E-03  287  3.8419384E-04  288 -1.3470326E-03
  289 -6.6344981E-04  290  1.3704951E-03  291  6.2771928E-04  292  1.9496125E-03
  293 -1.4606863E-03  294 -1.9033613E-03  295 -1.7548289E-03  296 -3.1026762E-04
  297  6.6746133E-04  298  1.1017536E-03  299 -1.2753668E-04  300 -6.7278836E-04
  301 -6.0712872E-04  302  3.0641637E-04  303  1.7965991E-04  304 -7.0227138E-04
  305  1.9650870E-04  306  1.9923093E-05  307 -8.4256058E-04  308  7.5577833E-04
  309  4.6110680E-05  310  1.4808764E-03  311 -2.2865086E-03  312  6.1737730E-04
  313  6.8098990E-05  314  1.3487784E-03  315  6.5797982E-05  316 -5.9660082E-03
  317  1.8144646E-03  318  9.0988269E-04  319  7.4402934E-03  320  6.3288222E-04
  321 -1.6725811E-03  322 -1.3589922E-03  323 -2.0838922E-03  324  1.1159358E-03
  325  9.7810065E-04  326 -7.6432357E-04  327 -7.8106600E-05  328 -7.1132322E-04
  329  3.3154616E-04  330 -3.5737058E-04  331 -2.8791063E-04  332  7.9956704E-04
  333  6.0718003E-04  334  4.7698238E-04  335 -9.4233196E-05  336 -2.0367828E-03
  337  7.5273933E-04  338  1.7868766E-04  339  4.9865841E-04  340 -5.8073260E-04
  341  8.2088062E-04  342  1.0958171E-03  343  2.3455951E-04  344  9.8726422E-04
  345 -2.9447049E-03  346  2.7733581E-04  347 -2.1653965E-03  348  2.7876501E-03
  349 -1.2855426E-03  350  1.6883345E-04  351 -9.5789547E-05  352 -1.5291022E-03
  353 -1.8067939E-03  354 -6.5634419E-04  355 -1.2781837E-03  356  1.5091746E-03
  357  1.9308304E-04  358  2.8332319E-03  359 -1.1659150E-04  360 -3.5608088E-04
  361  1.8599964E-03  362  6.6570234E-04  363  1.6657075E-03  364 -3.9225402E-03
  365 -3.3339697E-04  366 -2.0897686E-03  367  1.2600987E-03  368  2.1218670E-04
  369  2.1013282E-05  370  9.6348148E-04  371  1.3434884E-03  372 -6.2901892E-04
  373  7.4412288E-04  374 -2.8368973E-03  375 -1.9205234E-03  376 -2.0952932E-03
  377  1.9014825E-03  378  3.4889418E-03  379  2.4154072E-03  380  2.8224282E-03
  381 -6.0160063E-04  382 -4.0769809E-03  383 -1.4210412E-03  384 -3.7710749E-03
  385  1.1330301E-03  386 -2.1288854E-03  387  4.4759395E-03  388  2.5665761E-03
  389  3.9991869E-04  390 -1.3072490E-03  391 -1.2257301E-03  392 -9.0193563E-06
  393 -1.3822709E-04  394 -1.8237840E-03  395 -1.2248705E-03  396  7.4043244E-04
  397  5.0191496E-05  398  6.2050333E-04  399 -3.2068364E-04  400 -2.6937686E-04
  401 -4.4553080E-04  402  8.4297557E-04  403 -5.3442140E-04  404 -6.3819058E-04
  405 -3.7604736E-04  406  3.2021999E-03  407 -1.2429678E-03  408  1.0194173E-03
  409 -2.0537948E-03  410  2.2745542E-04  411 -1.4925198E-03  412 -1.4953816E-03
  413  1.8082208E-03  414  1.0320089E-03  415  9.8820510E-04  416  1.0839751E-03
  417 -1.1711878E-03  418 -1.6674503E-04  419 -1.0298429E-03  420 -1.9126256E-03
  421 -1.0963520E-03  422 -1.6034649E-04  423  1.9855937E-03  424  1.0557364E-03
  425 -2.5474257E-03  426 -3.0404306E-04  427 -3.6729829E-04  428  9.3883864E-04
  429  2.4136695E-03  430 -1.9552019E-04  431  2.6924545E-03  432 -2.1586605E-03
  433  2.2515641E-03  434 -2.1562218E-03  435  2.1136578E-03  436  2.6830272E-04
  437  1.5399398E-03  438 -2.1198565E-04  439 -2.5273501E-03  440 -4.5876939E-04
  441 -2.1542545E-03  442  2.9827027E-03  443 -7.9874815E-03  444 -4.7261220E-05
  445  2.1542275E-03  446  1.5570847E-03  447  1.6186112E-04  448 -4.2069710E-03
  449  5.1535233E-03  450  2.5867479E-04  451  2.4559856E-03  452 -4.4599940E-04
  453 -3.3785035E-03  454 -2.7098008E-03  455  3.4111758E-03  456  3.8655633E-03
  457  1.0440523E-03  458 -2.9657298E-03  459 -4.0097406E-04  460  2.5275700E-03
  461  4.8286381E-04  462  4.4190969E-03  463 -4.3915677E-03  464 -2.4166576E-03
  465 -2.8063211E-03  466  1.2521569E-03  467  2.4641011E-03  468 -9.3611093E-04
  469 -2.5067994E-03  470  2.9618216E-03  471  3.2063666E-03  472  2.4672293E-03
  473 -4.2596827E-03  474 -4.5951987E-03  475 -1.8869588E-04  476  6.1577129E-04
  477  1.6330906E-03  478  7.6063836E-04  479  2.0180647E-03  480 -2.4896622E-03
  481  1.3068449E-03  482 -9.0971824E-04  483  2.1457384E-03  484 -2.3495683E-03
  485 -9.9534576E-04  486  1.8671323E-04  487 -6.2834422E-04  488 -9.0448199E-04
  489  6.1931291E-04  490  2.1112514E-03  491  8.7578723E-04  492  2.1321487E-04
  493 -1.2631819E-03  494 -6.6828220E-05  495 -9.5967932E-04  496 -5.8788286E-03
  497 -6.1425943E-05  498  7.4548631E-03  499  7.7419700E-03  500  1.9363916E-03
  501 -4.3583897E-03  502 -7.5052384E-04  503  1.2287173E-04  504 -3.7466520E-03
  505 -1.5561824E-03  506 -1.3168878E-03  507  8.6767593E-04  508 -5.9900698E-05
  509  1.2936926E-03  510 -2.3275981E-04  511  5.2922973E-04  512  3.4635097E-04
  513 -1.6670428E-03  514 -4.2330626E-03  515  6.5759972E-04  516 -1.1371374E-02
  517  4.6564080E-03  518 -8.7071301E-04  519  1.0675941E-02  520  2.0984715E-03
  521 -2.9715294E-04  522  2.5163253E-03  523 -2.0906621E-03  524 -4.0684455E-03
  525 -2.2919700E-03  526  2.9831242E-04  527 -7.7439610E-04  528  8.0620659E-04
  529  2.4986704E-03  530  1.0132808E-03  531 -4.1691273E-04  532  1.2941886E-03
  533  1.7073256E-03  534  1.0817336E-03  535  8.2449654E-04  536 -1.2139018E-03
  537 -2.1767725E-04  538 -1.7720002E-03  539  2.2700647E-03  540  3.8158043E-04
  541 -9.8003831E-04  542 -3.9730804E-04  543  9.0631277E-04  544  3.9069894E-03
  545  2.4036842E-03  546 -1.5390174E-03  547 -4.1081016E-03  548 -2.0800208E-03
  549 -1.7244181E-04  550 -2.3949538E-04  551  4.5764708E-04  552 -2.8714834E-04
  553  1.6005324E-03  554  2.1926741E-06  555  1.6710247E-03  556 -1.3369273E-03
  557 -2.0616146E-03  558 -1.3546090E-03  559 -1.6442706E-03  560 -5.5474343E-03
  561 -1.1939030E-03  562  1.7634380E-03  563  1.3235339E-03  564  4.8090623E-03
  565 -2.3266964E-03  566  4.3558819E-03  567 -4.9192229E-03  568 -9.7676484E-04
  569  2.2266231E-03  570  2.8725250E-03  571  3.2634453E-04  572 -1.4606927E-03
  573 -2.4846070E-03  574  1.9338730E-03  575 -1.3929624E-05  576 -1.1905943E-03
  577 -1.8009614E-03  578 -1.6040449E-03  579 -5.3027695E-04  580  8.4074370E-04
  581 -6.1870369E-05  582  1.0796853E-03  583  9.3531682E-04  584 -6.7274299E-05
  585 -2.7471609E-04  586  1.1515359E-03  587 -1.5248563E-04  588  8.1342284E-04
  589 -7.5248673E-04  590 -8.1603876E-04  591 -8.8091070E-04  592 -9.8583782E-04
  593  2.5479766E-03  594 -6.5633585E-04  595  6.0052164E-04  596  9.7640119E-04
  597 -2.0065406E-03  598 -1.9901436E-03  599 -1.2350412E-04  600  7.6995796E-04
  601 -4.4610587E-04  602 -1.4268568E-03  603  1.2087135E-03  604 -5.9273424E-04
  605  3.1949887E-03  606  5.0160723E-04  607 -3.7424770E-04  608 -2.4399376E-04
  609  1.3322124E-04  610  3.0842606E-04  611 -2.7036367E-03  612 -9.0498680E-04
  613  2.2277058E-04  614 -3.4586989E-04  615  1.2559296E-03  616 -7.6662868E-04
  617  5.6789735E-04  618 -2.1363895E-03  619 -6.2114581E-04  620 -1.1327849E-03
  621  1.0871370E-04  622  2.2329506E-03  623 -1.8888944E-03  624  5.2261690E-04
  625 -3.2544359E-03  626  1.0715033E-03  627  1.2133099E-03  628  1.6122812E-04
  629  8.9384398E-04  630 -1.0285804E-03  631  1.9040866E-03  632  1.2640335E-03
  633 -8.1646116E-04  634  1.3679989E-04  635 -5.0364886E-03  636  1.5067334E-03
  637 -8.2382036E-04  638  3.1959234E-03  639 -6.2349991E-05  640 -1.4567445E-03
  641 -2.3281686E-03  642  8.5020680E-05  643 -2.4010607E-03  644  1.2920759E-03
  645 -1.3487390E-03  646  3.2175604E-03  647  6.0948862E-04  648  6.4969339E-04
  649  2.6243099E-03  650  2.8905425E-03  651 -1.9028248E-03  652 -2.2379306E-04
  653 -1.1447459E-03  654  5.4470356E-04  655 -2.2037125E-03  656 -1.6903586E-03
  657  1.4322339E-03  658  2.4436669E-03  659  1.6823584E-03  660  3.6014405E-03
  661  3.4064398E-04  662  6.8025242E-04  663 -1.7902783E-03  664 -3.0946396E-03
  665 -2.4302739E-03  666 -1.8689307E-03  667  5.5240468E-04  668 -3.7681698E-04
  669  3.1588003E-04  670  4.5836017E-04  671  1.5818394E-03  672  1.5864584E-03
  673  5.5960085E-05  674 -4.7973972E-04  675 -5.1996318E-04  676  1.8394576E-03
  677 -1.6737007E-04  678  1.9716651E-03  679 -9.6092273E-04  680 -3.0935202E-04
  681 -1.1114970E-05  682  8.9059189E-04  683  7.1686749E-04  684 -7.9230531E-04
  685  1.1005189E-03  686  3.9207471E-03  687 -1.7130155E-03  688  7.8175699E-04
  689  3.6553897E-04  690  3.9209917E-03  691 -2.3432603E-03  692 -4.9710038E-03
  693 -1.9945297E-03  694  2.9031373E-03  695 -6.1137092E-04  696 -3.6519234E-03
  697 -1.8491393E-03  698  1.7393127E-03  699  3.7219154E-03  700  3.6039852E-04
  701 -2.0760590E-04  702 -1.5393824E-03

 CELL PART

 GRADIENT WITH RESPECT TO THE CELL PARAMETER IN HARTREE/BOHR
 ORDER: -D/DA1X, -D/DA1Y
       -D/DA2X, -D/DA2Y

 -0.217369124221E-02 -0.210458153560E-02
  0.515149579989E-04 -0.425288536280E-02

 SYMMETRY ALLOWED FORCES (ANALYTICAL) (DIRECTION, FORCE)

    1 -8.5715195E-04    2  2.1629613E-04    3  8.6665213E-06
 TTTTTTTTTTTTTTTTTTTTTTTTTTTTTT TOTGRA_C    TELAPSE     9001.91 TCPU     8985.57
 INFORMATION **** optc0002 **** GEOMETRY OUTPUT FILE
 INFORMATION **** EXCBUF **** EXCH. BIPO BUFFER: WORDS USED =     4000000
