   2   1   1 E -1.7659734883222E+04 DE 1.1E-07(  3)
  0.112715000996E+02 -0.197430302502E-01  0.000000000000E+00
 -0.565295459183E+01  0.980067125401E+01  0.000000000000E+00
  0.000000000000E+00  0.000000000000E+00  0.500000000000E+03
    1
  0.100000000000E+01  0.000000000000E+00  0.000000000000E+00
  0.000000000000E+00  0.100000000000E+01  0.000000000000E+00
  0.000000000000E+00  0.000000000000E+00  0.100000000000E+01
  0.000000000000E+00  0.000000000000E+00  0.000000000000E+00
  111
    8     -1.841785466184      1.068355086711      4.047971782576
    8     -3.738354987099      4.369250973144      4.096409559523
    8      0.035127654471     -2.187651297164      4.003243573411
    8      1.896925072821      1.032920735559      3.942793453962
    8      0.002264756604      4.356219334742      3.942916112857
    8      3.817564596297     -2.134906168127      4.022845596446
    8     -5.663007387579      1.083081673762      4.132820611953
    8     -7.501394472960      4.453901877497      4.093642403133
    8     -3.796323547545     -2.100870163470      4.090646090311
  258      1.906171322407     -1.090490650062      3.238609321358
  258      0.012296126030      2.149621643802      3.251102580689
  258      3.792673106728     -4.375294528426      3.247094101438
  258      5.636765147030     -1.088896495430      3.179647179162
  258      3.742932674459      2.179607079404      3.284295400552
  258      7.512113138876     -4.354471125945      3.222185254017
  258     -1.889971932378     -1.060213223284      3.262997690613
  258     -3.764876582836      2.198061042792      3.294790417564
  258      0.022571367432     -4.321208677991      3.224906788608
    8     -0.013058233539     -0.014749042958      2.408022505699
    8     -1.909464820743      3.249166737591      2.439704783492
    8      1.917480887497     -3.279779772594      2.422972467628
    8      3.794771065218      0.019216036086      2.393381088260
    8      1.920565349208      3.272607385860      2.447457770765
    8      5.661927876008     -3.260246800868      2.397539529776
    8     -3.763591964273      0.045988944266      2.428402218734
    8     -5.641031279687      3.273319661774      2.471388816176
    8     -1.896490237581     -3.230336666372      2.428534915231
    8      1.890201200985     -1.093314415663      0.861547664756
    8      0.008445830805      2.184007053403      0.876313251973
    8      3.777658327214     -4.369088340942      0.861106852105
    8      5.649875151351     -1.096283262996      0.845138531963
    8      3.761222156649      2.183243479305      0.867610154680
    8      7.525652488477     -4.370559737518      0.860317968285
    8     -1.891923825318     -1.075394217562      0.862022566259
    8     -3.772890308688      2.195619601108      0.867830678415
    8      0.005533276383     -4.346145275001      0.887905391421
  258      0.000817606783      0.000830806657      0.053497119451
  258     -1.884394369515      3.267394482235      0.055821185890
  258      1.893516099456     -3.265207545696      0.045570899970
  258      3.760216699717      0.003847482561      0.040942029858
  258      1.881972149078      3.260036433331      0.048064172358
  258      5.646123120624     -3.278261831799      0.030331308724
  258     -3.752474822323      0.020156094321      0.042366980748
  258     -5.639399184233      3.274947755611      0.054575252481
  258     -1.874207862239     -3.250149830233      0.045810424957
    8     -1.875457123863      1.099842741086     -0.764278177114
    8     -3.765995333921      4.365955644715     -0.764592787721
    8      0.006100977664     -2.174807044770     -0.762357215181
    8      1.879792360529      1.088456523050     -0.766470051793
    8     -0.002062250906      4.348674726644     -0.772051133760
    8      3.764296524777     -2.183121878725     -0.769765099805
    8     -5.635833011494      1.106456707574     -0.771486943707
    8     -7.514206113934      4.372763596270     -0.767610650555
    8     -3.748178594971     -2.168688925035     -0.774092393507
    8      0.000000000000      0.000000000000     -2.343480358560
    8     -1.884318197279      3.266890418003     -2.343480358560
    8      1.884318197285     -3.266890417998     -2.343480358560
    8      3.757166699891     -0.006581010089     -2.343480358560
    8      1.872848502605      3.260309407921     -2.343480358560
    8      5.641484897184     -3.273471428087     -2.343480358560
    8     -3.757166699891      0.006581010079     -2.343480358560
    8     -5.641484897184      3.273471428087     -2.343480358560
    8     -1.872848502611     -3.260309407915     -2.343480358560
  258     -1.880494965724      1.091157142694     -3.124640478080
  258     -3.764813162998      4.358047560702     -3.124640478080
  258      0.003823231559     -2.175733275305     -3.124640478080
  258      1.876671734166      1.084576132610     -3.124640478080
  258     -0.007646463115      4.351466550617     -3.124640478080
  258      3.760989931449     -2.182314285392     -3.124640478080
  258     -5.637661665656      1.097738152766     -3.124640478080
  258     -7.521979862895      4.364628570792     -3.124640478080
  258     -3.753343468334     -2.169152265225     -3.124640478080
    8      1.880494965724     -1.091157142694     -3.905800597599
    8     -0.003823231559      2.175733275305     -3.905800597599
    8      3.764813162998     -4.358047560702     -3.905800597599
    8      5.637661665656     -1.097738152766     -3.905800597599
    8      3.753343468339      2.169152265225     -3.905800597599
    8      7.521979862895     -4.364628570792     -3.905800597599
    8     -1.876671734166     -1.084576132610     -3.905800597599
    8     -3.760989931451      2.182314285392     -3.905800597599
    8      0.007646463114     -4.351466550617     -3.905800597599
    8     12.719488186894      5.913220466105      5.960615022559
    1     12.900393223990      6.796215021103      5.524080729500
    8     15.142221956128      4.834628119440      6.635405961150
    1     16.066166824926      5.132696628882      6.789301377642
    1     15.116081978915      4.705349153100      5.624066190700
    1     12.789591194613     -0.403720404056      6.250848716128
    8     13.335907882861     -1.151377169466      5.951538961253
    1     14.271589374360     -0.887338379652      6.105623452711
    8     16.041494624230      0.010611082374      6.322136602661
    1     16.502083014606      0.486681453145      5.534996508396
    1     16.699826019937     -0.088975282576      7.026322567462
    8     11.734556791902      2.509306145330      5.830774855440
    1     12.700914822338      2.335060635081      5.942720606484
    1     11.646248021698      3.472881212143      5.674798809256
    8      9.776916304279      5.829784090712      5.881431618907
    1     10.738751250705      5.721191899733      6.047310115136
    1      9.669506744309      6.763823947221      5.574658105792
    1     13.525894018235      5.635588573418      6.456287970552
    8     17.730354481032      5.644614554448      6.099983810480
    1     18.359539945625      5.066430911485      5.586405130046
    1     18.164873270418      6.511512789120      6.206417466416
    1     21.892379220816     -1.913599958828      5.506087716123
    8     21.146665369494     -1.432013381116      5.962550067998
    1     20.656945952641     -2.095333083059      6.472089795809
    8     19.201752222664      2.012195708786      5.942165418815
    1     20.027199410168      1.534300670370      5.674672400518
    1     19.476229591899      2.889524254370      6.256293901519
    8      8.903494660836     12.068985421078      6.015715555798
    1      9.384890740207     11.291978151971      6.387279808712
    1      9.225000455692     12.890988014441      6.466593527499
    0    0
