   2   1   1 E -1.7659734931245E+04 DE 3.1E-09( 10)
  0.112710756792E+02 -0.201151814184E-01  0.000000000000E+00
 -0.565306451048E+01  0.980113412323E+01  0.000000000000E+00
  0.000000000000E+00  0.000000000000E+00  0.500000000000E+03
    1
  0.100000000000E+01  0.000000000000E+00  0.000000000000E+00
  0.000000000000E+00  0.100000000000E+01  0.000000000000E+00
  0.000000000000E+00  0.000000000000E+00  0.100000000000E+01
  0.000000000000E+00  0.000000000000E+00  0.000000000000E+00
  111
    8     -1.842378935136      1.067058008132      4.047726643673
    8     -3.738059770508      4.369179230493      4.096090499075
    8      0.033469546315     -2.187413342449      4.001504047018
    8      1.898799048983      1.032033320349      3.943282960320
    8      0.002260442081      4.356732912143      3.943456509610
    8      3.817938121434     -2.134288109246      4.019649367010
    8     -5.664904968304      1.080056177104      4.139830065303
    8     -7.499156385494      4.455734564316      4.092809133939
    8     -3.793906454708     -2.098601378572      4.092179641621
  258      1.906609654162     -1.089064935360      3.238798724967
  258      0.012423687362      2.149604392647      3.251624755667
  258      3.793045416095     -4.375009852796      3.247170696916
  258      5.636928847562     -1.088627440864      3.178990163525
  258      3.742754515446      2.179563868632      3.285612343702
  258      7.512605623000     -4.354928648290      3.222927993595
  258     -1.889965367186     -1.059939880803      3.262866470288
  258     -3.764676799080      2.198086002289      3.296861130421
  258      0.023147255590     -4.321268659881      3.224502746416
    8     -0.012055668298     -0.013457806904      2.407824307526
    8     -1.909109886900      3.248990275161      2.440828329136
    8      1.916923444904     -3.279892171251      2.423639310829
    8      3.795902995871      0.020885404795      2.392450772604
    8      1.920386555198      3.272280009591      2.448948085220
    8      5.663997555214     -3.260569548165      2.398104054176
    8     -3.765091804544      0.047144458992      2.427960641087
    8     -5.640159470993      3.271011193881      2.472972013447
    8     -1.897081168146     -3.229871400984      2.427675701907
    8      1.890723087908     -1.093594654229      0.862108620595
    8      0.008223428415      2.184810604541      0.876219385276
    8      3.777908518827     -4.368882654024      0.862076824212
    8      5.649473436369     -1.097290550814      0.844202430083
    8      3.761069769985      2.184461538485      0.867108872523
    8      7.525873685832     -4.372042548531      0.860375360061
    8     -1.891613680365     -1.074510306703      0.862714401989
    8     -3.772142022255      2.196326406907      0.868148642795
    8      0.005563363584     -4.347488977626      0.889027550916
  258      0.000807393439      0.000699393679      0.053365236739
  258     -1.884337560353      3.267543514093      0.056431908995
  258      1.893888038347     -3.265380248872      0.045927342336
  258      3.760179725741      0.003795098948      0.040803750889
  258      1.882054368900      3.260111287247      0.048128409423
  258      5.646549744177     -3.278650697807      0.030533028830
  258     -3.752097355063      0.020885853737      0.042561330257
  258     -5.639255786194      3.275233902083      0.054860355953
  258     -1.874144452504     -3.250151031517      0.045949832377
    8     -1.875262796988      1.099835832359     -0.764379151002
    8     -3.765775019214      4.366601539476     -0.764439631930
    8      0.006245467518     -2.175227265055     -0.761686162299
    8      1.879616532813      1.088274712713     -0.765851619760
    8     -0.002305821544      4.349129511485     -0.772118584227
    8      3.764040858870     -2.183637771433     -0.769966661324
    8     -5.635355331516      1.106717158626     -0.771100683145
    8     -7.513694026032      4.373679910693     -0.768174785771
    8     -3.747468296644     -2.168739593447     -0.773626379917
    8      0.000000000000      0.000000000000     -2.343480358560
    8     -1.884354836828      3.267044707743     -2.343480358560
    8      1.884354836834     -3.267044707738     -2.343480358560
    8      3.757025226426     -0.006705060479     -2.343480358560
    8      1.872670389591      3.260339647272     -2.343480358560
    8      5.641380063269     -3.273749768217     -2.343480358560
    8     -3.757025226426      0.006705060469     -2.343480358560
    8     -5.641380063269      3.273749768217     -2.343480358560
    8     -1.872670389597     -3.260339647266     -2.343480358560
  258     -1.880460021085      1.091249922738     -3.124640478080
  258     -3.764814857909      4.358294630486     -3.124640478080
  258      0.003894815747     -2.175794785002     -3.124640478080
  258      1.876565205340      1.084544862264     -3.124640478080
  258     -0.007789631490      4.351589570011     -3.124640478080
  258      3.760920042172     -2.182499845478     -3.124640478080
  258     -5.637485247553      1.097954983198     -3.124640478080
  258     -7.521840084342      4.364999690966     -3.124640478080
  258     -3.753130410682     -2.169089724533     -3.124640478080
    8      1.880460021085     -1.091249922738     -3.905800597599
    8     -0.003894815747      2.175794785002     -3.905800597599
    8      3.764814857909     -4.358294630486     -3.905800597599
    8      5.637485247553     -1.097954983198     -3.905800597599
    8      3.753130410687      2.169089724533     -3.905800597599
    8      7.521840084342     -4.364999690966     -3.905800597599
    8     -1.876565205340     -1.084544862264     -3.905800597599
    8     -3.760920042174      2.182499845478     -3.905800597599
    8      0.007789631489     -4.351589570011     -3.905800597599
    8     12.721264747471      5.915062362002      5.958910331185
    1     12.902730081264      6.798100372617      5.521631614407
    8     15.147345340428      4.841910898200      6.634727378159
    1     16.072357408551      5.138327912697      6.786132219951
    1     15.118856879710      4.709776925061      5.624233682486
    1     12.748672654861     -0.481029004552      6.296560636061
    8     13.330013180375     -1.181707637146      5.954899065603
    1     14.254925085471     -0.883372087429      6.115150218091
    8     16.010166132439      0.011050884032      6.320833807014
    1     16.479830172121      0.482707673853      5.534391905117
    1     16.663499524645     -0.093666546841      7.028834210692
    8     11.727849422475      2.505260731082      5.829926242745
    1     12.693991705983      2.329395396529      5.943327574766
    1     11.641857267460      3.469491051861      5.676866031027
    8      9.777510931410      5.830784822049      5.882377476511
    1     10.740191853987      5.724090569773      6.044919702387
    1      9.666393671930      6.765406215031      5.580074759932
    1     13.527199232010      5.639395415401      6.456137146128
    8     17.735804644602      5.647916103052      6.100125136455
    1     18.360594344198      5.065921584478      5.585782367624
    1     18.176049574185      6.512673502467      6.203100492089
    1     21.898135109215     -1.919915112483      5.498815359660
    8     21.164174530292     -1.434741141178      5.971868102903
    1     20.676941733565     -2.097981360798      6.484028629881
    8     19.206344527901      2.016469985345      5.945425813842
    1     20.031877164707      1.538482181774      5.679880199548
    1     19.480343188668      2.893838631246      6.258792374011
    8      8.893694743350     12.077706884590      6.014188910638
    1      9.368277979531     11.296057501874      6.385041519444
    1      9.220549481094     12.896216607610      6.467006889381
    0    0
