   2   1   1 E -1.7659734924014E+04 DE-5.9E-09( 11)
  0.112709648753E+02 -0.200893925263E-01  0.000000000000E+00
 -0.565298688445E+01  0.980092464302E+01  0.000000000000E+00
  0.000000000000E+00  0.000000000000E+00  0.500000000000E+03
    1
  0.100000000000E+01  0.000000000000E+00  0.000000000000E+00
  0.000000000000E+00  0.100000000000E+01  0.000000000000E+00
  0.000000000000E+00  0.000000000000E+00  0.100000000000E+01
  0.000000000000E+00  0.000000000000E+00  0.000000000000E+00
  111
    8     -1.842547400010      1.066912516334      4.047189040392
    8     -3.737537951328      4.369187523891      4.095947684272
    8      0.033259691676     -2.187089334060      4.000908453264
    8      1.898763882549      1.032146560790      3.943097687504
    8      0.002085737012      4.356702884107      3.943596183056
    8      3.817776236451     -2.134543745801      4.018564401461
    8     -5.664648261691      1.079520424919      4.140842879519
    8     -7.498848056581      4.456108298401      4.092381187478
    8     -3.793554608404     -2.098089133958      4.092517855957
  258      1.906562910421     -1.088511295600      3.238132981002
  258      0.012374360170      2.149441083211      3.251656724487
  258      3.793062860735     -4.374818677265      3.246883878183
  258      5.637029944651     -1.088506555670      3.179023709353
  258      3.742847768898      2.179780063435      3.285520151891
  258      7.512511140598     -4.354833627740      3.222785433192
  258     -1.889944764304     -1.059857066148      3.262792052754
  258     -3.764476947832      2.198110707561      3.296929699285
  258      0.023188327166     -4.320859747248      3.224631018866
    8     -0.011899806931     -0.013127956262      2.407412914198
    8     -1.909079032207      3.248848356628      2.440751661139
    8      1.916459381745     -3.279870249940      2.423450735601
    8      3.796082199257      0.021355266744      2.392419089065
    8      1.920103268289      3.272100283652      2.449277967860
    8      5.664474053337     -3.260509014610      2.398179243489
    8     -3.765331921339      0.047271815149      2.427745548620
    8     -5.639824273647      3.270723919931      2.473257603908
    8     -1.897322614612     -3.229547224143      2.427463942427
    8      1.890899710498     -1.093518560085      0.861922409508
    8      0.008141751801      2.184969054091      0.875930494246
    8      3.777953936351     -4.368596648397      0.862267627206
    8      5.649304631209     -1.097460493924      0.844157129152
    8      3.761045004851      2.184728772834      0.867073010150
    8      7.525859565698     -4.372196253063      0.860316978527
    8     -1.891659007492     -1.074292822013      0.862800371188
    8     -3.772083516199      2.196402304909      0.868258864240
    8      0.005388112738     -4.347615781230      0.889049317534
  258      0.000638069577      0.000712792000      0.053190509281
  258     -1.884275302553      3.267485143093      0.056651075982
  258      1.893852497709     -3.265387350840      0.045985749641
  258      3.760209671578      0.003772854318      0.040626218814
  258      1.881971563326      3.260039240619      0.048077911366
  258      5.646586816780     -3.278520466256      0.030618241760
  258     -3.752036885550      0.021004247387      0.042654355659
  258     -5.639184154700      3.275263390843      0.054823616349
  258     -1.874124373590     -3.250034085095      0.045914927485
    8     -1.875288306817      1.099799719593     -0.764439983427
    8     -3.765611965951      4.366550044000     -0.764370821503
    8      0.006204832347     -2.175219418628     -0.761525817326
    8      1.879624942837      1.088262415673     -0.765827132749
    8     -0.002391590392      4.349124897460     -0.772111462301
    8      3.764003015572     -2.183669149659     -0.769995268376
    8     -5.635239350936      1.106654584318     -0.770989918485
    8     -7.513632202831      4.373661420051     -0.768215733750
    8     -3.747383142333     -2.168698497227     -0.773554327409
    8      0.000000000000      0.000000000000     -2.343480358560
    8     -1.884328961486      3.266974881008     -2.343480358560
    8      1.884328961492     -3.266974881003     -2.343480358560
    8      3.756988291769     -0.006696464181     -2.343480358560
    8      1.872659330275      3.260278416834     -2.343480358560
    8      5.641317253269     -3.273671345184     -2.343480358560
    8     -3.756988291769      0.006696464171     -2.343480358560
    8     -5.641317253269      3.273671345184     -2.343480358560
    8     -1.872659330281     -3.260278416828     -2.343480358560
  258     -1.880439084419      1.091223781727     -3.124640478080
  258     -3.764768045900      4.358198662739     -3.124640478080
  258      0.003889877071     -2.175751099277     -3.124640478080
  258      1.876549207349      1.084527317550     -3.124640478080
  258     -0.007779754140      4.351502198562     -3.124640478080
  258      3.760878168839     -2.182447563456     -3.124640478080
  258     -5.637427376229      1.097920245890     -3.124640478080
  258     -7.521756337676      4.364895126922     -3.124640478080
  258     -3.753098414699     -2.169054635106     -3.124640478080
    8      1.880439084419     -1.091223781727     -3.905800597599
    8     -0.003889877071      2.175751099277     -3.905800597599
    8      3.764768045900     -4.358198662739     -3.905800597599
    8      5.637427376229     -1.097920245890     -3.905800597599
    8      3.753098414704      2.169054635106     -3.905800597599
    8      7.521756337676     -4.364895126922     -3.905800597599
    8     -1.876549207349     -1.084527317550     -3.905800597599
    8     -3.760878168841      2.182447563456     -3.905800597599
    8      0.007779754139     -4.351502198562     -3.905800597599
    8     12.720925243545      5.916820735365      5.959460839288
    1     12.903154333473      6.799091338626      5.520538271399
    8     15.146842509510      4.845234310056      6.634546374031
    1     16.071444198474      5.143664931656      6.785342919230
    1     15.118180012804      4.712438628449      5.624223237859
    1     12.746890640936     -0.486471275890      6.301757337440
    8     13.332037894818     -1.182236703120      5.952179777087
    1     14.255894516051     -0.881073746389      6.114851171519
    8     16.006500162280      0.011384037311      6.320070545696
    1     16.477813223016      0.482562100604      5.533871784061
    1     16.658636518670     -0.095101624229      7.028996109485
    8     11.730521600874      2.507781031520      5.830267146343
    1     12.696615778587      2.330737348035      5.942793778427
    1     11.646115071643      3.471578814466      5.674015077161
    8      9.775431024804      5.827885719259      5.879409403614
    1     10.737457180358      5.719766936018      6.044649390144
    1      9.665946875305      6.763339170360      5.579005711535
    1     13.527085039875      5.640465483858      6.456164028613
    8     17.737227518228      5.647580693345      6.100942683407
    1     18.361748130788      5.065902630681      5.585980907830
    1     18.179168985773      6.511085942818      6.206967370796
    1     21.898679003106     -1.920048386232      5.498716323864
    8     21.165713151400     -1.433615561444      5.973011181539
    1     20.677921298100     -2.096199625406      6.485737441309
    8     19.207422605820      2.021907022925      5.943289787186
    1     20.031616485482      1.540485677850      5.679424100163
    1     19.483941299486      2.900765931617      6.251276193968
    8      8.896404320689     12.080690915319      6.012165381391
    1      9.370353578597     11.297810221604      6.381763037997
    1      9.223873912282     12.898356221835      6.465813633689
    0    0
