   2   1   1 E -1.7659734888614E+04 DE-6.6E-08(  5)
  0.112714936747E+02 -0.197451493690E-01  0.000000000000E+00
 -0.565295319667E+01  0.980068007746E+01  0.000000000000E+00
  0.000000000000E+00  0.000000000000E+00  0.500000000000E+03
    1
  0.100000000000E+01  0.000000000000E+00  0.000000000000E+00
  0.000000000000E+00  0.100000000000E+01  0.000000000000E+00
  0.000000000000E+00  0.000000000000E+00  0.100000000000E+01
  0.000000000000E+00  0.000000000000E+00  0.000000000000E+00
  111
    8     -1.841866258711      1.068204962345      4.047873347920
    8     -3.738266543104      4.369210387126      4.096437703057
    8      0.035030968834     -2.187481533549      4.003259302199
    8      1.897072438667      1.033042582037      3.942629980551
    8      0.002262770933      4.356332983738      3.942931140188
    8      3.817755595245     -2.134809196592      4.022590256100
    8     -5.663004144245      1.082875154720      4.133205389957
    8     -7.501262614842      4.454032929750      4.093599062027
    8     -3.796148110029     -2.100730151776      4.090804897416
  258      1.906230921147     -1.090212332178      3.238595063208
  258      0.012343707343      2.149602524808      3.251003506917
  258      3.792671497193     -4.375256295958      3.247064271029
  258      5.636818729907     -1.088880246660      3.179443962985
  258      3.742928752594      2.179654846814      3.284429420667
  258      7.512136054343     -4.354447380942      3.222235678099
  258     -1.890012234218     -1.060209636105      3.263020572417
  258     -3.764870155078      2.198031664702      3.294858244678
  258      0.022591009194     -4.321085864288      3.224925215142
    8     -0.012966698813     -0.014560622783      2.407904118772
    8     -1.909409330639      3.249178131936      2.439773695379
    8      1.917390212014     -3.279777739996      2.423135973289
    8      3.794848620281      0.019408454951      2.393244298627
    8      1.920533268105      3.272555878040      2.447527338864
    8      5.662126950530     -3.260251716057      2.397532291379
    8     -3.763734204578      0.046004050887      2.428216962219
    8     -5.640977982629      3.273210133891      2.471564341275
    8     -1.896536600282     -3.230245889695      2.428467985534
    8      1.890251057644     -1.093374991695      0.861535487285
    8      0.008369749155      2.184151070985      0.876232146032
    8      3.777652149869     -4.369030296443      0.861154987264
    8      5.649817520425     -1.096409882655      0.844934936973
    8      3.761297849815      2.183424081634      0.867517755642
    8      7.525703476454     -4.370682294551      0.860323657875
    8     -1.891876811456     -1.075342667971      0.862002447903
    8     -3.772829285643      2.195687245817      0.867884846056
    8      0.005505264503     -4.346273262725      0.888065078739
  258      0.000758638348      0.000735971593      0.053362225592
  258     -1.884399167676      3.267402893746      0.055837955127
  258      1.893548588054     -3.265195547393      0.045570240097
  258      3.760219100868      0.003853207459      0.040872070924
  258      1.881994797331      3.260046803799      0.048021215123
  258      5.646200891408     -3.278279344556      0.030310731898
  258     -3.752404462545      0.020216873039      0.042352767184
  258     -5.639441284265      3.274990914083      0.054613134736
  258     -1.874223497804     -3.250118939483      0.045779826314
    8     -1.875447101457      1.099799526674     -0.764336351689
    8     -3.765994558688      4.366023025694     -0.764594208014
    8      0.006101304495     -2.174892554312     -0.762327173528
    8      1.879785777566      1.088454099975     -0.766368930683
    8     -0.002064271167      4.348726944208     -0.772099370857
    8      3.764275876379     -2.183184494924     -0.769830597002
    8     -5.635791428265      1.106460920592     -0.771482150668
    8     -7.514175027936      4.372849648472     -0.767737755668
    8     -3.748125906904     -2.168717688625     -0.774074669737
    8      0.000000000000      0.000000000000     -2.343480358560
    8     -1.884317732226      3.266893359154     -2.343480358560
    8      1.884317732232     -3.266893359149     -2.343480358560
    8      3.757164558232     -0.006581716462     -2.343480358560
    8      1.872846825999      3.260311642699     -2.343480358560
    8      5.641482290472     -3.273475075612     -2.343480358560
    8     -3.757164558232      0.006581716452     -2.343480358560
    8     -5.641482290472      3.273475075612     -2.343480358560
    8     -1.872846826005     -3.260311642693     -2.343480358560
  258     -1.880494096820      1.091158358536     -3.124640478080
  258     -3.764811829041      4.358051717695     -3.124640478080
  258      0.003823635410     -2.175735000615     -3.124640478080
  258      1.876670461411      1.084576642079     -3.124640478080
  258     -0.007647270817      4.351470001237     -3.124640478080
  258      3.760988193641     -2.182316717075     -3.124640478080
  258     -5.637658655093      1.097740074980     -3.124640478080
  258     -7.521976387280      4.364633434158     -3.124640478080
  258     -3.753340922824     -2.169153284163     -3.124640478080
    8      1.880494096820     -1.091158358536     -3.905800597599
    8     -0.003823635410      2.175735000615     -3.905800597599
    8      3.764811829041     -4.358051717695     -3.905800597599
    8      5.637658655093     -1.097740074980     -3.905800597599
    8      3.753340922829      2.169153284163     -3.905800597599
    8      7.521976387280     -4.364633434158     -3.905800597599
    8     -1.876670461411     -1.084576642079     -3.905800597599
    8     -3.760988193643      2.182316717075     -3.905800597599
    8      0.007647270816     -4.351470001237     -3.905800597599
    8     12.719543126937      5.913158230350      5.960442874964
    1     12.900489018648      6.796160135349      5.523867238523
    8     15.142235821299      4.834781321879      6.635426086474
    1     16.066161579224      5.132904587650      6.789267886271
    1     15.116086259020      4.705356496061      5.624125493828
    1     12.788002752823     -0.407536245000      6.254115357003
    8     13.336554276992     -1.151942936759      5.951035281254
    1     14.271688289857     -0.886173273621      6.105764285799
    8     16.040610977586      0.010996117970      6.322058962385
    1     16.501636833731      0.486819218405      5.534809661342
    1     16.698680181703     -0.088753869648      7.026438738285
    8     11.734500367762      2.509173996251      5.830603114606
    1     12.700756039416      2.334735768081      5.943035571736
    1     11.646418374500      3.472804473658      5.674898023366
    8      9.776917047177      5.829825738779      5.881415696897
    1     10.738787220775      5.721291921448      6.047054502017
    1      9.669351103861      6.763887552588      5.574849309379
    1     13.525876637365      5.635612035871      6.456267870931
    8     17.730518573509      5.644684987969      6.099915340776
    1     18.359601866210      5.066391739454      5.586363940219
    1     18.165254037147      6.511470853492      6.206229030449
    1     21.892349277640     -1.913699957455      5.505836217278
    8     21.147138293369     -1.431888516050      5.962993856967
    1     20.657108444663     -2.095291821143      6.472138519484
    8     19.201878199711      2.012424927839      5.942245091440
    1     20.027275077178      1.534351767477      5.675028591305
    1     19.476419714915      2.889773217847      6.256196128951
    8      8.903418381912     12.069061011341      6.015716053968
    1      9.384852540125     11.291957880142      6.387088944218
    1      9.225005215720     12.890911964895      6.466747232847
    0    0
