   2   1   1 E -1.7659734933374E+04 DE 3.2E-08(  7)
  0.112707333233E+02 -0.201275208344E-01  0.000000000000E+00
 -0.565290372619E+01  0.980102448193E+01  0.000000000000E+00
  0.000000000000E+00  0.000000000000E+00  0.500000000000E+03
    1
  0.100000000000E+01  0.000000000000E+00  0.000000000000E+00
  0.000000000000E+00  0.100000000000E+01  0.000000000000E+00
  0.000000000000E+00  0.000000000000E+00  0.100000000000E+01
  0.000000000000E+00  0.000000000000E+00  0.000000000000E+00
  111
    8     -1.842639858486      1.067162252384      4.047112218958
    8     -3.737730971038      4.368891890735      4.095590627824
    8      0.032836896343     -2.187581595022      4.000943846444
    8      1.898347758749      1.031509709070      3.943613074976
    8      0.002300289760      4.356733314471      3.943272999198
    8      3.817867390572     -2.134159098051      4.019305309237
    8     -5.665199471878      1.079870754146      4.140443463376
    8     -7.499236750999      4.455866236895      4.092576983870
    8     -3.793658072892     -2.098328230500      4.092221135873
  258      1.906361410907     -1.089091269517      3.238792488146
  258      0.012256169796      2.149516109709      3.251406334365
  258      3.793003113638     -4.374859890576      3.246988909059
  258      5.636704402423     -1.088437054481      3.178977116128
  258      3.742344942122      2.179324442443      3.285675261776
  258      7.512281225670     -4.354934125350      3.222724361166
  258     -1.890030913085     -1.059876590508      3.262545160998
  258     -3.764531722439      2.198122633073      3.296853746280
  258      0.023014406848     -4.321366195469      3.224186877720
    8     -0.012052279556     -0.013532751242      2.407685436234
    8     -1.909008070055      3.248982016807      2.440601880147
    8      1.916796776096     -3.279835982238      2.423496919396
    8      3.795521979673      0.021086654918      2.392457024912
    8      1.920268415017      3.272005073996      2.448848820483
    8      5.663935254192     -3.260376373411      2.397889032767
    8     -3.765178172448      0.047280447930      2.427837314978
    8     -5.640081491316      3.270622364736      2.473062343284
    8     -1.897209952439     -3.229817163274      2.427391221793
    8      1.890623072136     -1.093585674036      0.862142526313
    8      0.008255881196      2.184643408871      0.876098267677
    8      3.777810253468     -4.368750497598      0.862115199341
    8      5.649133353101     -1.096998813483      0.844284261932
    8      3.760862611516      2.184393609617      0.867073914473
    8      7.525601685522     -4.372077201527      0.860280405375
    8     -1.891627848223     -1.074396723594      0.862613569369
    8     -3.772049036224      2.196286749685      0.867924805507
    8      0.005461988976     -4.347498628036      0.888884469092
  258      0.000840799559      0.000811792640      0.053394297214
  258     -1.884272548809      3.267536562260      0.056362442228
  258      1.893815157686     -3.265295643178      0.045895390974
  258      3.760042446666      0.003847130537      0.040852097387
  258      1.881972021468      3.260036752591      0.048107740411
  258      5.646268844297     -3.278548108597      0.030447141727
  258     -3.752099332945      0.020916743685      0.042454603164
  258     -5.639084353566      3.275119692870      0.054882790028
  258     -1.874139258402     -3.250193346780      0.045926663981
    8     -1.875223345672      1.099937605048     -0.764404909122
    8     -3.765646696386      4.366587516420     -0.764418202207
    8      0.006270780315     -2.175157086663     -0.761734754561
    8      1.879560836803      1.088233960312     -0.766012676718
    8     -0.002365811386      4.349095099622     -0.772138459836
    8      3.763885431807     -2.183555266822     -0.769962986772
    8     -5.635235550992      1.106763722479     -0.771186263258
    8     -7.513487323607      4.373578135831     -0.768212077097
    8     -3.747432826821     -2.168678987226     -0.773631349997
    8      0.000000000000      0.000000000000     -2.343480358560
    8     -1.884301242064      3.267008160643     -2.343480358560
    8      1.884301242070     -3.267008160638     -2.343480358560
    8      3.756911107796     -0.006709173617     -2.343480358560
    8      1.872609865725      3.260298987033     -2.343480358560
    8      5.641212349874     -3.273717334255     -2.343480358560
    8     -3.756911107796      0.006709173607     -2.343480358560
    8     -5.641212349874      3.273717334255     -2.343480358560
    8     -1.872609865731     -3.260298987027     -2.343480358560
  258     -1.880404116621      1.091239111417     -3.124640478080
  258     -3.764705358679      4.358247272065     -3.124640478080
  258      0.003897125447     -2.175769049222     -3.124640478080
  258      1.876506991174      1.084529937805     -3.124640478080
  258     -0.007794250892      4.351538098452     -3.124640478080
  258      3.760808233242     -2.182478222837     -3.124640478080
  258     -5.637315224458      1.097948285016     -3.124640478080
  258     -7.521616466482      4.364956445684     -3.124640478080
  258     -3.753013982351     -2.169059875615     -3.124640478080
    8      1.880404116621     -1.091239111417     -3.905800597599
    8     -0.003897125447      2.175769049222     -3.905800597599
    8      3.764705358679     -4.358247272065     -3.905800597599
    8      5.637315224458     -1.097948285016     -3.905800597599
    8      3.753013982356      2.169059875615     -3.905800597599
    8      7.521616466482     -4.364956445684     -3.905800597599
    8     -1.876506991174     -1.084529937805     -3.905800597599
    8     -3.760808233244      2.182478222837     -3.905800597599
    8      0.007794250891     -4.351538098452     -3.905800597599
    8     12.719282928286      5.916069002169      5.959236319739
    1     12.901761042597      6.798692485268      5.521771369671
    8     15.145705298091      4.843073599325      6.634712412526
    1     16.070971860792      5.138477580901      6.786594390486
    1     15.117893351462      4.710554367457      5.624207018368
    1     12.741563322199     -0.492640673195      6.300816004612
    8     13.327894824857     -1.187268826572      5.955178155655
    1     14.250811793589     -0.883830962620      6.117726948987
    8     16.005618319840      0.013145639247      6.322096047532
    1     16.476446790649      0.482824473549      5.535281963598
    1     16.658431649783     -0.091918630497      7.030444281193
    8     11.723385003921      2.505013431152      5.829628611846
    1     12.689359198552      2.328932843632      5.944297204401
    1     11.638026793541      3.469266310530      5.675804440904
    8      9.779333543787      5.830745123992      5.882114993433
    1     10.742509626562      5.726073893626      6.043625092536
    1      9.665828929444      6.765397462019      5.580647194991
    1     13.525188548568      5.639597487208      6.456159117777
    8     17.736397583442      5.646457116879      6.099796254800
    1     18.360092010684      5.063651898532      5.584867834781
    1     18.178055062673      6.510701838439      6.202188888588
    1     21.898248594154     -1.920882321219      5.498235800314
    8     21.166505508083     -1.434806952133      5.974059998890
    1     20.678922206091     -2.097930904640      6.486071537746
    8     19.207500498362      2.024004490013      5.941998044547
    1     20.031105276730      1.541295010115      5.678591535975
    1     19.485027974132      2.903072070040      6.248761530116
    8      8.889369765344     12.079135387672      6.014404872392
    1      9.363335519252     11.297282451175      6.385359316638
    1      9.216624348738     12.897563564973      6.466983739300
    0    0
