   2   1   1 E -1.7659734928420E+04 DE-1.1E-07(  7)
  0.112708712281E+02 -0.200958044578E-01  0.000000000000E+00
 -0.565294557435E+01  0.980087791198E+01  0.000000000000E+00
  0.000000000000E+00  0.000000000000E+00  0.500000000000E+03
    1
  0.100000000000E+01  0.000000000000E+00  0.000000000000E+00
  0.000000000000E+00  0.100000000000E+01  0.000000000000E+00
  0.000000000000E+00  0.000000000000E+00  0.100000000000E+01
  0.000000000000E+00  0.000000000000E+00  0.000000000000E+00
  111
    8     -1.842545214717      1.067003784787      4.047174065649
    8     -3.737556568526      4.369091960217      4.095897164761
    8      0.033237335506     -2.187123651480      4.000929848756
    8      1.898771956625      1.032028438194      3.943185455059
    8      0.002149787063      4.356699067744      3.943484849839
    8      3.817839484403     -2.134415703550      4.018741594480
    8     -5.664703483279      1.079594191260      4.140694895563
    8     -7.498838806173      4.455971574336      4.092409771005
    8     -3.793585782778     -2.098179485760      4.092405154904
  258      1.906568255666     -1.088616572374      3.238302167990
  258      0.012376669124      2.149475869026      3.251607680685
  258      3.793029305175     -4.374816276144      3.246898885259
  258      5.636960934973     -1.088512029637      3.178965826713
  258      3.742799763876      2.179671530824      3.285548817594
  258      7.512453934347     -4.354822798878      3.222767798898
  258     -1.889947878517     -1.059863627753      3.262774246003
  258     -3.764464209843      2.198085272752      3.296914650708
  258      0.023202534945     -4.320899236893      3.224567457944
    8     -0.011913783898     -0.013190079365      2.407488283807
    8     -1.909043428552      3.248854955795      2.440733819968
    8      1.916522703986     -3.279853166396      2.423492879510
    8      3.795990330170      0.021269438121      2.392401666940
    8      1.920154862087      3.272065413255      2.449172116566
    8      5.664344935405     -3.260480193724      2.398090366362
    8     -3.765280380901      0.047258318286      2.427738713950
    8     -5.639808262638      3.270693978601      2.473234522569
    8     -1.897260831169     -3.229578356158      2.427457726594
    8      1.890858433139     -1.093543771148      0.861996704086
    8      0.008155102418      2.184918312955      0.875981242185
    8      3.777906727827     -4.368606960319      0.862226260751
    8      5.649252362429     -1.097394938108      0.844145490855
    8      3.761043958708      2.184667864616      0.867082207426
    8      7.525796110401     -4.372151892844      0.860315816501
    8     -1.891614889831     -1.074315569998      0.862764009143
    8     -3.772036840086      2.196364886419      0.868215227466
    8      0.005414420415     -4.347584676123      0.889068519810
  258      0.000670354701      0.000695326475      0.053229002396
  258     -1.884265984848      3.267461927582      0.056607609776
  258      1.893844857725     -3.265346407313      0.045991210536
  258      3.760174642966      0.003777330899      0.040670364903
  258      1.881985322028      3.260021534224      0.048089783798
  258      5.646523928129     -3.278510055941      0.030585019311
  258     -3.752001601610      0.020983784894      0.042636236791
  258     -5.639139927522      3.275217109375      0.054860989032
  258     -1.874103149004     -3.250032123750      0.045936522596
    8     -1.875257568690      1.099794294866     -0.764425620325
    8     -3.765606962715      4.366536160433     -0.764382326389
    8      0.006224469648     -2.175215776584     -0.761543034695
    8      1.879614104687      1.088248886126     -0.765810878389
    8     -0.002377075051      4.349095682718     -0.772129538627
    8      3.763966386229     -2.183651766742     -0.769992464000
    8     -5.635208988823      1.106663630935     -0.771016547201
    8     -7.513558817631      4.373620091862     -0.768224600790
    8     -3.747364706108     -2.168690796832     -0.773560316234
    8      0.000000000000      0.000000000000     -2.343480358560
    8     -1.884315191450      3.266959303995     -2.343480358560
    8      1.884315191456     -3.266959303990     -2.343480358560
    8      3.756957076033     -0.006698601492     -2.343480358560
    8      1.872641884576      3.260260702510     -2.343480358560
    8      5.641272267498     -3.273657905482     -2.343480358560
    8     -3.756957076033      0.006698601482     -2.343480358560
    8     -5.641272267498      3.273657905482     -2.343480358560
    8     -1.872641884582     -3.260260702504     -2.343480358560
  258     -1.880424089162      1.091219301826     -3.124640478080
  258     -3.764739280607      4.358178605826     -3.124640478080
  258      0.003891102293     -2.175740002165     -3.124640478080
  258      1.876532986870      1.084520700339     -3.124640478080
  258     -0.007782204582      4.351480004338     -3.124640478080
  258      3.760848178325     -2.182438603655     -3.124640478080
  258     -5.637381165237      1.097917903300     -3.124640478080
  258     -7.521696356648      4.364877207319     -3.124640478080
  258     -3.753065973743     -2.169041400683     -3.124640478080
    8      1.880424089162     -1.091219301826     -3.905800597599
    8     -0.003891102293      2.175740002165     -3.905800597599
    8      3.764739280607     -4.358178605826     -3.905800597599
    8      5.637381165237     -1.097917903300     -3.905800597599
    8      3.753065973748      2.169041400683     -3.905800597599
    8      7.521696356648     -4.364877207319     -3.905800597599
    8     -1.876532986870     -1.084520700339     -3.905800597599
    8     -3.760848178327      2.182438603655     -3.905800597599
    8      0.007782204581     -4.351480004338     -3.905800597599
    8     12.720217538550      5.915981657875      5.958724203736
    1     12.902657909890      6.798497073509      5.520461599191
    8     15.146604114497      4.844377026355      6.634611831612
    1     16.071434704349      5.141780866843      6.785740597913
    1     15.118093888786      4.711680222317      5.624232453874
    1     12.745976292002     -0.486544842820      6.300134386795
    8     13.330884839594     -1.182693874803      5.952695657144
    1     14.254834278481     -0.881416743376      6.114879148634
    8     16.006094593012      0.011930951190      6.320225077591
    1     16.477494686742      0.482835995274      5.533957962528
    1     16.658072229375     -0.093737981471      7.029408865892
    8     11.728368899334      2.506451877455      5.829668222808
    1     12.694454217990      2.329993620142      5.942977882971
    1     11.643170807955      3.470549690369      5.675049599073
    8      9.777919807732      5.829105803359      5.880419496431
    1     10.740617726631      5.722717224047      6.043270142783
    1      9.666202185077      6.764174047462      5.579535257457
    1     13.525807016167      5.639830611907      6.456326878737
    8     17.737299400459      5.647800470031      6.100719081282
    1     18.361614909918      5.065787291276      5.585828888706
    1     18.178565129549      6.512068729832      6.204369408720
    1     21.898285041309     -1.920181349759      5.498425015518
    8     21.165220227016     -1.433995121457      5.972570156089
    1     20.677403766493     -2.096765079890      6.484912049782
    8     19.207581342932      2.023320388953      5.942581733091
    1     20.031281905374      1.540804356987      5.679062157943
    1     19.484958593368      2.902581907587      6.249132867403
    8      8.894166141887     12.079633089877      6.013351444594
    1      9.367889159009     11.296930376970      6.383654167208
    1      9.221602874633     12.897610160352      6.466585615783
    0    0
