   2   1   1 E -1.7659734906696E+04 DE 1.5E-07(  4)
  0.112714289714E+02 -0.198129451568E-01  0.000000000000E+00
 -0.565297948697E+01  0.980079911525E+01  0.000000000000E+00
  0.000000000000E+00  0.000000000000E+00  0.500000000000E+03
    1
  0.100000000000E+01  0.000000000000E+00  0.000000000000E+00
  0.000000000000E+00  0.100000000000E+01  0.000000000000E+00
  0.000000000000E+00  0.000000000000E+00  0.100000000000E+01
  0.000000000000E+00  0.000000000000E+00  0.000000000000E+00
  111
    8     -1.842133897918      1.067783870580      4.047628284382
    8     -3.738001551466      4.369104813174      4.096477442716
    8      0.034610538969     -2.186998208631      4.003106294246
    8      1.897824357098      1.033208029719      3.942304403783
    8      0.002242141359      4.356666752217      3.943078411563
    8      3.818191770960     -2.134477492992      4.021404314894
    8     -5.663252365022      1.081957037451      4.135246436318
    8     -7.500570928567      4.454629403096      4.093395914576
    8     -3.795409459087     -2.099997774155      4.091434816943
  258      1.906533974424     -1.089369004694      3.238600543679
  258      0.012457137428      2.149694923871      3.250891977399
  258      3.792770156944     -4.375115758137      3.247017759664
  258      5.636958626266     -1.088763693199      3.178915852508
  258      3.742985315029      2.179822108186      3.284883146506
  258      7.512272054592     -4.354521603402      3.222476329977
  258     -1.890046217709     -1.060055481518      3.263086660061
  258     -3.764791730112      2.198073118824      3.295344097941
  258      0.022824948746     -4.320875885820      3.224940738802
    8     -0.012532473544     -0.013907801420      2.407687448794
    8     -1.909255764242      3.249225033357      2.440110510480
    8      1.917158502494     -3.279740237416      2.423582387102
    8      3.795342707001      0.020138193342      2.392760671330
    8      1.920474186888      3.272507619752      2.447957137460
    8      5.662934954252     -3.260317291914      2.397641503612
    8     -3.764266353575      0.046294925529      2.427772156689
    8     -5.640651878288      3.272578001675      2.472183408725
    8     -1.896712297767     -3.229959479718      2.428255095644
    8      1.890488396949     -1.093516643723      0.861651198909
    8      0.008188049931      2.184642559924      0.876043783550
    8      3.777711644470     -4.368868344093      0.861452265861
    8      5.649671019490     -1.096821998758      0.844367481061
    8      3.761435786657      2.184056578477      0.867248634354
    8      7.525879305911     -4.371191537567      0.860353237074
    8     -1.891700299633     -1.075028668841      0.862140061817
    8     -3.772547431380      2.196000098426      0.868030051350
    8      0.005495347498     -4.346734646088      0.888588889462
  258      0.000718352476      0.000606823146      0.053139722938
  258     -1.884393273254      3.267504080346      0.056004589379
  258      1.893726737382     -3.265215814132      0.045675266762
  258      3.760250903004      0.003880305008      0.040718356794
  258      1.882063795562      3.260112979544      0.047967856710
  258      5.646428424712     -3.278392628656      0.030315955357
  258     -3.752227843035      0.020524484573      0.042365194444
  258     -5.639464218752      3.275158344889      0.054733185088
  258     -1.874223934575     -3.250088419715      0.045778053147
    8     -1.875386544413      1.099759219429     -0.764440465162
    8     -3.765942729744      4.366287473923     -0.764568521315
    8      0.006150920207     -2.175108486366     -0.762101343820
    8      1.879753046938      1.088435529783     -0.766041786726
    8     -0.002122178500      4.348937845955     -0.772205365966
    8      3.764193155603     -2.183386033399     -0.769996994157
    8     -5.635618016063      1.106530380865     -0.771375156610
    8     -7.514017350840      4.373210834350     -0.768053931400
    8     -3.747882280154     -2.168775994860     -0.773927365927
    8      0.000000000000      0.000000000000     -2.343480358560
    8     -1.884326495660      3.266933038417     -2.343480358560
    8      1.884326495666     -3.266933038412     -2.343480358560
    8      3.757142990481     -0.006604315058     -2.343480358560
    8      1.872816494814      3.260328723365     -2.343480358560
    8      5.641469486154     -3.273537353470     -2.343480358560
    8     -3.757142990481      0.006604315048     -2.343480358560
    8     -5.641469486154      3.273537353470     -2.343480358560
    8     -1.872816494820     -3.260328723359     -2.343480358560
  258     -1.880489828714      1.091179117822     -3.124640478080
  258     -3.764816324369      4.358112156243     -3.124640478080
  258      0.003836666950     -2.175753920591     -3.124640478080
  258      1.876653161765      1.084574802769     -3.124640478080
  258     -0.007673333896      4.351507841189     -3.124640478080
  258      3.760979657429     -2.182358235647     -3.124640478080
  258     -5.637632819236      1.097783432862     -3.124640478080
  258     -7.521959314856      4.364716471302     -3.124640478080
  258     -3.753306323533     -2.169149605543     -3.124640478080
    8      1.880489828714     -1.091179117822     -3.905800597599
    8     -0.003836666950      2.175753920591     -3.905800597599
    8      3.764816324369     -4.358112156243     -3.905800597599
    8      5.637632819236     -1.097783432862     -3.905800597599
    8      3.753306323538      2.169149605543     -3.905800597599
    8      7.521959314856     -4.364716471302     -3.905800597599
    8     -1.876653161765     -1.084574802769     -3.905800597599
    8     -3.760979657431      2.182358235647     -3.905800597599
    8      0.007673333896     -4.351507841189     -3.905800597599
    8     12.719837275590      5.913382979198      5.959644522610
    1     12.901071919168      6.796441246210      5.522942554247
    8     15.143024931927      4.836431006463      6.635444895363
    1     16.067043163873      5.134588433901      6.788821055723
    1     15.116497705672      4.706201202683      5.624354559328
    1     12.777628687470     -0.430403980579      6.270784554065
    8     13.337604103448     -1.159422392262      5.951025606225
    1     14.269767954973     -0.883061145570      6.107885145626
    8     16.033395918341      0.011986295845      6.321688197945
    1     16.496904691713      0.486494952022      5.534228489790
    1     16.689944379765     -0.088702234191      7.027382112452
    8     11.733219838391      2.508156364143      5.830025891913
    1     12.699238346056      2.332739399246      5.943451808854
    1     11.646224357030      3.471994728539      5.675197346043
    8      9.777361872083      5.829767276061      5.880913067767
    1     10.739535172526      5.721823460117      6.045308550433
    1      9.668465671448      6.764125421759      5.575968273010
    1     13.525890505825      5.636064620111      6.456014744250
    8     17.732153363022      5.645525367696      6.100010214108
    1     18.360140367767      5.066188106376      5.586353697187
    1     18.168472841320      6.511793697000      6.205013798378
    1     21.893189034026     -1.914969442907      5.503979478125
    8     21.151119304071     -1.431809585637      5.965383987700
    1     20.660268928839     -2.095227000392      6.473792285635
    8     19.202886948493      2.014476696059      5.942538908338
    1     20.028037352669      1.535538823368      5.676498825333
    1     19.477789985656      2.892398813395      6.254660506435
    8      8.901559041938     12.070744630914      6.015389754415
    1      9.381776954881     11.292442248711      6.386128050983
    1      9.224311839320     12.891642646845      6.467152800339
    0    0
