   2   1   1 E -1.7659734934734E+04 DE-2.0E-08(  5)
  0.112707476611E+02 -0.201128546079E-01  0.000000000000E+00
 -0.565289808905E+01  0.980106623830E+01  0.000000000000E+00
  0.000000000000E+00  0.000000000000E+00  0.500000000000E+03
    1
  0.100000000000E+01  0.000000000000E+00  0.000000000000E+00
  0.000000000000E+00  0.100000000000E+01  0.000000000000E+00
  0.000000000000E+00  0.000000000000E+00  0.100000000000E+01
  0.000000000000E+00  0.000000000000E+00  0.000000000000E+00
  111
    8     -1.842570486141      1.067096323797      4.047151247052
    8     -3.737718418053      4.368882799695      4.095530652299
    8      0.032833456271     -2.187746636457      4.001041009435
    8      1.898152477453      1.031508631493      3.943706974517
    8      0.002327463630      4.356852906808      3.943273259198
    8      3.817932002931     -2.134215920494      4.019311607398
    8     -5.665168739052      1.079936111170      4.140135354791
    8     -7.499267541908      4.455919467809      4.092683347715
    8     -3.793561034944     -2.098401292718      4.092151978491
  258      1.906336593039     -1.089187903387      3.238829139745
  258      0.012246518062      2.149492531372      3.251390670259
  258      3.793037269384     -4.374836262866      3.246973905631
  258      5.636744857187     -1.088407401887      3.178970068704
  258      3.742280331863      2.179280094404      3.285714671983
  258      7.512317937036     -4.354856843715      3.222710381636
  258     -1.889969800571     -1.059910027032      3.262468259559
  258     -3.764515942640      2.198127556658      3.296767318138
  258      0.022961342439     -4.321451721894      3.224134039047
    8     -0.012061196654     -0.013650154850      2.407704466041
    8     -1.908973316981      3.249013270736      2.440557061423
    8      1.916862051091     -3.279809302078      2.423500133120
    8      3.795435873983      0.021066401602      2.392527311924
    8      1.920306642697      3.272054931493      2.448841266785
    8      5.663931636138     -3.260317363846      2.397861090813
    8     -3.765064137574      0.047219719045      2.427858757116
    8     -5.640178751148      3.270732257946      2.472962172573
    8     -1.897141734340     -3.229858050862      2.427365733696
    8      1.890593738099     -1.093595415428      0.862115351554
    8      0.008309064381      2.184571803641      0.876097191271
    8      3.777809945444     -4.368756970105      0.862081708373
    8      5.649160588776     -1.096912229179      0.844302237427
    8      3.760824463609      2.184337189392      0.867035218574
    8      7.525616024282     -4.372031858688      0.860251041821
    8     -1.891621571356     -1.074429263727      0.862555215457
    8     -3.772076118748      2.196277764466      0.867895562799
    8      0.005506188041     -4.347430496819      0.888797731218
  258      0.000884064009      0.000838526609      0.053409700082
  258     -1.884269135772      3.267566078604      0.056289463152
  258      1.893812774050     -3.265301167374      0.045836396397
  258      3.760031957445      0.003869485920      0.040865340642
  258      1.881981872683      3.260058482733      0.048089647815
  258      5.646250681791     -3.278548670068      0.030413002795
  258     -3.752121591857      0.020898089777      0.042391410535
  258     -5.639068435104      3.275127220320      0.054846680179
  258     -1.874140105223     -3.250215748496      0.045874255664
    8     -1.875233910951      1.099979581013     -0.764412498726
    8     -3.765646562271      4.366581596830     -0.764419955112
    8      0.006272627995     -2.175142531508     -0.761810585850
    8      1.879558311568      1.088239595428     -0.766092586226
    8     -0.002345027829      4.349102284529     -0.772104625080
    8      3.763899463048     -2.183516108798     -0.769969827971
    8     -5.635230580349      1.106775300386     -0.771229252972
    8     -7.513480016367      4.373587279631     -0.768208607729
    8     -3.747457716424     -2.168673377896     -0.773652406843
    8      0.000000000000      0.000000000000     -2.343480358560
    8     -1.884299363018      3.267022079434     -2.343480358560
    8      1.884299363024     -3.267022079429     -2.343480358560
    8      3.756915887040     -0.006704284875     -2.343480358560
    8      1.872616524015      3.260317794566     -2.343480358560
    8      5.641215250072     -3.273726364304     -2.343480358560
    8     -3.756915887040      0.006704284865     -2.343480358560
    8     -5.641215250072      3.273726364304     -2.343480358560
    8     -1.872616524021     -3.260317794560     -2.343480358560
  258     -1.880405083353      1.091242121433     -3.124640478080
  258     -3.764704446366      4.358264200872     -3.124640478080
  258      0.003894279669     -2.175779957997     -3.124640478080
  258      1.876510803686      1.084537836563     -3.124640478080
  258     -0.007788559334      4.351559916001     -3.124640478080
  258      3.760810166708     -2.182484242870     -3.124640478080
  258     -5.637320970434      1.097946406290     -3.124640478080
  258     -7.521620333413      4.364968485748     -3.124640478080
  258     -3.753021607373     -2.169075673131     -3.124640478080
    8      1.880405083353     -1.091242121433     -3.905800597599
    8     -0.003894279669      2.175779957997     -3.905800597599
    8      3.764704446366     -4.358264200872     -3.905800597599
    8      5.637320970434     -1.097946406290     -3.905800597599
    8      3.753021607378      2.169075673131     -3.905800597599
    8      7.521620333413     -4.364968485748     -3.905800597599
    8     -1.876510803686     -1.084537836563     -3.905800597599
    8     -3.760810166710      2.182484242870     -3.905800597599
    8      0.007788559333     -4.351559916001     -3.905800597599
    8     12.719928618730      5.915581981832      5.958996305068
    1     12.901955038575      6.798430197170      5.521847812815
    8     15.146130282158      4.843026658051      6.634760871514
    1     16.071347479745      5.138724824220      6.786404037682
    1     15.118138871043      4.710588438724      5.624238887333
    1     12.741288190699     -0.493379872933      6.301374607385
    8     13.327735067881     -1.187518917713      5.955019626201
    1     14.250564622782     -0.884402515940      6.117691087029
    8     16.006984208415      0.012697300518      6.322329214482
    1     16.477186841220      0.482562191768      5.535460198498
    1     16.660203714563     -0.092092383785      7.030420475764
    8     11.724883934468      2.506067673279      5.829561034722
    1     12.690669690196      2.329383762623      5.944585606864
    1     11.640156876295      3.470194525620      5.674913705280
    8      9.777787680654      5.829691785875      5.881114525813
    1     10.740630895961      5.723866083769      6.043635181549
    1      9.665574014951      6.764637043095      5.580088275841
    1     13.525949816609      5.639291093776      6.455833870584
    8     17.735854434357      5.645798860943      6.099568639145
    1     18.359503366777      5.062973796000      5.584501603032
    1     18.177824103334      6.509824865082      6.202331958049
    1     21.898085483270     -1.920492112011      5.498270242241
    8     21.166469619197     -1.434242500521      5.973956588196
    1     20.678653850354     -2.097232884015      6.485930893429
    8     19.207720091957      2.022226682309      5.943362382607
    1     20.031594067314      1.540517170624      5.679104373526
    1     19.484719124313      2.901066544999      6.251099242149
    8      8.891225010569     12.079266072652      6.013994273248
    1      9.365661721843     11.297618987546      6.384901269064
    1      9.218106473538     12.897815808792      6.466623432192
    0    0
