   2   1   1 E -1.7659734877774E+04 DE 3.4E-08(  6)
  0.112714942305E+02 -0.197489723080E-01  0.000000000000E+00
 -0.565295681694E+01  0.980067014570E+01  0.000000000000E+00
  0.000000000000E+00  0.000000000000E+00  0.500000000000E+03
    1
  0.100000000000E+01  0.000000000000E+00  0.000000000000E+00
  0.000000000000E+00  0.100000000000E+01  0.000000000000E+00
  0.000000000000E+00  0.000000000000E+00  0.100000000000E+01
  0.000000000000E+00  0.000000000000E+00  0.000000000000E+00
  111
    8     -1.841665153167      1.068566385117      4.048147356545
    8     -3.738527190506      4.369311340936      4.096405671517
    8      0.035260995677     -2.187883379757      4.003222217001
    8      1.896747389992      1.032845039499      3.942930944102
    8      0.002237451352      4.356074212400      3.942898036060
    8      3.817303898654     -2.135006179285      4.023138791938
    8     -5.663080876254      1.083338038557      4.132360190340
    8     -7.501519931770      4.453748665715      4.093688291802
    8     -3.796547606163     -2.101016617830      4.090424255269
  258      1.906122406653     -1.090825254894      3.238652976192
  258      0.012213659704      2.149703139328      3.251245849132
  258      3.792688366763     -4.375329774365      3.247171753222
  258      5.636733888794     -1.088913849570      3.179901771020
  258      3.742907535747      2.179530573542      3.284105541135
  258      7.512106700143     -4.354477344576      3.222128849957
  258     -1.889921969887     -1.060203417754      3.262918353065
  258     -3.764883466886      2.198104848048      3.294734303649
  258      0.022536350154     -4.321383440286      3.224851682123
    8     -0.013150770737     -0.015008837708      2.408187834699
    8     -1.909538450416      3.249163770829      2.439648691037
    8      1.917621752677     -3.279737798664      2.422774406232
    8      3.794734681951      0.018953728038      2.393522019461
    8      1.920619052146      3.272762357642      2.447357598979
    8      5.661685866223     -3.260238916503      2.397543643509
    8     -3.763385266298      0.045986688040      2.428634328334
    8     -5.641087377835      3.273437096544      2.471137992058
    8     -1.896407565624     -3.230448414861      2.428584553357
    8      1.890153624640     -1.093228630718      0.861583815561
    8      0.008565777927      2.183819369837      0.876413210044
    8      3.777664987767     -4.369159704153      0.861053999895
    8      5.649968079897     -1.096100531301      0.845381773603
    8      3.761092690234      2.183008865434      0.867677307212
    8      7.525594748373     -4.370417105985      0.860276400197
    8     -1.891953717910     -1.075427092240      0.862032509448
    8     -3.772951347889      2.195539650506      0.867740027683
    8      0.005598022418     -4.345941592018      0.887685994449
  258      0.000915055205      0.000968094466      0.053687314708
  258     -1.884394649791      3.267375901870      0.055780987109
  258      1.893471581257     -3.265218963752      0.045562965801
  258      3.760224680917      0.003838599364      0.041024682486
  258      1.881953171398      3.260049306704      0.048099982515
  258      5.646038407243     -3.278233449084      0.030347090971
  258     -3.752551721096      0.020082978358      0.042375560970
  258     -5.639317007897      3.274907387226      0.054502832157
  258     -1.874170307377     -3.250156996266      0.045842498833
    8     -1.875473642657      1.099919262668     -0.764207820549
    8     -3.765988931099      4.365864494560     -0.764600093567
    8      0.006107549134     -2.174692344002     -0.762411300434
    8      1.879799848048      1.088458221743     -0.766599882164
    8     -0.002059097555      4.348623281889     -0.771989767594
    8      3.764314459249     -2.183029353463     -0.769693399378
    8     -5.635861046561      1.106453602431     -0.771480266418
    8     -7.514219924163      4.372684471647     -0.767458409247
    8     -3.748227443438     -2.168643635224     -0.774115535441
    8      0.000000000000      0.000000000000     -2.343480358560
    8     -1.884318938982      3.266890048567     -2.343480358560
    8      1.884318938988     -3.266890048562     -2.343480358560
    8      3.757164743527     -0.006582990775     -2.343480358560
    8      1.872845804538      3.260307057799     -2.343480358560
    8      5.641483682522     -3.273473039337     -2.343480358560
    8     -3.757164743527      0.006582990765     -2.343480358560
    8     -5.641483682522      3.273473039337     -2.343480358560
    8     -1.872845804544     -3.260307057793     -2.343480358560
  258     -1.880494560837      1.091157679778     -3.124640478080
  258     -3.764813499813      4.358047728350     -3.124640478080
  258      0.003824378149     -2.175732368785     -3.124640478080
  258      1.876670182689      1.084574689008     -3.124640478080
  258     -0.007648756295      4.351464737579     -3.124640478080
  258      3.760989121675     -2.182315359559     -3.124640478080
  258     -5.637659304405      1.097740670535     -3.124640478080
  258     -7.521978243347      4.364630719126     -3.124640478080
  258     -3.753340365380     -2.169149378020     -3.124640478080
    8      1.880494560837     -1.091157679778     -3.905800597599
    8     -0.003824378149      2.175732368785     -3.905800597599
    8      3.764813499813     -4.358047728350     -3.905800597599
    8      5.637659304405     -1.097740670535     -3.905800597599
    8      3.753340365385      2.169149378020     -3.905800597599
    8      7.521978243347     -4.364630719126     -3.905800597599
    8     -1.876670182689     -1.084574689008     -3.905800597599
    8     -3.760989121677      2.182315359559     -3.905800597599
    8      0.007648756294     -4.351464737579     -3.905800597599
    8     12.719393365697      5.913380818006      5.960834537703
    1     12.900320334773      6.796367782335      5.524376244575
    8     15.142237510920      4.834536812170      6.635394116666
    1     16.066211869736      5.132537592995      6.789314529408
    1     15.116060695717      4.705395864811      5.623989044654
    1     12.791127055013     -0.400392856438      6.247661540348
    8     13.334917173627     -1.151675556060      5.953014793325
    1     14.271200303983     -0.889015231117      6.105795572035
    8     16.042124653247      0.010080881189      6.322245792602
    1     16.502167391342      0.486411839279      5.535212808692
    1     16.700808196432     -0.089124308483      7.026144977259
    8     11.734535171850      2.509412614413      5.831019984408
    1     12.701031977002      2.335288852541      5.942270842605
    1     11.646065222670      3.472914032600      5.674727477034
    8      9.776898239268      5.829752384971      5.881389517979
    1     10.738702479494      5.721082656024      6.047490528032
    1      9.669685026487      6.763803124434      5.574472880589
    1     13.525968501806      5.635557355000      6.456188419721
    8     17.730291566910      5.644648952957      6.100057974087
    1     18.359442083703      5.066469934630      5.586467155897
    1     18.164702126411      6.511582458013      6.206590590686
    1     21.892504113846     -1.913618337736      5.506219326141
    8     21.146451880416     -1.432130884152      5.962251088425
    1     20.656922337178     -2.095344609432      6.472090817437
    8     19.201651595196      2.012112831403      5.942057352485
    1     20.027081843536      1.534279900658      5.674243303741
    1     19.476126107639      2.889369337802      6.256372464244
    8      8.903423633413     12.069048032130      6.015662015678
    1      9.384584777857     11.292176446756      6.387452527946
    1      9.224842898463     12.891177486803      6.466389634353
    0    0
