   2   1   1 E -1.7659734880442E+04 DE-1.4E-08(  7)
  0.112714978907E+02 -0.197453037509E-01  0.000000000000E+00
 -0.565295546440E+01  0.980066921817E+01  0.000000000000E+00
  0.000000000000E+00  0.000000000000E+00  0.500000000000E+03
    1
  0.100000000000E+01  0.000000000000E+00  0.000000000000E+00
  0.000000000000E+00  0.100000000000E+01  0.000000000000E+00
  0.000000000000E+00  0.000000000000E+00  0.100000000000E+01
  0.000000000000E+00  0.000000000000E+00  0.000000000000E+00
  111
    8     -1.841729075639      1.068445554765      4.048051501165
    8     -3.738429207549      4.369276423465      4.096406730382
    8      0.035183681673     -2.187756519670      4.003229743560
    8      1.896850175857      1.032857357337      3.942876442597
    8      0.002264374686      4.356146245105      3.942906264201
    8      3.817436034330     -2.134953308481      4.022988872519
    8     -5.663027270569      1.083209438744      4.132595996653
    8     -7.501460570417      4.453829420692      4.093664480384
    8     -3.796431458651     -2.100942260847      4.090532773047
  258      1.906142513781     -1.090664315298      3.238628690223
  258      0.012265648755      2.149652392695      3.251176536151
  258      3.792687163041     -4.375309237114      3.247131133590
  258      5.636746477956     -1.088905536465      3.179768063750
  258      3.742934709737      2.179578026974      3.284203599155
  258      7.512106981032     -4.354475464506      3.222153648847
  258     -1.889955163628     -1.060210192792      3.262956214994
  258     -3.764878902719      2.198073208375      3.294765279561
  258      0.022553945324     -4.321289672717      3.224884679192
    8     -0.013106689808     -0.014872605126      2.408106790909
    8     -1.909497798783      3.249161152669      2.439681480194
    8      1.917550131596     -3.279760390228      2.422874234657
    8      3.794747486579      0.019088403787      2.393447427972
    8      1.920591469977      3.272669573558      2.447409851527
    8      5.661806524479     -3.260241370381      2.397539020846
    8     -3.763497946654      0.045990024847      2.428511517839
    8     -5.641054222052      3.273375475341      2.471276162565
    8     -1.896456627447     -3.230393353231      2.428561815785
    8      1.890173901007     -1.093269417357      0.861566515504
    8      0.008504392391      2.183914672987      0.876367052892
    8      3.777666232619     -4.369124174840      0.861082454275
    8      5.649919097633     -1.096196439072      0.845262020412
    8      3.761163231099      2.183128612723      0.867651610496
    8      7.525619958020     -4.370483475363      0.860303484506
    8     -1.891946795825     -1.075416098460      0.862031542701
    8     -3.772920979259      2.195578129985      0.867790710311
    8      0.005560565042     -4.346050230709      0.887800095180
  258      0.000859138506      0.000896848580      0.053588015507
  258     -1.884390241233      3.267385912241      0.055807146024
  258      1.893493482913     -3.265211385406      0.045569937308
  258      3.760221881948      0.003843897629      0.040984220666
  258      1.881962152032      3.260040800620      0.048086381872
  258      5.646081118656     -3.278245350001      0.030342751927
  258     -3.752514679645      0.020114397051      0.042372527633
  258     -5.639362772309      3.274924624141      0.054545013207
  258     -1.874195299301     -3.250159658259      0.045828573236
    8     -1.875463930946      1.099876805085     -0.764243313968
    8     -3.765991349510      4.365912074930     -0.764592148042
    8      0.006101903105     -2.174748419679     -0.762379585678
    8      1.879796453796      1.088457447997     -0.766535856634
    8     -0.002059937833      4.348649068398     -0.772020007533
    8      3.764308188394     -2.183077842837     -0.769725157145
    8     -5.635850333534      1.106455563635     -0.771486602755
    8     -7.514218831312      4.372719887956     -0.767531160525
    8     -3.748205428343     -2.168668069394     -0.774108974065
    8      0.000000000000      0.000000000000     -2.343480358560
    8     -1.884318488135      3.266889739389     -2.343480358560
    8      1.884318488141     -3.266889739384     -2.343480358560
    8      3.757165963589     -0.006581767923     -2.343480358560
    8      1.872847475446      3.260307971474     -2.343480358560
    8      5.641484451738     -3.273471507307     -2.343480358560
    8     -3.757165963589      0.006581767913     -2.343480358560
    8     -5.641484451738      3.273471507307     -2.343480358560
    8     -1.872847475452     -3.260307971468     -2.343480358560
  258     -1.880494817242      1.091157169101     -3.124640478080
  258     -3.764813305373      4.358046908495     -3.124640478080
  258      0.003823670897     -2.175732570284     -3.124640478080
  258      1.876671146346      1.084575401183     -3.124640478080
  258     -0.007647341792      4.351465140577     -3.124640478080
  258      3.760989634485     -2.182314338205     -3.124640478080
  258     -5.637660780872      1.097738937006     -3.124640478080
  258     -7.521979268968      4.364628676419     -3.124640478080
  258     -3.753342292693     -2.169150802372     -3.124640478080
    8      1.880494817242     -1.091157169101     -3.905800597599
    8     -0.003823670897      2.175732570284     -3.905800597599
    8      3.764813305373     -4.358046908495     -3.905800597599
    8      5.637660780872     -1.097738937006     -3.905800597599
    8      3.753342292698      2.169150802372     -3.905800597599
    8      7.521979268968     -4.364628676419     -3.905800597599
    8     -1.876671146346     -1.084575401183     -3.905800597599
    8     -3.760989634487      2.182314338205     -3.905800597599
    8      0.007647341791     -4.351465140577     -3.905800597599
    8     12.719444319035      5.913291834736      5.960740187322
    1     12.900346654629      6.796282120048      5.524226144260
    8     15.142229258387      4.834574081892      6.635400017181
    1     16.066180715374      5.132625296567      6.789314983519
    1     15.116080107164      4.705370710663      5.624029972779
    1     12.790359540472     -0.401950588268      6.249243002042
    8     13.335460846244     -1.151423634787      5.952145798076
    1     14.271431034497     -0.888127285480      6.105650323991
    8     16.041839068636      0.010365924395      6.322173913153
    1     16.502173410769      0.486553290029      5.535104291971
    1     16.700321481384     -0.089070343687      7.026250291771
    8     11.734556189680      2.509366988656      5.830880347796
    1     12.700986953968      2.335189101294      5.942477593308
    1     11.646162813672      3.472913266302      5.674763672995
    8      9.776907515095      5.829756055141      5.881403061455
    1     10.738732296455      5.721133063653      6.047417802780
    1      9.669593187503      6.763805141771      5.574554981224
    1     13.525937996447      5.635564848124      6.456242392577
    8     17.730304999994      5.644611930601      6.100022742813
    1     18.359499753465      5.066445138720      5.586445000773
    1     18.164760029077      6.511537971223      6.206525307673
    1     21.892415250105     -1.913597131276      5.506166208880
    8     21.146523980825     -1.432070950522      5.962371785109
    1     20.656911504426     -2.095332980611      6.472084257643
    8     19.201694579985      2.012148900717      5.942091516590
    1     20.027138413537      1.534273311962      5.674460256352
    1     19.476175076351      2.889447665656      6.256331126538
    8      8.903473353241     12.069005410121      6.015702233205
    1      9.384767133338     11.292046580734      6.387376221895
    1      9.224948887786     12.891069629912      6.466495685419
    0    0
