   2   1   1 E -1.7659734932419E+04 DE 2.4E-08(  7)
  0.112709603032E+02 -0.201089429788E-01  0.000000000000E+00
 -0.565300123924E+01  0.980112235015E+01  0.000000000000E+00
  0.000000000000E+00  0.000000000000E+00  0.500000000000E+03
    1
  0.100000000000E+01  0.000000000000E+00  0.000000000000E+00
  0.000000000000E+00  0.100000000000E+01  0.000000000000E+00
  0.000000000000E+00  0.000000000000E+00  0.100000000000E+01
  0.000000000000E+00  0.000000000000E+00  0.000000000000E+00
  111
    8     -1.842529959724      1.067230970211      4.047546247994
    8     -3.737967182226      4.369061608148      4.095903247300
    8      0.033096217188     -2.187523261907      4.001231516733
    8      1.898572435916      1.031640592782      3.943657705754
    8      0.002230325614      4.356837430989      3.943299775101
    8      3.817926072056     -2.134345341132      4.019576165611
    8     -5.665314486006      1.080060890529      4.140195452886
    8     -7.499410177476      4.455881343743      4.092849572756
    8     -3.793924040752     -2.098534400619      4.092145716776
  258      1.906434346508     -1.089277678775      3.238948128706
  258      0.012293725719      2.149641973803      3.251572812884
  258      3.792989770370     -4.374937056983      3.247095231517
  258      5.636737237165     -1.088564502572      3.179024851551
  258      3.742510632020      2.179454827633      3.285781197771
  258      7.512401757551     -4.354919275072      3.222857696176
  258     -1.890079137517     -1.059902837929      3.262759204637
  258     -3.764700992079      2.198111498340      3.296970110988
  258      0.023025745116     -4.321344646845      3.224358914790
    8     -0.012151735118     -0.013533209026      2.407909477931
    8     -1.909104842133      3.249038370348      2.440756846401
    8      1.916925207071     -3.279878830726      2.423563682939
    8      3.795633782205      0.020882244649      2.392510573752
    8      1.920340821047      3.272173511708      2.448869351385
    8      5.663826282550     -3.260457112331      2.397939704743
    8     -3.765205087288      0.047237211775      2.428025721353
    8     -5.640230002079      3.270846510679      2.473088915821
    8     -1.897192705498     -3.229895084482      2.427585806915
    8      1.890607970153     -1.093593101931      0.862197187246
    8      0.008217175225      2.184707671835      0.876255684597
    8      3.777827630775     -4.368871977772      0.862076670135
    8      5.649310656030     -1.097079645419      0.844290203912
    8      3.760969128743      2.184398175300      0.867181891181
    8      7.525711284447     -4.372015277871      0.860352854978
    8     -1.891671881026     -1.074481502961      0.862687365426
    8     -3.772140503491      2.196299392550      0.868049103611
    8      0.005491590053     -4.347488391023      0.888984666734
  258      0.000826936428      0.000768022844      0.053447141885
  258     -1.884341815429      3.267552468653      0.056382860449
  258      1.893830590945     -3.265321329403      0.045922447814
  258      3.760092281724      0.003836372392      0.040896868650
  258      1.882015527636      3.260096726539      0.048161798197
  258      5.646380149132     -3.278604594653      0.030474930409
  258     -3.752156136745      0.020882281906      0.042527497382
  258     -5.639223417724      3.275159879074      0.054925553041
  258     -1.874187440958     -3.250204708138      0.045979558569
    8     -1.875257536942      1.099894122695     -0.764354956534
    8     -3.765764495035      4.366619260862     -0.764430481400
    8      0.006246684768     -2.175184829436     -0.761711187375
    8      1.879581880388      1.088267435378     -0.765909711384
    8     -0.002335694411      4.349122085171     -0.772134380786
    8      3.763960636381     -2.183589253347     -0.769951168789
    8     -5.635369622832      1.106755961653     -0.771143228021
    8     -7.513643549182      4.373610057662     -0.768161480573
    8     -3.747511115454     -2.168716274401     -0.773633709821
    8      0.000000000000      0.000000000000     -2.343480358560
    8     -1.884333746416      3.267040783384     -2.343480358560
    8      1.884333746422     -3.267040783379     -2.343480358560
    8      3.756986767762     -0.006702980999     -2.343480358560
    8      1.872653021339      3.260337802392     -2.343480358560
    8      5.641320514192     -3.273743764378     -2.343480358560
    8     -3.756986767762      0.006702980989     -2.343480358560
    8     -5.641320514192      3.273743764378     -2.343480358560
    8     -1.872653021345     -3.260337802386     -2.343480358560
  258     -1.880440171393      1.091247921458     -3.124640478080
  258     -3.764773917804      4.358288704847     -3.124640478080
  258      0.003893575027     -2.175792861922     -3.124640478080
  258      1.876546596368      1.084544940464     -3.124640478080
  258     -0.007787150050      4.351585723852     -3.124640478080
  258      3.760880342788     -2.182495842919     -3.124640478080
  258     -5.637426939197      1.097950902439     -3.124640478080
  258     -7.521760685574      4.364991685847     -3.124640478080
  258     -3.753093192738     -2.169089880933     -3.124640478080
    8      1.880440171393     -1.091247921458     -3.905800597599
    8     -0.003893575027      2.175792861922     -3.905800597599
    8      3.764773917804     -4.358288704847     -3.905800597599
    8      5.637426939197     -1.097950902439     -3.905800597599
    8      3.753093192743      2.169089880933     -3.905800597599
    8      7.521760685574     -4.364991685847     -3.905800597599
    8     -1.876546596368     -1.084544940464     -3.905800597599
    8     -3.760880342790      2.182495842919     -3.905800597599
    8      0.007787150049     -4.351585723852     -3.905800597599
    8     12.719164227382      5.915353269080      5.958650967600
    1     12.902108252837      6.798221201950      5.521791628943
    8     15.145465815470      4.843432972269      6.634742587521
    1     16.070617638101      5.139011081057      6.786944518642
    1     15.117905986889      4.710630165237      5.624261974700
    1     12.744259509504     -0.487142995560      6.296770983869
    8     13.327903425538     -1.185514443719      5.954868264298
    1     14.251735246459     -0.884448085649      6.116550393940
    8     16.007091955910      0.012448790508      6.321748221291
    1     16.477519525282      0.482989244241      5.535199696990
    1     16.659753582758     -0.091382194750      7.030453117831
    8     11.723800054035      2.504784510852      5.829685220394
    1     12.690029709479      2.329828932239      5.944019382288
    1     11.637140834288      3.468866945304      5.675972062933
    8      9.780557565899      5.828799061493      5.879522662487
    1     10.743774555664      5.724036412665      6.040623785162
    1      9.666696908270      6.763886252713      5.579211494066
    1     13.524346545296      5.638403278102      6.456411263139
    8     17.736564371996      5.647331462316      6.100020089018
    1     18.360760655984      5.064972288968      5.585377958200
    1     18.176287902352      6.512897547002      6.200144240993
    1     21.898372758867     -1.920414505594      5.498403178447
    8     21.165807544633     -1.434473881049      5.972846193310
    1     20.678304050376     -2.097419641880      6.485128101596
    8     19.208703425976      2.023569981415      5.943431164302
    1     20.031821077867      1.540477935630      5.679145277538
    1     19.486847920903      2.902733622715      6.249729098447
    8      8.889741716706     12.079706616528      6.015097825635
    1      9.364204304356     11.298337403205      6.386329267380
    1      9.216423972356     12.898265527041      6.467728673240
    0    0
