   2   1   1 E -1.7659734896582E+04 DE-2.0E-08(  7)
  0.112714818190E+02 -0.197590688962E-01  0.000000000000E+00
 -0.565295928253E+01  0.980072083325E+01  0.000000000000E+00
  0.000000000000E+00  0.000000000000E+00  0.500000000000E+03
    1
  0.100000000000E+01  0.000000000000E+00  0.000000000000E+00
  0.000000000000E+00  0.100000000000E+01  0.000000000000E+00
  0.000000000000E+00  0.000000000000E+00  0.100000000000E+01
  0.000000000000E+00  0.000000000000E+00  0.000000000000E+00
  111
    8     -1.841980762985      1.068031191974      4.047742375163
    8     -3.738126902542      4.369153222990      4.096453778664
    8      0.034887213826     -2.187245072919      4.003282068147
    8      1.897326859065      1.033201446726      3.942417195250
    8      0.002253691478      4.356505712023      3.942968258535
    8      3.818006422239     -2.134656692422      4.022119203576
    8     -5.663036381942      1.082523266806      4.133927218779
    8     -7.501012484599      4.454254336787      4.093537783329
    8     -3.795859569574     -2.100466038295      4.091094181098
  258      1.906364242386     -1.089798335185      3.238578074912
  258      0.012400241793      2.149631604929      3.250883079826
  258      3.792689641905     -4.375200898922      3.247009034012
  258      5.636885909250     -1.088832557872      3.179171704748
  258      3.742940407333      2.179724394362      3.284624940083
  258      7.512176959208     -4.354459210240      3.222320216012
  258     -1.890028664008     -1.060154881695      3.263073687910
  258     -3.764840818445      2.198052893264      3.294989462703
  258      0.022679066840     -4.320967567963      3.224948217858
    8     -0.012780619725     -0.014270982692      2.407760056147
    8     -1.909333712395      3.249216248069      2.439870441237
    8      1.917272503591     -3.279768286938      2.423354214987
    8      3.795017537959      0.019730891573      2.393037076931
    8      1.920500933855      3.272520356410      2.447670436973
    8      5.662469471482     -3.260268189903      2.397542992512
    8     -3.763947778719      0.046076231721      2.427974364990
    8     -5.640862552181      3.272995887161      2.471817372157
    8     -1.896598803747     -3.230108255859      2.428386107926
    8      1.890353608173     -1.093454384293      0.861547079038
    8      0.008274513439      2.184378537389      0.876107644620
    8      3.777662553239     -4.368945244855      0.861245834884
    8      5.649738338834     -1.096584365731      0.844648425630
    8      3.761391794629      2.183708531896      0.867380523117
    8      7.525794330902     -4.370895262850      0.860327642048
    8     -1.891792291852     -1.075224390229      0.862013845575
    8     -3.772720979632      2.195815804700      0.867939341235
    8      0.005484986246     -4.346475014661      0.888288854113
  258      0.000723791028      0.000650793949      0.053209188954
  258     -1.884401610073      3.267449783411      0.055874680427
  258      1.893625654320     -3.265200377918      0.045585740762
  258      3.760232269078      0.003867698490      0.040773024402
  258      1.882027122776      3.260071743983      0.047965239048
  258      5.646302525429     -3.278321030143      0.030280896914
  258     -3.752322571719      0.020345949646      0.042330741725
  258     -5.639471213102      3.275066446283      0.054656177645
  258     -1.874230285796     -3.250099510105      0.045746643807
    8     -1.875427080344      1.099772171045     -0.764408617394
    8     -3.765979637963      4.366135455499     -0.764599467398
    8      0.006120190563     -2.175005710361     -0.762261494957
    8      1.879777806970      1.088451814189     -0.766229026220
    8     -0.002081684006      4.348818916037     -0.772166631206
    8      3.764242610973     -2.183274782315     -0.769930825418
    8     -5.635720430932      1.106482806025     -0.771463895050
    8     -7.514113952290      4.372997772790     -0.767910092259
    8     -3.748034659493     -2.168752527176     -0.774027143739
    8      0.000000000000      0.000000000000     -2.343480358560
    8     -1.884319760845      3.266906944417     -2.343480358560
    8      1.884319760851     -3.266906944412     -2.343480358560
    8      3.757160606350     -0.006586356305     -2.343480358560
    8      1.872840845498      3.260320588119     -2.343480358560
    8      5.641480367209     -3.273493300716     -2.343480358560
    8     -3.757160606350      0.006586356295     -2.343480358560
    8     -5.641480367209      3.273493300716     -2.343480358560
    8     -1.872840845504     -3.260320588113     -2.343480358560
  258     -1.880493455732      1.091164433571     -3.124640478080
  258     -3.764813216572      4.358071377993     -3.124640478080
  258      0.003826305117     -2.175742510842     -3.124640478080
  258      1.876667150617      1.084578077271     -3.124640478080
  258     -0.007652610230      4.351485021692     -3.124640478080
  258      3.760986911466     -2.182328867145     -3.124640478080
  258     -5.637654062123      1.097750789857     -3.124640478080
  258     -7.521973822929      4.364657734298     -3.124640478080
  258     -3.753334301235     -2.169156154548     -3.124640478080
    8      1.880493455732     -1.091164433571     -3.905800597599
    8     -0.003826305117      2.175742510842     -3.905800597599
    8      3.764813216572     -4.358071377993     -3.905800597599
    8      5.637654062123     -1.097750789857     -3.905800597599
    8      3.753334301240      2.169156154548     -3.905800597599
    8      7.521973822929     -4.364657734298     -3.905800597599
    8     -1.876667150617     -1.084578077271     -3.905800597599
    8     -3.760986911468      2.182328867145     -3.905800597599
    8      0.007652610229     -4.351485021692     -3.905800597599
    8     12.719697865112      5.913107959896      5.960072474630
    1     12.900651646029      6.796150664619      5.523490003236
    8     15.142501942304      4.835235037588      6.635472443639
    1     16.066444057785      5.133341763549      6.789153202749
    1     15.116223915186      4.705534555400      5.624254039789
    1     12.784772842367     -0.415354208596      6.260327856218
    8     13.337463453830     -1.153908193578      5.950603668859
    1     14.271546947970     -0.884514335121      6.106318007543
    8     16.038570158160      0.011587900001      6.321962268291
    1     16.500429513448      0.486900218383      5.534525123978
    1     16.696156065865     -0.088526522687      7.026738835230
    8     11.734231722116      2.508839205681      5.830359317958
    1     12.700339858077      2.334058451444      5.943435290864
    1     11.646534469038      3.472546443314      5.675044842284
    8      9.776951192843      5.829931349243      5.881398008052
    1     10.738909381036      5.721536991240      6.046540430803
    1      9.668999385356      6.764052437315      5.575274501300
    1     13.525881858417      5.635755660084      6.456210756776
    8     17.730924083634      5.644963551568      6.099770405472
    1     18.359685204829      5.066280900836      5.586265310828
    1     18.166271223091      6.511515045318      6.205683516028
    1     21.892486123554     -1.913995856283      5.505285837646
    8     21.148203940559     -1.431882394940      5.963743228165
    1     20.657797169525     -2.095420053179      6.472348017604
    8     19.202211525878      2.012879477837      5.942566520949
    1     20.027557973916      1.534643966132      5.675710217195
    1     19.476800130456      2.890445221478      6.255859051100
    8      8.903073290474     12.069488637653      6.015620832229
    1      9.384339026184     11.292043890323      6.386627164088
    1      9.224948723705     12.891015813236      6.466952590814
    0    0
