   2   1   1 E -1.7659734937158E+04 DE-3.1E-08(  7)
  0.112707668959E+02 -0.200501507362E-01  0.000000000000E+00
 -0.565285318659E+01  0.980107849551E+01  0.000000000000E+00
  0.000000000000E+00  0.000000000000E+00  0.500000000000E+03
    1
  0.100000000000E+01  0.000000000000E+00  0.000000000000E+00
  0.000000000000E+00  0.100000000000E+01  0.000000000000E+00
  0.000000000000E+00  0.000000000000E+00  0.100000000000E+01
  0.000000000000E+00  0.000000000000E+00  0.000000000000E+00
  111
    8     -1.842497829013      1.067113640867      4.047208915233
    8     -3.737730462981      4.368851961333      4.095354643166
    8      0.032468649536     -2.188386856741      4.001220107709
    8      1.897764558613      1.031196804684      3.944077732596
    8      0.002413555506      4.356947092260      3.943160348821
    8      3.818003160997     -2.133989674536      4.020012309350
    8     -5.665164005264      1.080436256462      4.139350075062
    8     -7.499602992576      4.455951783449      4.093059358428
    8     -3.793435777890     -2.098511912916      4.091916104743
  258      1.906221743526     -1.089595274564      3.239162120540
  258      0.012204187543      2.149469614123      3.251415361539
  258      3.793134818180     -4.374731600438      3.247109886960
  258      5.636684976088     -1.088148762105      3.179170743915
  258      3.742058763527      2.179102235020      3.285939639899
  258      7.512333584176     -4.354666854665      3.222743144002
  258     -1.889983701292     -1.059942346265      3.262030449439
  258     -3.764513584275      2.198108562606      3.296635000419
  258      0.022658541605     -4.321759594803      3.223914935472
    8     -0.012220371824     -0.014099031134      2.407869882771
    8     -1.908887553132      3.249008549610      2.440524910182
    8      1.917151281057     -3.279571283127      2.423587987805
    8      3.795070379699      0.020877742809      2.392810811193
    8      1.920454701019      3.272098004014      2.448785338669
    8      5.663602921676     -3.260066879891      2.397889821865
    8     -3.764820101414      0.047191939409      2.428066628338
    8     -5.640586230660      3.271050833766      2.472711048003
    8     -1.897089944880     -3.230184938415      2.427137062469
    8      1.890429781361     -1.093514494137      0.862149185886
    8      0.008481189665      2.184234136788      0.876284735037
    8      3.777774550428     -4.368832864091      0.862010363868
    8      5.649230400275     -1.096524281961      0.844572132735
    8      3.760700535562      2.184037935900      0.867092923215
    8      7.525453026765     -4.371788527084      0.860177516769
    8     -1.891757974009     -1.074586844851      0.862446778896
    8     -3.772197430359      2.196209526551      0.867911434986
    8      0.005684552613     -4.347107842787      0.888521527745
  258      0.001010931759      0.000965814626      0.053593562224
  258     -1.884295639964      3.267563595812      0.056129799514
  258      1.893730045981     -3.265219706149      0.045762957088
  258      3.759951691661      0.003978986451      0.041072463649
  258      1.881996660395      3.260082377461      0.048166147484
  258      5.646084814792     -3.278518497252      0.030389097046
  258     -3.752253566502      0.020777934144      0.042264952509
  258     -5.639005169771      3.275027987664      0.054848914833
  258     -1.874182029395     -3.250298901756      0.045796494902
    8     -1.875281009583      1.100068049345     -0.764344412404
    8     -3.765673165799      4.366489591853     -0.764362038712
    8      0.006248990741     -2.175009220763     -0.761964123536
    8      1.879544227479      1.088262901376     -0.766354108672
    8     -0.002320411598      4.349006584840     -0.771953122033
    8      3.763952648258     -2.183350318586     -0.769864611354
    8     -5.635288806140      1.106809376061     -0.771334695610
    8     -7.513485051439      4.373440659757     -0.768023244577
    8     -3.747638948907     -2.168615567596     -0.773723959110
    8      0.000000000000      0.000000000000     -2.343480358560
    8     -1.884284395531      3.267026165170     -2.343480358560
    8      1.884284395537     -3.267026165165     -2.343480358560
    8      3.756922298649     -0.006683383585     -2.343480358560
    8      1.872637903111      3.260342781593     -2.343480358560
    8      5.641206694194     -3.273709548750     -2.343480358560
    8     -3.756922298649      0.006683383575     -2.343480358560
    8     -5.641206694194      3.273709548750     -2.343480358560
    8     -1.872637903117     -3.260342781587     -2.343480358560
  258     -1.880402231394      1.091236516249     -3.124640478080
  258     -3.764686626920      4.358262681424     -3.124640478080
  258      0.003882164141     -2.175789648918     -3.124640478080
  258      1.876520067254      1.084553132669     -3.124640478080
  258     -0.007764328279      4.351579297843     -3.124640478080
  258      3.760804462789     -2.182473032500     -3.124640478080
  258     -5.637324530084      1.097919899815     -3.124640478080
  258     -7.521608925576      4.364946065009     -3.124640478080
  258     -3.753040134510     -2.169106265343     -3.124640478080
    8      1.880402231394     -1.091236516249     -3.905800597599
    8     -0.003882164141      2.175789648918     -3.905800597599
    8      3.764686626920     -4.358262681424     -3.905800597599
    8      5.637324530084     -1.097919899815     -3.905800597599
    8      3.753040134515      2.169106265343     -3.905800597599
    8      7.521608925576     -4.364946065009     -3.905800597599
    8     -1.876520067254     -1.084553132669     -3.905800597599
    8     -3.760804462791      2.182473032500     -3.905800597599
    8      0.007764328278     -4.351579297843     -3.905800597599
    8     12.719762584402      5.915661512168      5.959329194494
    1     12.902103415244      6.798719698803      5.522980911156
    8     15.145463111498      4.842365792121      6.634983938462
    1     16.070871189018      5.137537583746      6.786779877164
    1     15.117703970972      4.710422877307      5.624300191271
    1     12.737349754974     -0.498650886209      6.303541775559
    8     13.326082275167     -1.189930744996      5.955512680010
    1     14.247873215531     -0.885279925150      6.119906920800
    8     16.009337349137      0.013270912803      6.324257856082
    1     16.478195970400      0.482851776063      5.537160439320
    1     16.663481951049     -0.089767781358      7.031757632774
    8     11.723759606121      2.506369458952      5.829673943468
    1     12.689154760983      2.328619175812      5.946001600907
    1     11.640050678909      3.470492022920      5.674561012361
    8      9.778068315974      5.829206430405      5.880674341042
    1     10.740906281838      5.723504539924      6.043188418001
    1      9.665643500071      6.764344735252      5.580220124417
    1     13.525750533969      5.638909991586      6.456071082945
    8     17.735875145103      5.643378684098      6.100058204383
    1     18.358764575371      5.060834980919      5.583565849951
    1     18.177906445350      6.507390833288      6.202435251240
    1     21.898773368529     -1.920639647201      5.497661506449
    8     21.168818982559     -1.433570579483      5.975265282419
    1     20.681256496967     -2.096168800708      6.488040894721
    8     19.207609332232      2.021893221849      5.943228748137
    1     20.031589145684      1.540479570245      5.678597093728
    1     19.484429348198      2.900550542740      6.251609582047
    8      8.891163918824     12.079047926396      6.013683495826
    1      9.365753934753     11.298069748013      6.385602315633
    1      9.217258997497     12.898164258069      6.465976296137
    0    0
