   2   1   1 E -1.7659734718652E+04 DE-1.1E-07(  4)
  0.112708192238E+02 -0.200311953579E-01  0.000000000000E+00
 -0.565286305767E+01  0.980101686856E+01  0.000000000000E+00
  0.000000000000E+00  0.000000000000E+00  0.500000000000E+03
    1
  0.100000000000E+01  0.000000000000E+00  0.000000000000E+00
  0.000000000000E+00  0.100000000000E+01  0.000000000000E+00
  0.000000000000E+00  0.000000000000E+00  0.100000000000E+01
  0.000000000000E+00  0.000000000000E+00  0.000000000000E+00
  111
    8     -1.842470398632      1.067120532735      4.047310763305
    8     -3.737706460093      4.368963555340      4.095406327883
    8      0.032405792553     -2.188436510729      4.001270698175
    8      1.897853822357      1.031226836547      3.943990328450
    8      0.002442879606      4.356862325599      3.943190173980
    8      3.817977290908     -2.133914911153      4.020227733134
    8     -5.665043556640      1.080501885122      4.139210936807
    8     -7.499650522587      4.455967824759      4.093129777196
    8     -3.793434781047     -2.098565384369      4.091942314617
  258      1.906275876278     -1.089545342417      3.239128618190
  258      0.012259406992      2.149466986383      3.251533094786
  258      3.793158818784     -4.374702402519      3.247154110311
  258      5.636701308830     -1.088151587030      3.179319638805
  258      3.742149430270      2.179142051967      3.285987438581
  258      7.512367877096     -4.354635810863      3.222749893899
  258     -1.890004299212     -1.059948699264      3.261978569576
  258     -3.764510646779      2.198090635910      3.296681921629
  258      0.022626799020     -4.321701764934      3.223980182766
    8     -0.012246688312     -0.014127198342      2.407880350867
    8     -1.908890751918      3.248952221430      2.440603695741
    8      1.917153265836     -3.279493419318      2.423603088250
    8      3.795075483415      0.020792209805      2.392916055719
    8      1.920485978507      3.272089839380      2.448810246750
    8      5.663556327994     -3.260048457312      2.397971615934
    8     -3.764815584548      0.047184130110      2.428140238571
    8     -5.640617970087      3.271183742527      2.472754768266
    8     -1.897126373139     -3.230254629669      2.427033160053
    8      1.890459963674     -1.093443243724      0.862107153723
    8      0.008490716210      2.184219713735      0.876337511163
    8      3.777796120456     -4.368837844968      0.862025593079
    8      5.649276223825     -1.096537046947      0.844669850436
    8      3.760765650908      2.183984422512      0.867179944970
    8      7.525414175486     -4.371746710678      0.860163764224
    8     -1.891823244675     -1.074616816491      0.862490133750
    8     -3.772256510910      2.196194992364      0.868063291721
    8      0.005732816400     -4.347057501175      0.888485625947
  258      0.000969353282      0.000961698909      0.053586673498
  258     -1.884304230278      3.267524110444      0.056206129198
  258      1.893710236764     -3.265205236465      0.045810154127
  258      3.759980637023      0.003972362941      0.041088073826
  258      1.881998608390      3.260069010451      0.048206450336
  258      5.646105974708     -3.278494504928      0.030446123241
  258     -3.752277398929      0.020736873445      0.042311673728
  258     -5.639018848053      3.274994593277      0.054881451376
  258     -1.874179706401     -3.250279665455      0.045783558867
    8     -1.875308538092      1.100032776302     -0.764306703191
    8     -3.765662652193      4.366428754213     -0.764324484496
    8      0.006229959394     -2.174980822369     -0.761929119383
    8      1.879571845453      1.088276807021     -0.766365772963
    8     -0.002341102906      4.348947588606     -0.771926268587
    8      3.764009869333     -2.183353703455     -0.769814769282
    8     -5.635315184397      1.106775703981     -0.771314273434
    8     -7.513542302614      4.373362540024     -0.767932808438
    8     -3.747694752897     -2.168601545309     -0.773741578595
    8      0.000000000000      0.000000000000     -2.343480358560
    8     -1.884287685893      3.267005622854     -2.343480358560
    8      1.884287685899     -3.267005622849     -2.343480358560
    8      3.756939741293     -0.006677065125     -2.343480358560
    8      1.872652055393      3.260328557736     -2.343480358560
    8      5.641227427201     -3.273682687974     -2.343480358560
    8     -3.756939741293      0.006677065115     -2.343480358560
    8     -5.641227427201      3.273682687974     -2.343480358560
    8     -1.872652055399     -3.260328557730     -2.343480358560
  258     -1.880409142396      1.091227562657     -3.124640478080
  258     -3.764696828284      4.358233185516     -3.124640478080
  258      0.003878543501     -2.175778060193     -3.124640478080
  258      1.876530598896      1.084550497537     -3.124640478080
  258     -0.007757086999      4.351556120395     -3.124640478080
  258      3.760818284793     -2.182455125316     -3.124640478080
  258     -5.637348883731      1.097904627764     -3.124640478080
  258     -7.521636569585      4.364910250642     -3.124640478080
  258     -3.753061197794     -2.169100995078     -3.124640478080
    8      1.880409142396     -1.091227562657     -3.905800597599
    8     -0.003878543501      2.175778060193     -3.905800597599
    8      3.764696828284     -4.358233185516     -3.905800597599
    8      5.637348883731     -1.097904627764     -3.905800597599
    8      3.753061197799      2.169100995078     -3.905800597599
    8      7.521636569585     -4.364910250642     -3.905800597599
    8     -1.876530598896     -1.084550497537     -3.905800597599
    8     -3.760818284795      2.182455125316     -3.905800597599
    8      0.007757086998     -4.351556120395     -3.905800597599
    8     12.719675439202      5.915742538259      5.959466173301
    1     12.902215750257      6.798738419732      5.523036360698
    8     15.145441331121      4.842479040579      6.635026198635
    1     16.070870570930      5.137651427573      6.786784807426
    1     15.117549346150      4.710728039513      5.624330521464
    1     12.737298828104     -0.498282787824      6.303687646489
    8     13.326071068029     -1.189515333876      5.955459372975
    1     14.247905632026     -0.884892879311      6.119883811936
    8     16.009645708184      0.013415092841      6.324316470091
    1     16.478562848734      0.483149116995      5.537406170851
    1     16.663633093767     -0.089165554770      7.032015788780
    8     11.723888937696      2.506124372664      5.829795930985
    1     12.689246181116      2.328353751762      5.946214892855
    1     11.640186371426      3.470322151349      5.675074102548
    8      9.778477099766      5.829388724114      5.881018576277
    1     10.741345630882      5.723801248908      6.043400706820
    1      9.665900223813      6.764467088274      5.580445046345
    1     13.525447117330      5.639033862699      6.456527197467
    8     17.736218021425      5.643400665853      6.100383004532
    1     18.359108835361      5.061227953259      5.583476026344
    1     18.177873360859      6.507595398603      6.202741005081
    1     21.898972728785     -1.920835807383      5.497335237571
    8     21.168850181514     -1.434115298991      5.975156801990
    1     20.681618247383     -2.097042546477      6.487778284701
    8     19.207571789343      2.021833330457      5.943149026871
    1     20.031623071559      1.540561413889      5.678446025234
    1     19.484259435880      2.900461208737      6.251723461525
    8      8.891460760518     12.079032773321      6.013606933584
    1      9.365816187701     11.298027921344      6.385751138793
    1      9.217568567283     12.898208454734      6.465795763380
    0    0
