   2   1   1 E -1.7659734936076E+04 DE 5.9E-09(  6)
  0.112708224055E+02 -0.200970524568E-01  0.000000000000E+00
 -0.565292163381E+01  0.980117948743E+01  0.000000000000E+00
  0.000000000000E+00  0.000000000000E+00  0.500000000000E+03
    1
  0.100000000000E+01  0.000000000000E+00  0.000000000000E+00
  0.000000000000E+00  0.100000000000E+01  0.000000000000E+00
  0.000000000000E+00  0.000000000000E+00  0.100000000000E+01
  0.000000000000E+00  0.000000000000E+00  0.000000000000E+00
  111
    8     -1.842556718344      1.067088721123      4.047254821195
    8     -3.737804716407      4.368846888673      4.095518578474
    8      0.032749804568     -2.188056116270      4.001240955633
    8      1.897990947717      1.031390637928      3.943931664137
    8      0.002314262035      4.356946755453      3.943237738736
    8      3.817993488651     -2.134165911815      4.019663663171
    8     -5.665291565308      1.080183581804      4.139824614541
    8     -7.499492768214      4.455951581575      4.092929420111
    8     -3.793576567257     -2.098442163899      4.092056610532
  258      1.906285694816     -1.089445172546      3.239059780936
  258      0.012189629762      2.149510217049      3.251403184447
  258      3.793088287933     -4.374858578707      3.247070341342
  258      5.636717569373     -1.088312199967      3.179026524657
  258      3.742149525200      2.179213844464      3.285845254199
  258      7.512359767594     -4.354818247450      3.222794489930
  258     -1.889989514410     -1.059922314039      3.262341729126
  258     -3.764575583383      2.198132734400      3.296721489367
  258      0.022833519825     -4.321675815366      3.224055673254
    8     -0.012151684472     -0.013856951911      2.407843063117
    8     -1.908972248357      3.249047705533      2.440555297849
    8      1.917063234837     -3.279747347325      2.423572865113
    8      3.795317520140      0.020971503195      2.392617361486
    8      1.920379217444      3.272139378181      2.448832285982
    8      5.663781692124     -3.260251177626      2.397892650612
    8     -3.764974628183      0.047218269288      2.427986422167
    8     -5.640436892853      3.270883858658      2.472821659362
    8     -1.897111417516     -3.230035210202      2.427363356498
    8      1.890499568301     -1.093593622269      0.862154063268
    8      0.008377256532      2.184438541214      0.876197616213
    8      3.777800771935     -4.368856185034      0.862030399377
    8      5.649245942045     -1.096760697773      0.844380056032
    8      3.760749231700      2.184218674654      0.867026676863
    8      7.525591883443     -4.371953297516      0.860226611996
    8     -1.891682573024     -1.074512964454      0.862514473659
    8     -3.772149742997      2.196274828944      0.867863454221
    8      0.005601139047     -4.347314396763      0.888697105928
  258      0.000972314545      0.000900135223      0.053504981308
  258     -1.884308808714      3.267608207683      0.056167298100
  258      1.893802031525     -3.265299359377      0.045773219747
  258      3.759997217766      0.003919658017      0.040957686712
  258      1.881995001949      3.260102929165      0.048108437282
  258      5.646203626149     -3.278590369277      0.030376574666
  258     -3.752212423290      0.020858703533      0.042306801344
  258     -5.639085068893      3.275121988597      0.054820345035
  258     -1.874183377829     -3.250290209030      0.045838053784
    8     -1.875261896043      1.100039423517     -0.764395252700
    8     -3.765704491520      4.366590579099     -0.764424210484
    8      0.006264033495     -2.175106378530     -0.761902561557
    8      1.879541442942      1.088254668692     -0.766206275091
    8     -0.002324493135      4.349103478128     -0.772047352902
    8      3.763929703631     -2.183456901732     -0.769948326675
    8     -5.635289113985      1.106814134975     -0.771289315026
    8     -7.513519891442      4.373593301195     -0.768151445930
    8     -3.747543432615     -2.168667602665     -0.773685733210
    8      0.000000000000      0.000000000000     -2.343480358560
    8     -1.884307211271      3.267059829144     -2.343480358560
    8      1.884307211277     -3.267059829139     -2.343480358560
    8      3.756940801855     -0.006699017491     -2.343480358560
    8      1.872633590577      3.260360811659     -2.343480358560
    8      5.641248013140     -3.273758846630     -2.343480358560
    8     -3.756940801855      0.006699017481     -2.343480358560
    8     -5.641248013140      3.273758846630     -2.343480358560
    8     -1.872633590583     -3.260360811653     -2.343480358560
  258     -1.880416004376      1.091252948875     -3.124640478080
  258     -3.764723215642      4.358312778024     -3.124640478080
  258      0.003891206899     -2.175806880264     -3.124640478080
  258      1.876524797478      1.084553931389     -3.124640478080
  258     -0.007782413795      4.351613760537     -3.124640478080
  258      3.760832008753     -2.182505897754     -3.124640478080
  258     -5.637356806272      1.097951966349     -3.124640478080
  258     -7.521664017504      4.365011795517     -3.124640478080
  258     -3.753049594958     -2.169107862783     -3.124640478080
    8      1.880416004376     -1.091252948875     -3.905800597599
    8     -0.003891206899      2.175806880264     -3.905800597599
    8      3.764723215642     -4.358312778024     -3.905800597599
    8      5.637356806272     -1.097951966349     -3.905800597599
    8      3.753049594963      2.169107862783     -3.905800597599
    8      7.521664017504     -4.365011795517     -3.905800597599
    8     -1.876524797478     -1.084553931389     -3.905800597599
    8     -3.760832008755      2.182505897754     -3.905800597599
    8      0.007782413794     -4.351613760537     -3.905800597599
    8     12.719539460000      5.915963178208      5.959469736306
    1     12.902088752263      6.798808298618      5.522657955583
    8     15.145287383007      4.842624947246      6.634881362461
    1     16.070417205496      5.138561244902      6.786820027207
    1     15.117752939688      4.710357978348      5.624297808175
    1     12.739638449264     -0.496095437140      6.302575461580
    8     13.327062094803     -1.188992722696      5.955401097850
    1     14.249378377895     -0.885136183710      6.118889256482
    8     16.008320392354      0.012647798093      6.323260221137
    1     16.477679539914      0.482492035825      5.536240760043
    1     16.662159506521     -0.091395075368      7.030856632859
    8     11.724571426890      2.506208232446      5.829769309772
    1     12.690184336220      2.328966463321      5.945198311861
    1     11.640375503199      3.470321674663      5.674978336096
    8      9.777662687347      5.829301859683      5.880757087892
    1     10.740395511224      5.723190634312      6.043462361463
    1      9.665681242034      6.764388282899      5.580074562778
    1     13.525451952841      5.639091239957      6.456219598410
    8     17.735985353881      5.644298702230      6.100129937209
    1     18.359347425650      5.061801521706      5.584333635296
    1     18.177638082640      6.508474856184      6.202600738790
    1     21.898778171038     -1.920503011934      5.498279460639
    8     21.168233812092     -1.433577399569      5.975057807893
    1     20.680650715861     -2.096130118246      6.487866721437
    8     19.207468553077      2.021095267079      5.943724736573
    1     20.031678014107      1.540197265260      5.679072025023
    1     19.483847327768      2.899625050887      6.252604608322
    8      8.891264887215     12.079134881479      6.013920861992
    1      9.365907179816     11.297945588343      6.385350082755
    1      9.217659657064     12.897962725438      6.466414660959
    0    0
