   2   1   1 E -1.7659734879178E+04 DE-7.4E-08(  3)
  0.112714959892E+02 -0.197471859876E-01  0.000000000000E+00
 -0.565295614694E+01  0.980066945493E+01  0.000000000000E+00
  0.000000000000E+00  0.000000000000E+00  0.500000000000E+03
    1
  0.100000000000E+01  0.000000000000E+00  0.000000000000E+00
  0.000000000000E+00  0.100000000000E+01  0.000000000000E+00
  0.000000000000E+00  0.000000000000E+00  0.100000000000E+01
  0.000000000000E+00  0.000000000000E+00  0.000000000000E+00
  111
    8     -1.841697691291      1.068504579283      4.048098119311
    8     -3.738475630101      4.369293270371      4.096405802969
    8      0.035222551518     -2.187819092684      4.003226815125
    8      1.896798749321      1.032848324810      3.942906235047
    8      0.002251630036      4.356111690320      3.942902521396
    8      3.817371372987     -2.134979971926      4.023063338599
    8     -5.663054083713      1.083272861053      4.132478967200
    8     -7.501490088128      4.453789833822      4.093677054825
    8     -3.796487770213     -2.100978633782      4.090480945696
  258      1.906131666015     -1.090743909398      3.238639411353
  258      0.012240639571      2.149675435426      3.251210354456
  258      3.792687109710     -4.375319267284      3.247149504891
  258      5.636738868656     -1.088909577547      3.179833509531
  258      3.742921635545      2.179553911757      3.284155765851
  258      7.512106662946     -4.354476347902      3.222141154830
  258     -1.889938144443     -1.060207120847      3.262938975800
  258     -3.764881649347      2.198088656522      3.294748596016
  258      0.022545818582     -4.321335076228      3.224869363284
    8     -0.013129083122     -0.014939375018      2.408146144692
    8     -1.909517759949      3.249162157081      2.439664220823
    8      1.917584595451     -3.279750481991      2.422824769652
    8      3.794738900525      0.019022335501      2.393485110485
    8      1.920604622314      3.272713253749      2.447384720947
    8      5.661747435060     -3.260239587605      2.397541092246
    8     -3.763442834231      0.045987903031      2.428572226020
    8     -5.641070834803      3.273406777117      2.471208054125
    8     -1.896431417180     -3.230420559710      2.428574335994
    8      1.890163518148     -1.093249627734      0.861574071731
    8      0.008534054160      2.183867872380      0.876389549778
    8      3.777665602818     -4.369141384873      0.861067566160
    8      5.649942340632     -1.096149827223      0.845320550403
    8      3.761128994215      2.183069460274      0.867664726427
    8      7.525607698213     -4.370448501011      0.860290783730
    8     -1.891952234414     -1.075422692409      0.862032407579
    8     -3.772936449882      2.195559028974      0.867765963117
    8      0.005578912545     -4.345997837202      0.887742297800
  258      0.000885600315      0.000931180683      0.053635541033
  258     -1.884392230961      3.267381160468      0.055793712407
  258      1.893482645903     -3.265214943422      0.045565532989
  258      3.760222542512      0.003841185811      0.041003169648
  258      1.881957346312      3.260044498847      0.048092496712
  258      5.646059767886     -3.278239214516      0.030344192042
  258     -3.752533029822      0.020099136627      0.042373355999
  258     -5.639340983610      3.274915931136      0.054523267204
  258     -1.874184648077     -3.250161223959      0.045834139439
    8     -1.875468565275      1.099897241070     -0.764226484381
    8     -3.765990170001      4.365888807788     -0.764596829181
    8      0.006103921838     -2.174720135245     -0.762395134162
    8      1.879797918727      1.088457707246     -0.766567857390
    8     -0.002059578738      4.348636286455     -0.772005530536
    8      3.764311460237     -2.183054214745     -0.769710084843
    8     -5.635855967670      1.106454625994     -0.771484574281
    8     -7.514220209568      4.372701835609     -0.767495908747
    8     -3.748216827080     -2.168655722368     -0.774113891311
    8      0.000000000000      0.000000000000     -2.343480358560
    8     -1.884318715648      3.266889818311     -2.343480358560
    8      1.884318715654     -3.266889818306     -2.343480358560
    8      3.757165329745     -0.006582395335     -2.343480358560
    8      1.872846614089      3.260307422983     -2.343480358560
    8      5.641484045407     -3.273472213641     -2.343480358560
    8     -3.757165329745      0.006582395325     -2.343480358560
    8     -5.641484045407      3.273472213641     -2.343480358560
    8     -1.872846614095     -3.260307422977     -2.343480358560
  258     -1.880494681798      1.091157404546     -3.124640478080
  258     -3.764813397441      4.358047222862     -3.124640478080
  258      0.003824033854     -2.175732413762     -3.124640478080
  258      1.876670647945      1.084575009216     -3.124640478080
  258     -0.007648067705      4.351464827531     -3.124640478080
  258      3.760989363598     -2.182314809095     -3.124640478080
  258     -5.637660011584      1.097739799863     -3.124640478080
  258     -7.521978727193      4.364629618198     -3.124640478080
  258     -3.753341295893     -2.169150018437     -3.124640478080
    8      1.880494681798     -1.091157404546     -3.905800597599
    8     -0.003824033854      2.175732413762     -3.905800597599
    8      3.764813397441     -4.358047222862     -3.905800597599
    8      5.637660011584     -1.097739799863     -3.905800597599
    8      3.753341295898      2.169150018437     -3.905800597599
    8      7.521978727193     -4.364629618198     -3.905800597599
    8     -1.876670647945     -1.084575009216     -3.905800597599
    8     -3.760989363600      2.182314809095     -3.905800597599
    8      0.007648067704     -4.351464827531     -3.905800597599
    8     12.719420626207      5.913334469682      5.960787039794
    1     12.900332158137      6.796322941452      5.524300646797
    8     15.142232155567      4.834554839573      6.635395400497
    1     16.066194631503      5.132578958952      6.789314178499
    1     15.116070662545      4.705383098024      5.624010326457
    1     12.790743381084     -0.401157623219      6.248449352911
    8     13.335194686763     -1.151532240474      5.952558998035
    1     14.271317937371     -0.888573178737      6.105719784575
    8     16.041988046534      0.010220968621      6.322208420423
    1     16.502175441978      0.486482665339      5.535158104222
    1     16.700570120518     -0.089099279392      7.026198469273
    8     11.734546378129      2.509389660739      5.830946502610
    1     12.701007678415      2.335243204175      5.942377422294
    1     11.646112359605      3.472914690998      5.674747510563
    8      9.776903599044      5.829753113993      5.881396070248
    1     10.738716907824      5.721107225257      6.047457041476
    1      9.669638822441      6.763801948178      5.574513343041
    1     13.525951378381      5.635562039445      6.456218810581
    8     17.730295503523      5.644628393136      6.100040799547
    1     18.359471062346      5.066457589494      5.586456441733
    1     18.164726954151      6.511559644015      6.206559798686
    1     21.892458406784     -1.913604012088      5.506199071346
    8     21.146481575657     -1.432102394133      5.962304694202
    1     20.656917052451     -2.095339809960      6.472087246104
    8     19.201671801609      2.012128553203      5.942074023827
    1     20.027109223986      1.534275684931      5.674353347213
    1     19.476149739183      2.889407149876      6.256352070644
    8      8.903449385531     12.069025161165      6.015682063635
    1      9.384682063822     11.292108394241      6.387416541009
    1      9.224896416720     12.891122653137      6.466442566633
    0    0
