   2   1   1 E -1.7659734937107E+04 DE 9.3E-08(  3)
  0.112708137063E+02 -0.200359323288E-01  0.000000000000E+00
 -0.565286438152E+01  0.980103266277E+01  0.000000000000E+00
  0.000000000000E+00  0.000000000000E+00  0.500000000000E+03
    1
  0.100000000000E+01  0.000000000000E+00  0.000000000000E+00
  0.000000000000E+00  0.100000000000E+01  0.000000000000E+00
  0.000000000000E+00  0.000000000000E+00  0.100000000000E+01
  0.000000000000E+00  0.000000000000E+00  0.000000000000E+00
  111
    8     -1.842470441597      1.067117958628      4.047293752495
    8     -3.737708512181      4.368941151536      4.095402145729
    8      0.032415314811     -2.188435226797      4.001262832574
    8      1.897838946839      1.031222041269      3.944007503517
    8      0.002436902897      4.356877673244      3.943187606905
    8      3.817988290265     -2.133929474001      4.020189539921
    8     -5.665066667417      1.080489177555      4.139241524176
    8     -7.499648502775      4.455967430268      4.093119459323
    8     -3.793433785465     -2.098544969403      4.091944664972
  258      1.906266209626     -1.089552758178      3.239133632276
  258      0.012252910742      2.149464813095      3.251515293246
  258      3.793161620731     -4.374712010312      3.247148373563
  258      5.636703375931     -1.088145366397      3.179294078006
  258      3.742132433827      2.179135069607      3.285976177430
  258      7.512365976505     -4.354645428803      3.222751937883
  258     -1.889997989561     -1.059946649841      3.261987188670
  258     -3.764510245280      2.198094514518      3.296674953016
  258      0.022630768400     -4.321715634459      3.223973765820
    8     -0.012239358260     -0.014122666865      2.407876343567
    8     -1.908889205939      3.248959990142      2.440590877098
    8      1.917153033574     -3.279509936081      2.423604143253
    8      3.795079100530      0.020813828340      2.392896022494
    8      1.920478017213      3.272091243800      2.448812496352
    8      5.663573973050     -3.260054401755      2.397961576277
    8     -3.764815486273      0.047189172475      2.428129067042
    8     -5.640614261153      3.271160755754      2.472743965426
    8     -1.897121947143     -3.230243631146      2.427056490632
    8      1.890456825268     -1.093455768126      0.862113557137
    8      0.008492393794      2.184220986433      0.876327174115
    8      3.777796515381     -4.368838776684      0.862023489398
    8      5.649272102712     -1.096537804867      0.844651897031
    8      3.760749932858      2.183995937172      0.867159719001
    8      7.525426459187     -4.371758067299      0.860165360465
    8     -1.891812840675     -1.074611930634      0.862483385035
    8     -3.772246380359      2.196200015032      0.868036561522
    8      0.005724770653     -4.347066682254      0.888492124550
  258      0.000978049532      0.000963563449      0.053588721240
  258     -1.884302537457      3.267531721549      0.056191348417
  258      1.893714614792     -3.265210117538      0.045799568281
  258      3.759976161484      0.003974135592      0.041083250498
  258      1.881998809888      3.260072001680      0.048197366561
  258      5.646105903332     -3.278501816187      0.030436018760
  258     -3.752274161397      0.020745085151      0.042302400562
  258     -5.639017625779      3.275003598206      0.054872032829
  258     -1.874180895224     -3.250283567988      0.045784952380
    8     -1.875304309178      1.100039638189     -0.764314982013
    8     -3.765665996679      4.366441181060     -0.764329913506
    8      0.006233101547     -2.174985615688     -0.761935443963
    8      1.879566758252      1.088273402308     -0.766368098874
    8     -0.002336803978      4.348959543589     -0.771928567544
    8      3.764002381639     -2.183352957446     -0.769823959038
    8     -5.635312011948      1.106782981757     -0.771317601617
    8     -7.513533916615      4.373380423585     -0.767949242174
    8     -3.747685120448     -2.168603923860     -0.773738444040
    8      0.000000000000      0.000000000000     -2.343480358560
    8     -1.884288127175      3.267010887590     -2.343480358560
    8      1.884288127181     -3.267010887585     -2.343480358560
    8      3.756937902111     -0.006678644115     -2.343480358560
    8      1.872649774929      3.260332243482     -2.343480358560
    8      5.641226029300     -3.273689531700     -2.343480358560
    8     -3.756937902111      0.006678644105     -2.343480358560
    8     -5.641226029300      3.273689531700     -2.343480358560
    8     -1.872649774935     -3.260332243476     -2.343480358560
  258     -1.880408676429      1.091229843899     -3.124640478080
  258     -3.764696803599      4.358240731494     -3.124640478080
  258      0.003879450750     -2.175781043687     -3.124640478080
  258      1.876529225681      1.084551199788     -3.124640478080
  258     -0.007758901496      4.351562087382     -3.124640478080
  258      3.760817352860     -2.182459687801     -3.124640478080
  258     -5.637346578582      1.097908487996     -3.124640478080
  258     -7.521634705717      4.364919375610     -3.124640478080
  258     -3.753058451363     -2.169102399582     -3.124640478080
    8      1.880408676429     -1.091229843899     -3.905800597599
    8     -0.003879450750      2.175781043687     -3.905800597599
    8      3.764696803599     -4.358240731494     -3.905800597599
    8      5.637346578582     -1.097908487996     -3.905800597599
    8      3.753058451368      2.169102399582     -3.905800597599
    8      7.521634705717     -4.364919375610     -3.905800597599
    8     -1.876529225681     -1.084551199788     -3.905800597599
    8     -3.760817352862      2.182459687801     -3.905800597599
    8      0.007758901495     -4.351562087382     -3.905800597599
    8     12.719585193186      5.915795979772      5.959470827252
    1     12.902190418852      6.798773208443      5.523042004667
    8     15.145309518835      4.842478267876      6.635032616951
    1     16.070713189932      5.137701637390      6.786848891922
    1     15.117502939987      4.710686175885      5.624339229366
    1     12.737251379139     -0.498423680944      6.303736493537
    8     13.326067414436     -1.189614432348      5.955493442461
    1     14.247888996434     -0.884968926892      6.119905318142
    8     16.009580666043      0.013355810523      6.324295302906
    1     16.478480106454      0.483071881618      5.537355500365
    1     16.663605400630     -0.089315719233      7.031940176022
    8     11.723823397105      2.506090649434      5.829800545246
    1     12.689185912348      2.328334539224      5.946196381834
    1     11.640107460542      3.470296112088      5.675121491252
    8      9.778460791631      5.829428478062      5.881045603597
    1     10.741328722018      5.723834927415      6.043422352920
    1      9.665885119128      6.764499118996      5.580452268140
    1     13.525348762533      5.639031757959      6.456523100513
    8     17.736221208114      5.643297024254      6.100417759285
    1     18.359111034404      5.061121334715      5.583525469320
    1     18.177888505231      6.507480716603      6.202786487186
    1     21.898942331849     -1.920827702501      5.497391307165
    8     21.168737014149     -1.434242114015      5.975166927595
    1     20.681517833789     -2.097284630761      6.487646212872
    8     19.207601199070      2.021811105575      5.943188189834
    1     20.031641510818      1.540528376242      5.678486270383
    1     19.484314947291      2.900415283447      6.251790766595
    8      8.891379087145     12.079039814905      6.013656295492
    1      9.365779618905     11.298060324180      6.385785253590
    1      9.217458523070     12.898212235105      6.465855278236
    0    0
