   2   1   1 E -1.7659734921681E+04 DE-4.1E-08(  9)
  0.112715052253E+02 -0.199456315493E-01  0.000000000000E+00
 -0.565313261964E+01  0.980107520734E+01  0.000000000000E+00
  0.000000000000E+00  0.000000000000E+00  0.500000000000E+03
    1
  0.100000000000E+01  0.000000000000E+00  0.000000000000E+00
  0.000000000000E+00  0.100000000000E+01  0.000000000000E+00
  0.000000000000E+00  0.000000000000E+00  0.100000000000E+01
  0.000000000000E+00  0.000000000000E+00  0.000000000000E+00
  111
    8     -1.842361463758      1.067399385526      4.047896692696
    8     -3.738228677667      4.369411301780      4.096614604480
    8      0.034012039440     -2.187045991406      4.002384188015
    8      1.898519132270      1.032700605419      3.942774907200
    8      0.002144833990      4.356702186796      3.943490514208
    8      3.818000088470     -2.134368054438      4.020658704528
    8     -5.664310897857      1.081028479912      4.137837334200
    8     -7.499988609211      4.455246646274      4.093264135100
    8     -3.794885010251     -2.099281405970      4.091866176072
  258      1.906565724040     -1.089186536508      3.238730546321
  258      0.012371856029      2.149700204640      3.251419636303
  258      3.792917161921     -4.375082064399      3.247286546780
  258      5.636943518184     -1.088708232778      3.179064567068
  258      3.743011488720      2.179894644579      3.285340902560
  258      7.512516237795     -4.354741815693      3.222923914553
  258     -1.890162023964     -1.059992015527      3.263156293574
  258     -3.764917465165      2.198106143318      3.296337410056
  258      0.022975449238     -4.320992245457      3.224932527933
    8     -0.012390681738     -0.013556783748      2.407866399495
    8     -1.909342523212      3.249129529574      2.440712267864
    8      1.917030043542     -3.279813205031      2.423703640796
    8      3.795795353523      0.020504671098      2.392611811357
    8      1.920364459150      3.272490718236      2.448654553842
    8      5.663491616665     -3.260507335696      2.398086843509
    8     -3.764911203901      0.046796835441      2.427997259788
    8     -5.640509344047      3.271853585631      2.472770359442
    8     -1.897070739983     -3.229952185992      2.428107372083
    8      1.890606089202     -1.093535401990      0.861911084245
    8      0.008089434459      2.184870986099      0.876207934611
    8      3.777860837700     -4.368951806423      0.861848857014
    8      5.649707117136     -1.097184062282      0.844310910659
    8      3.761326619246      2.184382911098      0.867272800348
    8      7.525959903258     -4.371651423613      0.860480126995
    8     -1.891786976232     -1.074780173598      0.862589613149
    8     -3.772445405304      2.196244092621      0.868215443162
    8      0.005494110156     -4.347173920813      0.888932903350
  258      0.000691773855      0.000644342334      0.053264536314
  258     -1.884452583160      3.267565150387      0.056328720108
  258      1.893814824010     -3.265331566310      0.045872160288
  258      3.760266036595      0.003827303454      0.040780302379
  258      1.882036805588      3.260167333298      0.048106589639
  258      5.646592760722     -3.278566728130      0.030513434215
  258     -3.752270390936      0.020727396769      0.042552622078
  258     -5.639513814376      3.275262366898      0.054839149475
  258     -1.874272046390     -3.250153269560      0.045929334619
    8     -1.875390931299      1.099767090714     -0.764360571489
    8     -3.765959394040      4.366509353582     -0.764462224860
    8      0.006142390113     -2.175196357922     -0.761785462293
    8      1.879696958923      1.088396246110     -0.765852660113
    8     -0.002242717177      4.349089057242     -0.772136949762
    8      3.764176811559     -2.183568752862     -0.769934374710
    8     -5.635632766617      1.106617104254     -0.771153064214
    8     -7.514063746008      4.373509209261     -0.768037525389
    8     -3.747762843987     -2.168799608457     -0.773740107452
    8      0.000000000000      0.000000000000     -2.343480358560
    8     -1.884377539882      3.267025069114     -2.343480358560
    8      1.884377539888     -3.267025069109     -2.343480358560
    8      3.757168408433     -0.006648543856     -2.343480358560
    8      1.872790868544      3.260376525265     -2.343480358560
    8      5.641545948329     -3.273673612964     -2.343480358560
    8     -3.757168408433      0.006648543846     -2.343480358560
    8     -5.641545948329      3.273673612964     -2.343480358560
    8     -1.872790868550     -3.260376525259     -2.343480358560
  258     -1.880515316106      1.091224537653     -3.124640478080
  258     -3.764892855983      4.358249606772     -3.124640478080
  258      0.003862223780     -2.175800531456     -3.124640478080
  258      1.876653092326      1.084575993803     -3.124640478080
  258     -0.007724447558      4.351601062920     -3.124640478080
  258      3.761030632213     -2.182449075310     -3.124640478080
  258     -5.637683724580      1.097873081491     -3.124640478080
  258     -7.522061264423      4.364898150628     -3.124640478080
  258     -3.753306184655     -2.169151987611     -3.124640478080
    8      1.880515316106     -1.091224537653     -3.905800597599
    8     -0.003862223780      2.175800531456     -3.905800597599
    8      3.764892855983     -4.358249606772     -3.905800597599
    8      5.637683724580     -1.097873081491     -3.905800597599
    8      3.753306184660      2.169151987611     -3.905800597599
    8      7.522061264423     -4.364898150628     -3.905800597599
    8     -1.876653092326     -1.084575993803     -3.905800597599
    8     -3.761030632215      2.182449075310     -3.905800597599
    8      0.007724447557     -4.351601062920     -3.905800597599
    8     12.721083814620      5.914114885646      5.958760333013
    1     12.902339632635      6.797335135745      5.521958423273
    8     15.145638842947      4.839326885213      6.635326561803
    1     16.070234666813      5.136454321396      6.787709199136
    1     15.118008910500      4.708116655121      5.624508559171
    1     12.761798723754     -0.455834154944      6.284607172389
    8     13.333597116602     -1.170866139794      5.952566873918
    1     14.262503572837     -0.882803084905      6.110977766099
    8     16.020621572008      0.011568729017      6.321034267588
    1     16.487824744411      0.484832766998      5.534349249808
    1     16.674830728463     -0.090679569890      7.028805507087
    8     11.729979844199      2.506087243927      5.829867363268
    1     12.696274735100      2.330974194725      5.942765289862
    1     11.642672698894      3.470123726934      5.676326673128
    8      9.779254172389      5.830445751928      5.881522431281
    1     10.742034841442      5.723823568952      6.043949471396
    1      9.668081778124      6.764942035453      5.578081343913
    1     13.526957941702      5.637648721050      6.455823105357
    8     17.734458171830      5.648302799763      6.100386412444
    1     18.361022032400      5.067525164917      5.586732146056
    1     18.172072940544      6.514457832567      6.202993688945
    1     21.895875409727     -1.917393676979      5.501018030968
    8     21.157470875110     -1.433143324810      5.967745416864
    1     20.668938460045     -2.096057941661      6.479222019842
    8     19.205628218389      2.017636881233      5.943645878258
    1     20.030284097847      1.537648454821      5.678196167976
    1     19.481236888925      2.896139945141      6.253632132317
    8      8.896799044960     12.074480336771      6.015233401277
    1      9.373718357313     11.294099470350      6.386039788964
    1      9.221943515755     12.894011841137      6.467665966949
    0    0
