   2   1   1 E -1.7659734936912E+04 DE-2.6E-07(  3)
  0.112707247511E+02 -0.200597791004E-01  0.000000000000E+00
 -0.565284037631E+01  0.980110402181E+01  0.000000000000E+00
  0.000000000000E+00  0.000000000000E+00  0.500000000000E+03
    1
  0.100000000000E+01  0.000000000000E+00  0.000000000000E+00
  0.000000000000E+00  0.100000000000E+01  0.000000000000E+00
  0.000000000000E+00  0.000000000000E+00  0.100000000000E+01
  0.000000000000E+00  0.000000000000E+00  0.000000000000E+00
  111
    8     -1.842500555756      1.067116475519      4.047183008934
    8     -3.737759212921      4.368839187881      4.095298161048
    8      0.032483273173     -2.188383473575      4.001187832259
    8      1.897729805433      1.031166950362      3.944140245688
    8      0.002401357148      4.356987177544      3.943144294004
    8      3.818015615840     -2.134034612974      4.019886063215
    8     -5.665220271844      1.080394823083      4.139481490514
    8     -7.499565729292      4.455972967219      4.093014030068
    8     -3.793415041483     -2.098475725402      4.091948292079
  258      1.906210886210     -1.089615853010      3.239171655555
  258      0.012186633541      2.149479901358      3.251374690334
  258      3.793113097265     -4.374729552557      3.247066817935
  258      5.636662182346     -1.088158675813      3.179111814169
  258      3.742016568753      2.179091629347      3.285925992199
  258      7.512300017777     -4.354692003024      3.222724292491
  258     -1.889972434708     -1.059938097029      3.262078018717
  258     -3.764516950770      2.198130558067      3.296634957118
  258      0.022674441459     -4.321789736711      3.223872726529
    8     -0.012200775535     -0.014078713837      2.407870915325
    8     -1.908883159039      3.249041359048      2.440483302681
    8      1.917133776706     -3.279610064435      2.423554122812
    8      3.795066988989      0.020921059833      2.392771329658
    8      1.920437556766      3.272094486301      2.448767828316
    8      5.663628230933     -3.260075475936      2.397840579066
    8     -3.764831669375      0.047195787023      2.428045775065
    8     -5.640557076217      3.270978510353      2.472707654052
    8     -1.897076539213     -3.230142939792      2.427181012187
    8      1.890422426510     -1.093546402122      0.862165638243
    8      0.008473356059      2.184246978436      0.876251518088
    8      3.777760026611     -4.368821191323      0.861995902144
    8      5.649191414358     -1.096519461351      0.844529217629
    8      3.760672506744      2.184064787383      0.867061031722
    8      7.525456384942     -4.371815751529      0.860174267020
    8     -1.891722402616     -1.074563710395      0.862434343960
    8     -3.772165220300      2.196217096330      0.867839051351
    8      0.005654254139     -4.347142936533      0.888532331339
  258      0.001033351020      0.000972026062      0.053587078713
  258     -1.884284212317      3.267588068108      0.056098364314
  258      1.893742282391     -3.265224626381      0.045738992406
  258      3.759937432435      0.003979330280      0.041059414870
  258      1.881992814229      3.260085164134      0.048143564063
  258      5.646065862286     -3.278525428677      0.030358294501
  258     -3.752243789514      0.020799488094      0.042246836420
  258     -5.638997169236      3.275040220548      0.054831265291
  258     -1.874182429196     -3.250314933041      0.045797805788
    8     -1.875265606377      1.100084876374     -0.764362187247
    8     -3.765666298757      4.366520396471     -0.764387684281
    8      0.006261234681     -2.175023132246     -0.761976354660
    8      1.879533557613      1.088258213803     -0.766344365311
    8     -0.002314906248      4.349037157140     -0.771977850182
    8      3.763920483776     -2.183353495796     -0.769897463599
    8     -5.635268228990      1.106824075653     -0.771347986078
    8     -7.513451904885      4.373471392594     -0.768074829821
    8     -3.747607988829     -2.168622754973     -0.773715707453
    8      0.000000000000      0.000000000000     -2.343480358560
    8     -1.884280125440      3.267034673938     -2.343480358560
    8      1.884280125446     -3.267034673933     -2.343480358560
    8      3.756908250395     -0.006686593039     -2.343480358560
    8      1.872628124948      3.260348080906     -2.343480358560
    8      5.641188375849     -3.273721266972     -2.343480358560
    8     -3.756908250395      0.006686593029     -2.343480358560
    8     -5.641188375849      3.273721266972     -2.343480358560
    8     -1.872628124954     -3.260348080900     -2.343480358560
  258     -1.880396125279      1.091240422323     -3.124640478080
  258     -3.764676250714      4.358275096265     -3.124640478080
  258      0.003884000165     -2.175794251611     -3.124640478080
  258      1.876512125115      1.084553829288     -3.124640478080
  258     -0.007768000327      4.351588503230     -3.124640478080
  258      3.760792250559     -2.182480844648     -3.124640478080
  258     -5.637304375715      1.097927015344     -3.124640478080
  258     -7.521584501116      4.364961689306     -3.124640478080
  258     -3.753024250232     -2.169107658582     -3.124640478080
    8      1.880396125279     -1.091240422323     -3.905800597599
    8     -0.003884000165      2.175794251611     -3.905800597599
    8      3.764676250714     -4.358275096265     -3.905800597599
    8      5.637304375715     -1.097927015344     -3.905800597599
    8      3.753024250237      2.169107658582     -3.905800597599
    8      7.521584501116     -4.364961689306     -3.905800597599
    8     -1.876512125115     -1.084553829288     -3.905800597599
    8     -3.760792250561      2.182480844648     -3.905800597599
    8      0.007768000326     -4.351588503230     -3.905800597599
    8     12.719772898510      5.915708046515      5.959426758219
    1     12.902033540743      6.798748593733      5.523008258689
    8     15.145581188418      4.842626050415      6.634898569447
    1     16.071015312387      5.137694461795      6.786661843866
    1     15.117816211115      4.710486780888      5.624256646714
    1     12.737485270092     -0.499113541096      6.303566149880
    8     13.326269416955     -1.190338159131      5.955574791714
    1     14.247964459382     -0.885474180735      6.120216433679
    8     16.009042026316      0.013415444448      6.324354192725
    1     16.477912689819      0.482803179074      5.537128384056
    1     16.663087264457     -0.089503617837      7.031927560543
    8     11.723623613152      2.506542848643      5.829542708993
    1     12.689070234817      2.328948135790      5.945852222192
    1     11.639754784222      3.470615673395      5.674254155671
    8      9.777952121633      5.828991280451      5.880407514177
    1     10.740782367088      5.723282314515      6.042964104727
    1      9.665533725947      6.764179356296      5.580076949763
    1     13.525858689786      5.638882305049      6.455975880493
    8     17.735344937559      5.643873475925      6.099374495382
    1     18.358300766361      5.060917606063      5.583381113752
    1     18.177661772187      6.507758332432      6.201731286364
    1     21.898569481005     -1.920692274342      5.497790002748
    8     21.168307754459     -1.434143060828      5.975186809249
    1     20.680656050763     -2.097238188871      6.487188097094
    8     19.207856812029      2.021799541766      5.943695991471
    1     20.031785821145      1.540425853174      5.678880914337
    1     19.484725945394      2.900566028343      6.251764922974
    8      8.890976672668     12.079447771056      6.013643140740
    1      9.365715115801     11.298452142576      6.385347111698
    1      9.217070050611     12.898489410565      6.466040312495
    0    0
