   2   1   1 E -1.7659727507859E+04 DE-5.3E-08(  8)
  0.112955118545E+02  0.165048290050E-01  0.000000000000E+00
 -0.563350817395E+01  0.974314205618E+01  0.000000000000E+00
  0.000000000000E+00  0.000000000000E+00  0.500000000000E+03
    1
  0.100000000000E+01  0.000000000000E+00  0.000000000000E+00
  0.000000000000E+00  0.100000000000E+01  0.000000000000E+00
  0.000000000000E+00  0.000000000000E+00  0.100000000000E+01
  0.000000000000E+00  0.000000000000E+00  0.000000000000E+00
  111
    8     -1.948113379457      1.097099977076      4.019786760639
    8     -3.729158676316      4.239664978265      4.111021921733
    8     -0.031315605504     -2.204264922747      4.048626893292
    8      1.916803456278      1.053832388047      4.082814317989
    8      0.013044264114      4.351296922034      4.115605063579
    8      3.834746680536     -2.112039425513      3.926915477648
    8     -5.614126153081      1.034543953919      4.123593627964
    8     -7.581002047610      4.369523118689      3.921402159333
    8     -3.905544831166     -2.253735977527      4.204649337809
  258      1.905861814460     -1.075204747372      3.281989924590
  258     -0.016129237866      2.156909899557      3.280762831179
  258      3.757665468586     -4.325756516184      3.293278962954
  258      5.633936002334     -1.088168593135      3.175917616410
  258      3.755069234871      2.176184266044      3.289721000759
  258      7.516242500589     -4.329528913473      3.184378088748
  258     -1.873067503981     -1.074326463575      3.295233478342
  258     -3.765456791179      2.137444229669      3.196205582270
  258     -0.024160265930     -4.336597181009      3.277815047911
    8     -0.005810689451      0.000721846435      2.477935615579
    8     -1.855600900152      3.266755891770      2.429970803405
    8      1.875661969827     -3.283629937017      2.482203393515
    8      3.775084429703      0.059825752533      2.408143207534
    8      1.840379872834      3.212713646559      2.435480454630
    8      5.655646087367     -3.279980436282      2.375465339423
    8     -3.769458554847     -0.069178818651      2.414258181994
    8     -5.642790845203      3.217231138079      2.449353060811
    8     -1.932616633781     -3.182737354645      2.431759585051
    8      1.881743563784     -1.090798057273      0.893628399685
    8     -0.010410017286      2.148966252403      0.866212366098
    8      3.743734983722     -4.323583055930      0.863294267254
    8      5.633170357251     -1.081827803924      0.846940658947
    8      3.762285808395      2.196802514067      0.867845771245
    8      7.540436798102     -4.343458915665      0.853796102565
    8     -1.866771846851     -1.065201682686      0.857536622410
    8     -3.757510978362      2.147392521622      0.878319552531
    8     -0.022842360253     -4.332421647697      0.896519363846
  258     -0.002433328025     -0.002090262068      0.060915239965
  258     -1.876564325152      3.247695939929      0.052324848562
  258      1.875543127993     -3.250972857830      0.066338354239
  258      3.757866946928      0.010995734818      0.047279292164
  258      1.884773071475      3.242022587716      0.049989839627
  258      5.630627040078     -3.252162182356      0.033737181540
  258     -3.757976764195     -0.013348114586      0.033651672036
  258     -5.654953888847      3.244513487016      0.051651673792
  258     -1.882713790114     -3.246267370360      0.050471746645
    8     -1.886459021551      1.082504767084     -0.774532272405
    8     -3.770847065953      4.325184672976     -0.756693164500
    8      0.001470267328     -2.172798225237     -0.762595699677
    8      1.882865481365      1.078804489895     -0.764010947662
    8      0.001154898864      4.327839095871     -0.765361557995
    8      3.750584174327     -2.162034070836     -0.769186354150
    8     -5.648619310675      1.078485000362     -0.763404419484
    8     -7.518872993435      4.324958058337     -0.773343141159
    8     -3.767070316018     -2.176098486673     -0.764777983612
    8      0.000000000000      0.000000000000     -2.343480358560
    8     -1.877836057982      3.247714018727     -2.343480358560
    8      1.877836057987     -3.247714018723     -2.343480358560
    8      3.765170618129      0.005501609663     -2.343480358560
    8      1.887334560141      3.253215628395     -2.343480358560
    8      5.643006676125     -3.242212409058     -2.343480358560
    8     -3.765170618129     -0.005501609673     -2.343480358560
    8     -5.643006676125      3.242212409058     -2.343480358560
    8     -1.887334560147     -3.253215628391     -2.343480358560
  258     -1.881002225372      1.080737469685     -3.124640478080
  258     -3.758838283348      4.328451488417     -3.124640478080
  258     -0.003166167386     -2.166976549038     -3.124640478080
  258      1.884168392758      1.086239079353     -3.124640478080
  258      0.006332334773      4.333953098083     -3.124640478080
  258      3.762004450744     -2.161474939373     -3.124640478080
  258     -5.646172843542      1.075235860005     -3.124640478080
  258     -7.524008901484      4.322949878755     -3.124640478080
  258     -3.768336785517     -2.172478158710     -3.124640478080
    8      1.881002225372     -1.080737469685     -3.905800597599
    8      0.003166167386      2.166976549038     -3.905800597599
    8      3.758838283348     -4.328451488417     -3.905800597599
    8      5.646172843542     -1.075235860005     -3.905800597599
    8      3.768336785521      2.172478158710     -3.905800597599
    8      7.524008901484     -4.322949878755     -3.905800597599
    8     -1.884168392758     -1.086239079353     -3.905800597599
    8     -3.762004450746      2.161474939372     -3.905800597599
    8     -0.006332334775     -4.333953098083     -3.905800597599
    8      1.376980827209      4.359149700056      6.303603051191
    1      0.719908123435      4.406518140234      5.526000145123
    1      6.828729832476     -4.611791936898      6.867667215038
    8      3.872573731476      2.676399123042      5.971666216196
    1      4.110588086485      1.907091031419      6.533414896702
    1      3.036673953165      3.095213151994      6.266202027004
    1     -1.368824879887     -2.188823043473      6.049054983856
    8     -2.038775192223     -1.499775334835      5.895512962767
    1     -2.870383707240     -1.968071158212      5.635818185873
    1     -4.902946108542      4.734856273081      6.113392326984
    8     -0.157404574899     -4.669103421796      5.903983094122
    1     -6.396354999928      4.296641638564      5.952570132818
    8      1.825390046617     -1.656884004448      5.846497400844
    1      0.958724282657     -2.077024359511      5.655079971213
    1      2.469863766882     -2.388523582180      5.979231450971
    8      5.878379729901     -2.507041074187      6.465353133570
    1      6.457867497191     -2.443674868872      5.656480188032
    1      5.676234319134     -1.573887090484      6.708791003961
    1      4.477046845861     -3.417399951695      6.164015128006
    8      3.651951913982     -3.924835931125      5.911811774308
    1      3.615164539616     -4.780739043625      6.396685444619
    8      0.166972705730      1.897342525762      5.942946926060
    1      0.929836840866      1.304015567562      5.760962798952
    1      0.547487564404      2.699018475788      6.365568192613
    8     -5.799089314570      0.394063232027      6.648080921825
    1     -5.669078007996      0.678989992760      5.681249957268
    1     -5.022419788136      0.732618233581      7.123666566239
    8     -2.716548967433      3.174610669773      6.390578521838
    1     -3.075476048222      3.540852640998      5.537635322978
    1     -2.067445054349      2.481483215876      6.159762221999
    0    0
