   2   1   1 E -1.7659727412590E+04 DE-1.3E-07(  8)
  0.112971876930E+02  0.138520983430E-01  0.000000000000E+00
 -0.563663423884E+01  0.974463445764E+01  0.000000000000E+00
  0.000000000000E+00  0.000000000000E+00  0.500000000000E+03
    1
  0.100000000000E+01  0.000000000000E+00  0.000000000000E+00
  0.000000000000E+00  0.100000000000E+01  0.000000000000E+00
  0.000000000000E+00  0.000000000000E+00  0.100000000000E+01
  0.000000000000E+00  0.000000000000E+00  0.000000000000E+00
  111
    8     -1.940955173045      1.100953534642      4.010407494028
    8     -3.720309508092      4.226235282470      4.136769551896
    8     -0.041064169043     -2.203414436344      4.047104528235
    8      1.923105728626      1.047112583759      4.088904898235
    8      0.017528565950      4.347785959794      4.114070923503
    8      3.841210796193     -2.113205380902      3.925089695597
    8     -5.611665734416      1.036088989230      4.123348116861
    8     -7.580965425178      4.371860870023      3.916369745514
    8     -3.895166312130     -2.252994601722      4.200870138156
  258      1.908738532427     -1.080570370938      3.286261540720
  258     -0.013910313221      2.156262505122      3.276537777296
  258      3.763399085936     -4.329684664766      3.300478881055
  258      5.639059728503     -1.089620974844      3.174900698363
  258      3.758053991407      2.172297277753      3.291709962768
  258      7.521486003553     -4.332330269306      3.181773040350
  258     -1.871936296123     -1.072580139207      3.290678534418
  258     -3.763399383129      2.141067670837      3.197182158064
  258     -0.028165503162     -4.332893677797      3.270332720132
    8      0.001157642826      0.000015446485      2.476162327864
    8     -1.855481572634      3.272979595147      2.428214991306
    8      1.876142753069     -3.291724907949      2.491675457990
    8      3.777658831508      0.058583283111      2.408385784939
    8      1.843146505808      3.207703421531      2.435358966490
    8      5.660085428383     -3.283239925758      2.377187241994
    8     -3.769203939256     -0.067599487635      2.412049029206
    8     -5.639006834676      3.221436740061      2.449743393176
    8     -1.930971437042     -3.184193119029      2.423760227966
    8      1.884854278694     -1.096263646806      0.895937176414
    8     -0.010983258758      2.149200288482      0.865570342174
    8      3.745045428978     -4.321362294186      0.863281232285
    8      5.634770949273     -1.084252311794      0.846593647138
    8      3.764842157167      2.196486100576      0.868048492343
    8      7.542637119600     -4.348143476136      0.852227895335
    8     -1.864897300839     -1.062858440345      0.856287228251
    8     -3.756438297968      2.148807779908      0.876958340930
    8     -0.020441417625     -4.331822101423      0.893273098802
  258     -0.000883965409     -0.002374024377      0.061381987411
  258     -1.877131766008      3.249171977341      0.051422172751
  258      1.878051142687     -3.251931638047      0.065568416305
  258      3.759414041446      0.009386112574      0.048359163687
  258      1.886296198764      3.241170780890      0.048996937920
  258      5.631224759532     -3.254087154351      0.034608029384
  258     -3.757253333596     -0.011750022788      0.032459938984
  258     -5.655174720290      3.244507889769      0.051796930335
  258     -1.882675878773     -3.244662855978      0.047927549643
    8     -1.885771445772      1.083056150938     -0.775679773931
    8     -3.771310179598      4.326286589235     -0.757425839675
    8      0.003001318256     -2.172378686634     -0.763246291839
    8      1.884260331397      1.076989087297     -0.762717860909
    8      0.000294364450      4.328152066103     -0.765423807534
    8      3.752317332166     -2.162803620514     -0.770692694896
    8     -5.649019684869      1.079433078096     -0.763199911958
    8     -7.520110064247      4.326267220125     -0.774332175402
    8     -3.766507252102     -2.175404355198     -0.764302906735
    8      0.000000000000      0.000000000000     -2.343480358560
    8     -1.878878079612      3.248211485879     -2.343480358560
    8      1.878878079617     -3.248211485875     -2.343480358560
    8      3.765729230969      0.004617366109     -2.343480358560
    8      1.886851151350      3.252828851994     -2.343480358560
    8      5.644607310595     -3.243594119765     -2.343480358560
    8     -3.765729230969     -0.004617366119     -2.343480358560
    8     -5.644607310595      3.243594119765     -2.343480358560
    8     -1.886851151356     -3.252828851990     -2.343480358560
  258     -1.881535770195      1.081198039921     -3.124640478080
  258     -3.760413849802      4.329409525806     -3.124640478080
  258     -0.002657690579     -2.167013445955     -3.124640478080
  258      1.884193460775      1.085815406034     -3.124640478080
  258      0.005315381159      4.334026891917     -3.124640478080
  258      3.763071540391     -2.162396079844     -3.124640478080
  258     -5.647265001206      1.076580673795     -3.124640478080
  258     -7.526143080778      4.324792159697     -3.124640478080
  258     -3.768386921550     -2.171630812073     -3.124640478080
    8      1.881535770195     -1.081198039921     -3.905800597599
    8      0.002657690579      2.167013445955     -3.905800597599
    8      3.760413849802     -4.329409525806     -3.905800597599
    8      5.647265001206     -1.076580673795     -3.905800597599
    8      3.768386921554      2.171630812073     -3.905800597599
    8      7.526143080778     -4.324792159697     -3.905800597599
    8     -1.884193460775     -1.085815406034     -3.905800597599
    8     -3.763071540393      2.162396079843     -3.905800597599
    8     -0.005315381161     -4.334026891917     -3.905800597599
    8      1.392393555449      4.360420512565      6.296549507880
    1      0.730428744359      4.401565812341      5.523086789714
    1      6.841908294872     -4.614963925222      6.862873634307
    8      3.883084240617      2.680345364382      5.967061343882
    1      4.106346200759      1.912614844097      6.535533295035
    1      3.053164093532      3.115334356210      6.256495826732
    1     -1.361524096015     -2.118245952104      6.056975572542
    8     -2.045866427900     -1.447094384109      5.892790245678
    1     -2.867233995045     -1.936176934555      5.639736208003
    1     -4.822989002971      4.667773820577      5.908061340481
    8     -0.084816368024     -4.690368451990      5.879471898796
    1     -6.344088367168      4.294513530532      5.959170343729
    8      1.840007764927     -1.689968394720      5.838835753541
    1      0.971311652823     -2.114506766229      5.675214656020
    1      2.486982288069     -2.418237111286      5.981945183726
    8      5.899868962971     -2.509126511001      6.461547715477
    1      6.478374289732     -2.445846792232      5.651800307672
    1      5.690981187040     -1.576331755865      6.701567794367
    1      4.506516861749     -3.424053390190      6.164036673391
    8      3.679610982717     -3.929265026033      5.912603072847
    1      3.650942371079     -4.788962964107      6.393026591143
    8      0.183954068088      1.891674646945      5.940025870920
    1      0.952050372098      1.310024641277      5.736775400546
    1      0.560791612980      2.692718407441      6.366373652031
    8     -5.794794890974      0.382720963523      6.646968908990
    1     -5.666001199108      0.674310809830      5.682661359163
    1     -5.018374920516      0.717633391019      7.125461812039
    8     -2.608474967716      3.161576394719      6.411790270393
    1     -2.996334932245      3.496835712032      5.563691626897
    1     -1.964401873377      2.464043247486      6.179142133484
    0    0
