   2   1   1 E -1.7659727474842E+04 DE 1.3E-07(  4)
  0.112959638449E+02  0.165595136480E-01  0.000000000000E+00
 -0.563368668032E+01  0.974331200860E+01  0.000000000000E+00
  0.000000000000E+00  0.000000000000E+00  0.500000000000E+03
    1
  0.100000000000E+01  0.000000000000E+00  0.000000000000E+00
  0.000000000000E+00  0.100000000000E+01  0.000000000000E+00
  0.000000000000E+00  0.000000000000E+00  0.100000000000E+01
  0.000000000000E+00  0.000000000000E+00  0.000000000000E+00
  111
    8     -1.946521405924      1.098581494071      4.013595247885
    8     -3.729103037815      4.234974527474      4.121045036525
    8     -0.036914679252     -2.203603120985      4.049830438918
    8      1.917189691941      1.053755510082      4.082858264927
    8      0.010226744377      4.351734716427      4.115973397131
    8      3.833151050585     -2.112063575300      3.925512288973
    8     -5.613830525268      1.034127175848      4.124242484698
    8     -7.585023800424      4.370539829547      3.920836116384
    8     -3.904752813376     -2.254558272742      4.204781729360
  258      1.904832038344     -1.075231722951      3.282239185175
  258     -0.016714716153      2.157854435352      3.278168730127
  258      3.756281041618     -4.325774048590      3.295831733220
  258      5.633765365764     -1.088058234001      3.176802263405
  258      3.754277840092      2.176508761853      3.291367342126
  258      7.515095394197     -4.328913191524      3.184525933368
  258     -1.873338953205     -1.073173245989      3.291946352415
  258     -3.766217716649      2.138121269733      3.195665024120
  258     -0.028024947657     -4.335665309158      3.277054891115
    8     -0.004376578220     -0.000003800453      2.476478877536
    8     -1.857260303423      3.269290006415      2.428774511564
    8      1.872090610249     -3.285885385275      2.485565168675
    8      3.775547460625      0.060933511922      2.408289771399
    8      1.838428899475      3.212545145679      2.434673710240
    8      5.654908112558     -3.279941281585      2.376235560076
    8     -3.771674551390     -0.069658519875      2.414163348045
    8     -5.644298759899      3.218878634618      2.450699764576
    8     -1.933654147767     -3.183116953862      2.429687032306
    8      1.882608947434     -1.092418466837      0.894378295098
    8     -0.011550207554      2.148562002575      0.864783648100
    8      3.742258649314     -4.322091750898      0.864224079736
    8      5.632921690528     -1.082310685752      0.846801616577
    8      3.761957744500      2.197428484628      0.867993434019
    8      7.539825951077     -4.343254617873      0.853209902220
    8     -1.867414210142     -1.064875893313      0.856347248544
    8     -3.758856449075      2.148032879032      0.878678466624
    8     -0.023218855225     -4.332709157806      0.895120245462
  258     -0.002427208238     -0.002559366459      0.059824316067
  258     -1.877277889981      3.248352340644      0.052335092496
  258      1.875084395797     -3.251376069848      0.066147014289
  258      3.757798985816      0.010867064940      0.048091361937
  258      1.884334855031      3.242325836229      0.049188563788
  258      5.629845914196     -3.251866842327      0.034472020615
  258     -3.758813986621     -0.012902380672      0.032996764636
  258     -5.656312105450      3.245247298161      0.051993596849
  258     -1.883990906763     -3.247033910792      0.049601515344
    8     -1.887744501311      1.082790462295     -0.774207834859
    8     -3.770937253948      4.325006859124     -0.757415453745
    8      0.001367658987     -2.172644987881     -0.762688132056
    8      1.882641775905      1.078294323013     -0.763670360648
    8      0.000537818431      4.328226315208     -0.765113887957
    8      3.750620587020     -2.161956062563     -0.769769022155
    8     -5.649184617327      1.078683703594     -0.763284653263
    8     -7.519819765989      4.324871124142     -0.773919697346
    8     -3.767748005375     -2.176134600613     -0.765372623146
    8      0.000000000000      0.000000000000     -2.343480358560
    8     -1.877895560107      3.247770669533     -2.343480358560
    8      1.877895560112     -3.247770669529     -2.343480358560
    8      3.765321281617      0.005519837878     -2.343480358560
    8      1.887425721504      3.253290507415     -2.343480358560
    8      5.643216841738     -3.242250831650     -2.343480358560
    8     -3.765321281617     -0.005519837888     -2.343480358560
    8     -5.643216841738      3.242250831650     -2.343480358560
    8     -1.887425721510     -3.253290507411     -2.343480358560
  258     -1.881072280576      1.080750277216     -3.124640478080
  258     -3.758967840678      4.328520946754     -3.124640478080
  258     -0.003176720465     -2.167020392314     -3.124640478080
  258      1.884249001042      1.086270115098     -3.124640478080
  258      0.006353440932      4.334040784633     -3.124640478080
  258      3.762144561153     -2.161500554434     -3.124640478080
  258     -5.646393562235      1.075230439321     -3.124640478080
  258     -7.524289122302      4.323001108877     -3.124640478080
  258     -3.768498002085     -2.172540230199     -3.124640478080
    8      1.881072280576     -1.080750277216     -3.905800597599
    8      0.003176720465      2.167020392314     -3.905800597599
    8      3.758967840678     -4.328520946754     -3.905800597599
    8      5.646393562235     -1.075230439321     -3.905800597599
    8      3.768498002089      2.172540230199     -3.905800597599
    8      7.524289122302     -4.323001108877     -3.905800597599
    8     -1.884249001042     -1.086270115098     -3.905800597599
    8     -3.762144561155      2.161500554433     -3.905800597599
    8     -0.006353440934     -4.334040784633     -3.905800597599
    8      1.375306979271      4.355732715941      6.302289378364
    1      0.717792394941      4.405936998675      5.525033516937
    1      6.826814605130     -4.618317434987      6.870095558380
    8      3.875690894935      2.675656704000      5.970651685160
    1      4.112959064826      1.905576340003      6.531910122570
    1      3.039679673020      3.094227669517      6.264947856060
    1     -1.372775707185     -2.158487368043      6.052957039607
    8     -2.047505917669     -1.475921881134      5.893267844295
    1     -2.874318791598     -1.951815595246      5.630717813695
    1     -4.876616800375      4.704101308126      6.042282741814
    8     -0.137252469723     -4.679544702653      5.895866249494
    1     -6.384877263044      4.294174755669      5.954884675237
    8      1.826063410175     -1.660630670758      5.843821154686
    1      0.959120430954     -2.082838639328      5.659481220602
    1      2.470710388449     -2.391139072491      5.981402825716
    8      5.880076012858     -2.505294070237      6.467386817085
    1      6.459442574943     -2.440329540796      5.658904515800
    1      5.672695340013     -1.573121926161      6.709372765021
    1      4.483584440539     -3.423649312195      6.165848169549
    8      3.656124064908     -3.926112959758      5.913026690543
    1      3.620298741332     -4.785144600422      6.393190332440
    8      0.164752516347      1.897326463914      5.942008238069
    1      0.926616466294      1.302664603739      5.760820568326
    1      0.547046720827      2.699642065938      6.362506114653
    8     -5.803246139702      0.392109684057      6.648062142190
    1     -5.669923122070      0.678408950728      5.682110384773
    1     -5.026901497242      0.727150539325      7.126643830743
    8     -2.685347962877      3.170691440395      6.392830378397
    1     -3.050877657262      3.527431887043      5.539558696084
    1     -2.035896189898      2.476894759177      6.164653564644
    0    0
