   2   1   1 E -1.7659727375631E+04 DE-1.9E-07(  4)
  0.112980090838E+02  0.116503993136E-01  0.000000000000E+00
 -0.563894429299E+01  0.974552886286E+01  0.000000000000E+00
  0.000000000000E+00  0.000000000000E+00  0.500000000000E+03
    1
  0.100000000000E+01  0.000000000000E+00  0.000000000000E+00
  0.000000000000E+00  0.100000000000E+01  0.000000000000E+00
  0.000000000000E+00  0.000000000000E+00  0.100000000000E+01
  0.000000000000E+00  0.000000000000E+00  0.000000000000E+00
  111
    8     -1.938862330857      1.102187369219      4.010637797540
    8     -3.716253500060      4.220383839955      4.152707589411
    8     -0.042229424754     -2.202214301670      4.042489040780
    8      1.924454853438      1.044825074722      4.090050254101
    8      0.016286471759      4.347064910045      4.109167500121
    8      3.842066431041     -2.115435873427      3.922498519525
    8     -5.611816120449      1.038159120905      4.121933034253
    8     -7.583147972784      4.374487629202      3.916760237871
    8     -3.892516355493     -2.248891969521      4.196093973745
  258      1.906758278542     -1.081851563911      3.289775514533
  258     -0.014199944087      2.156206788765      3.274715986504
  258      3.763992809034     -4.331002362888      3.302279921071
  258      5.638795732082     -1.090143380978      3.174163755373
  258      3.760376635291      2.173027815037      3.291366588202
  258      7.521196233816     -4.333323059705      3.182521378854
  258     -1.873572632679     -1.071321873441      3.288549088960
  258     -3.762742192599      2.141899022332      3.198662050924
  258     -0.033498674364     -4.330973146414      3.265139301008
    8      0.001270139618      0.000677403664      2.474702243843
    8     -1.859575738311      3.273114412359      2.428002382414
    8      1.876377105346     -3.296536095549      2.492192680582
    8      3.777395679053      0.057908846978      2.409395320995
    8      1.844380427180      3.205977950501      2.434851308906
    8      5.661444940010     -3.283653812230      2.376660583593
    8     -3.768799219079     -0.064378910595      2.411912113222
    8     -5.638349911946      3.226255808152      2.450507327124
    8     -1.931486080561     -3.184684569714      2.422380854148
    8      1.885082398074     -1.098005771991      0.896956779459
    8     -0.011833914919      2.150084007667      0.866331773151
    8      3.747243701796     -4.322478181336      0.862806754885
    8      5.635911256649     -1.084688935986      0.847079861680
    8      3.766599026541      2.195144148881      0.868544832779
    8      7.543378363946     -4.349507973048      0.851493308557
    8     -1.865755710172     -1.063341337615      0.855003041182
    8     -3.758592726453      2.150331882975      0.876260034807
    8     -0.020760229701     -4.330740309293      0.890970603117
  258     -0.000712293418     -0.003400536882      0.061144251244
  258     -1.878149357836      3.249677991450      0.051740841501
  258      1.879910026553     -3.251814538270      0.066055892705
  258      3.759787648499      0.008297262281      0.049135890618
  258      1.885176468870      3.240161499724      0.049627400044
  258      5.633850909773     -3.255452795589      0.034020374409
  258     -3.757927922716     -0.010187212227      0.032482711378
  258     -5.656028754621      3.246474353195      0.050382295668
  258     -1.882138079683     -3.245886935054      0.045876313351
    8     -1.885767092765      1.083627302610     -0.775117826450
    8     -3.772304877351      4.327233986434     -0.757870264164
    8      0.003802042606     -2.171887387921     -0.763713101838
    8      1.884104584312      1.076585081538     -0.761825954118
    8     -0.000062020410      4.327101095579     -0.766197391848
    8      3.753672287250     -2.163143672933     -0.770119824354
    8     -5.649606946312      1.080357497464     -0.763820834484
    8     -7.521975855698      4.327122992165     -0.774610053159
    8     -3.766504619884     -2.174521019658     -0.765278372514
    8      0.000000000000      0.000000000000     -2.343480358560
    8     -1.879648097661      3.248509620952     -2.343480358560
    8      1.879648097666     -3.248509620948     -2.343480358560
    8      3.766003027901      0.003883466433     -2.343480358560
    8      1.886354930234      3.252393087389     -2.343480358560
    8      5.645651125577     -3.244626154514     -2.343480358560
    8     -3.766003027901     -0.003883466443     -2.343480358560
    8     -5.645651125577      3.244626154514     -2.343480358560
    8     -1.886354930240     -3.252393087385     -2.343480358560
  258     -1.881883708522      1.081542051504     -3.124640478080
  258     -3.761531806179      4.330051672460     -3.124640478080
  258     -0.002235610857     -2.166967569445     -3.124640478080
  258      1.884119319380      1.085425517941     -3.124640478080
  258      0.004471221716      4.333935138895     -3.124640478080
  258      3.763767417046     -2.163084103010     -3.124640478080
  258     -5.647886736466      1.077658585054     -3.124640478080
  258     -7.527534834087      4.326168206028     -3.124640478080
  258     -3.768238638761     -2.170851035886     -3.124640478080
    8      1.881883708522     -1.081542051504     -3.905800597599
    8      0.002235610857      2.166967569445     -3.905800597599
    8      3.761531806179     -4.330051672460     -3.905800597599
    8      5.647886736466     -1.077658585054     -3.905800597599
    8      3.768238638765      2.170851035886     -3.905800597599
    8      7.527534834087     -4.326168206028     -3.905800597599
    8     -1.884119319380     -1.085425517941     -3.905800597599
    8     -3.763767417048      2.163084103009     -3.905800597599
    8     -0.004471221718     -4.333935138895     -3.905800597599
    8      1.398274049273      4.377572726712      6.287799774890
    1      0.729211802747      4.410457466792      5.521318641362
    1      6.849516592590     -4.596999658510      6.851960412018
    8      3.893165086176      2.682937206275      5.965862496829
    1      4.107544173433      1.917111502010      6.540306349962
    1      3.068742018387      3.129348626886      6.252953357824
    1     -1.347412530885     -2.104898694617      6.053942534558
    8     -2.039227900645     -1.440282651983      5.893093743051
    1     -2.858034198833     -1.937279518282      5.651727882072
    1     -4.782926371426      4.652423734714      5.806934842276
    8     -0.037829584855     -4.696510508249      5.871617614627
    1     -6.300066988293      4.293123802368      5.970515168523
    8      1.849414114015     -1.708302276150      5.835149959452
    1      0.980569470098     -2.137335809185      5.691707077552
    1      2.500194538579     -2.433835743822      5.977267021679
    8      5.912505073927     -2.500779808793      6.459316294757
    1      6.486119628508     -2.436741865625      5.646000012887
    1      5.708464678958     -1.568062202534      6.704649401490
    1      4.517289910156     -3.412327303877      6.160474813234
    8      3.696511546125     -3.928345231133      5.911954775469
    1      3.675874095867     -4.786851545775      6.395761351767
    8      0.201032086216      1.897506426011      5.940612688931
    1      0.971829698699      1.322645479365      5.724310300755
    1      0.576272267236      2.699985164115      6.365244900582
    8     -5.780448648860      0.386186079849      6.650062089367
    1     -5.659940438752      0.678913066158      5.685898777260
    1     -5.003828634405      0.726424249229      7.124487749876
    8     -2.558508019242      3.158572055352      6.423252381653
    1     -2.962118116500      3.482463424234      5.579508269595
    1     -1.914745385749      2.462656679194      6.185645478547
    0    0
