   2   1   1 E -1.7659727500038E+04 DE-9.7E-08(  7)
  0.112956956732E+02  0.162092303284E-01  0.000000000000E+00
 -0.563385515475E+01  0.974336838217E+01  0.000000000000E+00
  0.000000000000E+00  0.000000000000E+00  0.500000000000E+03
    1
  0.100000000000E+01  0.000000000000E+00  0.000000000000E+00
  0.000000000000E+00  0.100000000000E+01  0.000000000000E+00
  0.000000000000E+00  0.000000000000E+00  0.100000000000E+01
  0.000000000000E+00  0.000000000000E+00  0.000000000000E+00
  111
    8     -1.946527119474      1.097490931510      4.018073864721
    8     -3.727832215863      4.238658986006      4.114211941214
    8     -0.032215448682     -2.204647797188      4.048615711383
    8      1.916789051221      1.052860697451      4.082909730324
    8      0.014246222596      4.350495306361      4.115098055870
    8      3.835494855675     -2.112782460075      3.926252678407
    8     -5.613899501981      1.035194451570      4.123544064995
    8     -7.581091676837      4.369251149067      3.921308001007
    8     -3.904632842309     -2.254600351922      4.203893303162
  258      1.905807377556     -1.076049898290      3.282388148641
  258     -0.015499736895      2.156565629186      3.279830808618
  258      3.758144599003     -4.326271903611      3.293408447076
  258      5.634278236904     -1.088231038220      3.176089960191
  258      3.755783954613      2.176084927035      3.289624847585
  258      7.516719516621     -4.330048816619      3.183899294010
  258     -1.872534708529     -1.074317456652      3.293439808989
  258     -3.764568612500      2.137764316907      3.196204038770
  258     -0.024610595211     -4.336704691559      3.277136728545
    8     -0.005033217598     -0.000159357559      2.477196710916
    8     -1.855895858020      3.267579190545      2.429604912274
    8      1.875732282920     -3.285139985192      2.482570119440
    8      3.775568835370      0.059334987414      2.408525735267
    8      1.841272902501      3.212416402438      2.434780022596
    8      5.656287619326     -3.280371833196      2.375024372268
    8     -3.769161747910     -0.068806354071      2.414299186009
    8     -5.642116805258      3.218155338289      2.449425076047
    8     -1.932046426854     -3.183466049094      2.431033140607
    8      1.882512679458     -1.091352135236      0.893592819841
    8     -0.010424953573      2.148859837106      0.866438102749
    8      3.744165234142     -4.323514845742      0.862885650845
    8      5.633542822553     -1.081934034766      0.846777844226
    8      3.762778795287      2.196491040617      0.867619524494
    8      7.540924851355     -4.343997195719      0.853098923988
    8     -1.866711379908     -1.065096083305      0.857136391578
    8     -3.757699618901      2.147691916142      0.878065102167
    8     -0.022573658840     -4.332564045922      0.895596362875
  258     -0.002212720282     -0.002428768000      0.060427051655
  258     -1.876596051485      3.247999821595      0.052246367293
  258      1.876288736119     -3.251053215339      0.066162822621
  258      3.758157799740      0.010895603751      0.047204167296
  258      1.884838288452      3.241583997508      0.049982577905
  258      5.631397052152     -3.252372503274      0.033319026027
  258     -3.758024241337     -0.013162273933      0.033462186365
  258     -5.654733720372      3.244541122195      0.051143467042
  258     -1.882501135179     -3.246494407730      0.050080384375
    8     -1.886210788489      1.082735964853     -0.774705914389
    8     -3.770711550226      4.325342808491     -0.757305595067
    8      0.001772141607     -2.172642037934     -0.762632277239
    8      1.882977346815      1.078760548541     -0.764077074209
    8      0.001011545122      4.327724314606     -0.765527117328
    8      3.750823864231     -2.162214101410     -0.769470795088
    8     -5.648598981333      1.078548127761     -0.763743885438
    8     -7.518997844245      4.325136449451     -0.773639732981
    8     -3.766933551976     -2.175982450052     -0.764839001142
    8      0.000000000000      0.000000000000     -2.343480358560
    8     -1.877951718249      3.247789460721     -2.343480358560
    8      1.877951718254     -3.247789460717     -2.343480358560
    8      3.765231891041      0.005403076771     -2.343480358560
    8      1.887280172786      3.253192537498     -2.343480358560
    8      5.643183609304     -3.242386383945     -2.343480358560
    8     -3.765231891041     -0.005403076781     -2.343480358560
    8     -5.643183609304      3.242386383945     -2.343480358560
    8     -1.887280172792     -3.253192537494     -2.343480358560
  258     -1.881061203098      1.080795461314     -3.124640478080
  258     -3.759012921342      4.328584922041     -3.124640478080
  258     -0.003109484845     -2.166993999404     -3.124640478080
  258      1.884170687944      1.086198538090     -3.124640478080
  258      0.006218969692      4.333987998814     -3.124640478080
  258      3.762122406197     -2.161590922631     -3.124640478080
  258     -5.646293094181      1.075392384526     -3.124640478080
  258     -7.524244812390      4.323181845271     -3.124640478080
  258     -3.768341375889     -2.172397076183     -3.124640478080
    8      1.881061203098     -1.080795461314     -3.905800597599
    8      0.003109484845      2.166993999404     -3.905800597599
    8      3.759012921342     -4.328584922041     -3.905800597599
    8      5.646293094181     -1.075392384526     -3.905800597599
    8      3.768341375893      2.172397076183     -3.905800597599
    8      7.524244812390     -4.323181845271     -3.905800597599
    8     -1.884170687944     -1.086198538090     -3.905800597599
    8     -3.762122406199      2.161590922630     -3.905800597599
    8     -0.006218969694     -4.333987998814     -3.905800597599
    8      1.376082250743      4.357678369178      6.304230273846
    1      0.719970371730      4.405624839738      5.525937878239
    1      6.828728853120     -4.613152021775      6.867868524664
    8      3.874784227708      2.676069831762      5.971092220036
    1      4.110448758582      1.907183105593      6.533979837946
    1      3.039510495463      3.096929438044      6.264431990088
    1     -1.368122519063     -2.182576090577      6.046076275114
    8     -2.039768124108     -1.495187335991      5.894021239012
    1     -2.870648790399     -1.964897271672      5.634118787024
    1     -4.890464446745      4.724280260189      6.086628323202
    8     -0.147163064615     -4.671567244368      5.902533213710
    1     -6.388812696254      4.297003071655      5.955799636310
    8      1.829295402009     -1.660379000149      5.845259110947
    1      0.962211693340     -2.081387076129      5.659909252928
    1      2.474587958113     -2.391350800667      5.978540222686
    8      5.879856667080     -2.507941424896      6.464650861114
    1      6.458982057248     -2.445307548252      5.655428315487
    1      5.678211791226     -1.574519984096      6.707110868243
    1      4.480035218764     -3.419494714565      6.164895580000
    8      3.654366592948     -3.925442792988      5.911900028306
    1      3.617231067895     -4.781585094453      6.396242009855
    8      0.166451917210      1.896515648815      5.943384151241
    1      0.928978381054      1.302990343515      5.761174916474
    1      0.547421479485      2.698051482270      6.365990730785
    8     -5.798116478722      0.391485830463      6.647945615335
    1     -5.668706061731      0.678222973952      5.681816575480
    1     -5.021573416835      0.729623803699      7.123939845784
    8     -2.704331224379      3.172845771432      6.392585125758
    1     -3.064426847805      3.535331422922      5.539453859706
    1     -2.054931470541      2.479406146837      6.163143076695
    0    0
