   2   1   1 E -1.7659727377271E+04 DE-1.1E-07(  4)
  0.112979888875E+02  0.116989549249E-01  0.000000000000E+00
 -0.563889231360E+01  0.974551360434E+01  0.000000000000E+00
  0.000000000000E+00  0.000000000000E+00  0.500000000000E+03
    1
  0.100000000000E+01  0.000000000000E+00  0.000000000000E+00
  0.000000000000E+00  0.100000000000E+01  0.000000000000E+00
  0.000000000000E+00  0.000000000000E+00  0.100000000000E+01
  0.000000000000E+00  0.000000000000E+00  0.000000000000E+00
  111
    8     -1.938853926848      1.102150775713      4.010637428338
    8     -3.716163092796      4.220476102527      4.152374542039
    8     -0.042195898716     -2.202296572718      4.042561680660
    8      1.924509954982      1.044777309749      4.090043998949
    8      0.016459006496      4.347064310147      4.109326799632
    8      3.842158697229     -2.115390866860      3.922517660871
    8     -5.611716120598      1.038051182845      4.121982102882
    8     -7.583012665229      4.374329348028      3.916718802179
    8     -3.892491107189     -2.249016258490      4.196177542836
  258      1.906895684353     -1.081887907614      3.289647665246
  258     -0.014124619570      2.156186208892      3.274782216670
  258      3.764059495216     -4.331026594041      3.302226607644
  258      5.638868399932     -1.090140045776      3.174123282166
  258      3.760348579402      2.172920389911      3.291379397653
  258      7.521214508836     -4.333346652744      3.182444022809
  258     -1.873508119272     -1.071404389681      3.288627519676
  258     -3.762670598607      2.141887980172      3.198636476535
  258     -0.033298337241     -4.331028273377      3.265226759956
    8      0.001318841965      0.000644540180      2.474747861965
    8     -1.859408182126      3.273140671389      2.428014694653
    8      1.876443806571     -3.296481960593      2.492210141159
    8      3.777459422578      0.057898112062      2.409320431015
    8      1.844355515067      3.205954074317      2.434887895244
    8      5.661467300652     -3.283680325388      2.376639255151
    8     -3.768749247666     -0.064444512564      2.411873272135
    8     -5.638234828069      3.226069733383      2.450464267031
    8     -1.931471207299     -3.184678074932      2.422364119468
    8      1.885122529580     -1.098009235730      0.896914205465
    8     -0.011806159938      2.150059083225      0.866326627778
    8      3.747227535192     -4.322436543419      0.862781305024
    8      5.635905380530     -1.084707893634      0.847040829823
    8      3.766576741044      2.195190866886      0.868510156126
    8      7.543385179872     -4.349543951007      0.851487224762
    8     -1.865697548640     -1.063292296614      0.855022761372
    8     -3.758459890904      2.150294658618      0.876243111431
    8     -0.020713595166     -4.330784116378      0.891034219909
  258     -0.000718538098     -0.003373289230      0.061169714544
  258     -1.878108338074      3.249667165806      0.051714377625
  258      1.879919256850     -3.251819839458      0.066009100465
  258      3.759816668484      0.008313028127      0.049074953695
  258      1.885220683425      3.240158003940      0.049600432684
  258      5.633798597360     -3.255430505835      0.034004104406
  258     -3.757878903844     -0.010228399404      0.032468058854
  258     -5.655962914057      3.246386266194      0.050403363885
  258     -1.882129569293     -3.245821200610      0.045919316919
    8     -1.885731204428      1.083614944143     -0.775176841443
    8     -3.772259402476      4.327218112336     -0.757871796927
    8      0.003793165569     -2.171892317162     -0.763699516683
    8      1.884124789386      1.076578876121     -0.761850606649
    8     -0.000064536416      4.327122035062     -0.766200826375
    8      3.753655625180     -2.163140331165     -0.770179948560
    8     -5.649569546027      1.080336288674     -0.763803971652
    8     -7.521904937969      4.327106661984     -0.774635171800
    8     -3.766474631405     -2.174536024045     -0.765229881129
    8      0.000000000000      0.000000000000     -2.343480358560
    8     -1.879630771200      3.248504534779     -2.343480358560
    8      1.879630771205     -3.248504534775     -2.343480358560
    8      3.765996295809      0.003899651637     -2.343480358560
    8      1.886365524603      3.252404186421     -2.343480358560
    8      5.645627067023     -3.244604883138     -2.343480358560
    8     -3.765996295809     -0.003899651647     -2.343480358560
    8     -5.645627067023      3.244604883138     -2.343480358560
    8     -1.886365524609     -3.252404186417     -2.343480358560
  258     -1.881875689004      1.081534961045     -3.124640478080
  258     -3.761506460199      4.330039495829     -3.124640478080
  258     -0.002244917800     -2.166969573731     -3.124640478080
  258      1.884120606806      1.085434612686     -3.124640478080
  258      0.004489835603      4.333939147468     -3.124640478080
  258      3.763751378010     -2.163069922092     -3.124640478080
  258     -5.647871984856      1.077635309391     -3.124640478080
  258     -7.527502756016      4.326139844194     -3.124640478080
  258     -3.768241213613     -2.170869225376     -3.124640478080
    8      1.881875689004     -1.081534961045     -3.905800597599
    8      0.002244917800      2.166969573731     -3.905800597599
    8      3.761506460199     -4.330039495829     -3.905800597599
    8      5.647871984856     -1.077635309391     -3.905800597599
    8      3.768241213617      2.170869225376     -3.905800597599
    8      7.527502756016     -4.326139844194     -3.905800597599
    8     -1.884120606806     -1.085434612686     -3.905800597599
    8     -3.763751378012      2.163069922091     -3.905800597599
    8     -0.004489835605     -4.333939147468     -3.905800597599
    8      1.398313311695      4.377372794113      6.287996617388
    1      0.729451627221      4.410325719078      5.521341429227
    1      6.849304257692     -4.597293113476      6.852217846623
    8      3.893042538241      2.683137909253      5.965854841953
    1      4.107644982228      1.917328948046      6.540304373492
    1      3.068493383218      3.129336985839      6.252908407745
    1     -1.347660935618     -2.105013244047      6.054194334120
    8     -2.039410229069     -1.440388274141      5.893164746948
    1     -2.858153811536     -1.937341644083      5.651407049216
    1     -4.783419373662      4.652532035993      5.808914742153
    8     -0.038424603591     -4.696442911508      5.871767774724
    1     -6.300756688989      4.293208797573      5.970156715786
    8      1.849308873947     -1.708156590899      5.835151791089
    1      0.980501523251     -2.137175665549      5.691419453460
    1      2.500060487915     -2.433669609971      5.977436306741
    8      5.912214351705     -2.500781359089      6.459316755004
    1      6.486045830396     -2.436920571523      5.646154969663
    1      5.708276601905     -1.568005520055      6.704491218399
    1      4.517201921512     -3.412489556369      6.160669407825
    8      3.696384224134     -3.928365451056      5.911953060693
    1      3.675502158910     -4.786841021823      6.395774766912
    8      0.200974210676      1.897491743101      5.940582586381
    1      0.971703329570      1.322539494778      5.724358191879
    1      0.576276905324      2.699897591289      6.365317237345
    8     -5.780455089661      0.386271402584      6.650027742295
    1     -5.659799514030      0.678807022293      5.685808529549
    1     -5.003902700369      0.726545944581      7.124517939493
    8     -2.559078245993      3.158492298012      6.422952450324
    1     -2.962476058287      3.482664477232      5.579184566998
    1     -1.915145893955      2.462742700031      6.185318109399
    0    0
