   2   1   1 E -1.7659727454110E+04 DE 1.5E-09( 10)
  0.112963107106E+02  0.155243057410E-01  0.000000000000E+00
 -0.563475303574E+01  0.974362302636E+01  0.000000000000E+00
  0.000000000000E+00  0.000000000000E+00  0.500000000000E+03
    1
  0.100000000000E+01  0.000000000000E+00  0.000000000000E+00
  0.000000000000E+00  0.100000000000E+01  0.000000000000E+00
  0.000000000000E+00  0.000000000000E+00  0.100000000000E+01
  0.000000000000E+00  0.000000000000E+00  0.000000000000E+00
  111
    8     -1.945051228785      1.099625792656      4.011624992205
    8     -3.726877630910      4.230704503434      4.127173287914
    8     -0.039978568823     -2.203347524410      4.049572184924
    8      1.919210349266      1.051081198775      4.085852222026
    8      0.012702547589      4.349933341200      4.116083253157
    8      3.835961732895     -2.112269650056      3.925745502376
    8     -5.613522818483      1.034662914571      4.123959054155
    8     -7.583848241485      4.371224277508      3.918500936837
    8     -3.901230779715     -2.254095257627      4.203875434488
  258      1.906252256982     -1.077427669942      3.283982976259
  258     -0.016182022449      2.157032805647      3.277569738011
  258      3.758831490495     -4.327395214240      3.298381225001
  258      5.635654737895     -1.088888266231      3.176126755086
  258      3.755000932112      2.174476658686      3.291809393632
  258      7.517525429196     -4.330175485271      3.183333103321
  258     -1.873099811522     -1.072737445578      3.291730335105
  258     -3.765956096989      2.139351621818      3.196169894897
  258     -0.028507980663     -4.334451420234      3.274563276931
    8     -0.002133104438     -0.000047474433      2.476630970162
    8     -1.856527028821      3.271091277913      2.428549980965
    8      1.873228515220     -3.288028198973      2.489003404136
    8      3.775957953993      0.060086797981      2.408253069764
    8      1.839815897105      3.210285928084      2.435159479753
    8      5.656425008434     -3.281492723794      2.377148293413
    8     -3.771301625701     -0.069305780462      2.413281189881
    8     -5.642712753344      3.219514975017      2.450289432660
    8     -1.932811519862     -3.183380044535      2.427033908877
    8      1.883188176285     -1.094142423443      0.895172190238
    8     -0.011579428145      2.148644542079      0.864854495545
    8      3.742725943220     -4.321399849143      0.864165114522
    8      5.633151920173     -1.083294615523      0.846696554716
    8      3.762641831816      2.197120989831      0.868079090981
    8      7.540472295403     -4.345255380155      0.852900454567
    8     -1.866444262352     -1.063866671580      0.856547312164
    8     -3.757866907840      2.148142505468      0.878039454796
    8     -0.022264659021     -4.332320475434      0.894454075848
  258     -0.001858115399     -0.002326681632      0.060595281388
  258     -1.877358348450      3.248600173154      0.051861891388
  258      1.875749823424     -3.251655768644      0.065862421415
  258      3.758088767068      0.010195530026      0.048261297285
  258      1.885135325330      3.241986007662      0.048922683192
  258      5.629626805165     -3.252751316888      0.034846009148
  258     -3.758243169442     -0.012561502946      0.032713151777
  258     -5.656112505166      3.244787288032      0.052219445027
  258     -1.883777554277     -3.245858007923      0.049020444234
    8     -1.887106944961      1.082747745147     -0.774886739066
    8     -3.771198380205      4.325415017826     -0.757274758645
    8      0.001894991179     -2.172629046995     -0.762942625640
    8      1.883241178491      1.077580337642     -0.763299787047
    8      0.000284318652      4.328290646794     -0.765052327121
    8      3.751024468735     -2.162297480384     -0.770260813951
    8     -5.649184876315      1.078906252255     -0.763112661652
    8     -7.519882012561      4.325332560303     -0.774016409177
    8     -3.767345570878     -2.175942555094     -0.764788021103
    8      0.000000000000      0.000000000000     -2.343480358560
    8     -1.878251011912      3.247874342120     -2.343480358560
    8      1.878251011917     -3.247874342116     -2.343480358560
    8      3.765436903522      0.005174768575     -2.343480358560
    8      1.887185891603      3.253049110701     -2.343480358560
    8      5.643687915448     -3.242699573540     -2.343480358560
    8     -3.765436903522     -0.005174768585     -2.343480358560
    8     -5.643687915448      3.242699573540     -2.343480358560
    8     -1.887185891609     -3.253049110697     -2.343480358560
  258     -1.881229305146      1.080899857846     -3.124640478080
  258     -3.759480317053      4.328774199971     -3.124640478080
  258     -0.002978293230     -2.166974484271     -3.124640478080
  258      1.884207598377      1.086074626425     -3.124640478080
  258      0.005956586461      4.333948968549     -3.124640478080
  258      3.762458610293     -2.161799715694     -3.124640478080
  258     -5.646666208709      1.075725089254     -3.124640478080
  258     -7.524917220581      4.323599431397     -3.124640478080
  258     -3.768415196754     -2.172149252855     -3.124640478080
    8      1.881229305146     -1.080899857846     -3.905800597599
    8      0.002978293230      2.166974484271     -3.905800597599
    8      3.759480317053     -4.328774199971     -3.905800597599
    8      5.646666208709     -1.075725089254     -3.905800597599
    8      3.768415196758      2.172149252855     -3.905800597599
    8      7.524917220581     -4.323599431397     -3.905800597599
    8     -1.884207598377     -1.086074626425     -3.905800597599
    8     -3.762458610295      2.161799715693     -3.905800597599
    8     -0.005956586463     -4.333948968549     -3.905800597599
    8      1.383723164592      4.355535272531      6.299672733191
    1      0.723995653899      4.402478485285      5.524320977768
    1      6.834333467560     -4.619368287709      6.867609559579
    8      3.877026687877      2.676387055483      5.968875107677
    1      4.108314531332      1.906088220867      6.531870660822
    1      3.043074762912      3.100892511146      6.261534264370
    1     -1.372601355598     -2.136302279539      6.062014462518
    8     -2.050824178868     -1.459161388809      5.894563984588
    1     -2.874177902362     -1.941890642003      5.634235328374
    1     -4.856553267231      4.685729996386      5.987293815661
    8     -0.117997046266     -4.685400738827      5.890550609030
    1     -6.371303988443      4.293268117406      5.956821307435
    8      1.828315980330     -1.674276955689      5.841333287818
    1      0.961353124005     -2.097706892516      5.662472724677
    1      2.473520833390     -2.403770348183      5.982744894350
    8      5.886727365436     -2.509065136532      6.465289801782
    1      6.466184183440     -2.444197387803      5.656717116756
    1      5.676389140899     -1.577077125265      6.705811347911
    1      4.492307248995     -3.427138101961      6.166512145983
    8      3.664046894623     -3.929252317118      5.914976800767
    1      3.631098633442     -4.788995140264      6.394518597938
    8      0.171848870842      1.894264060826      5.941419223302
    1      0.935983749099      1.304376659376      5.751463976567
    1      0.552727811914      2.695577918035      6.364374650354
    8     -5.804612069178      0.385944619036      6.646504803253
    1     -5.671114314967      0.675262874621      5.681720540430
    1     -5.029538073982      0.721035159548      7.127213092572
    8     -2.657385796693      3.157462655218      6.397679156303
    1     -3.030487449209      3.511509867047      5.548222466053
    1     -2.009816422202      2.463897013101      6.163210520597
    0    0
