   2   1   1 E -1.7659727509769E+04 DE-1.6E-07(  6)
  0.112954042683E+02  0.168926669460E-01  0.000000000000E+00
 -0.563311994221E+01  0.974311570520E+01  0.000000000000E+00
  0.000000000000E+00  0.000000000000E+00  0.500000000000E+03
    1
  0.100000000000E+01  0.000000000000E+00  0.000000000000E+00
  0.000000000000E+00  0.100000000000E+01  0.000000000000E+00
  0.000000000000E+00  0.000000000000E+00  0.100000000000E+01
  0.000000000000E+00  0.000000000000E+00  0.000000000000E+00
  111
    8     -1.948102281270      1.096886321774      4.019917903035
    8     -3.729647848608      4.239878994575      4.110241335003
    8     -0.031375207606     -2.204615975461      4.047753732814
    8      1.917628828753      1.053620992917      4.082806851823
    8      0.013117631767      4.351406013484      4.115502151572
    8      3.834791021363     -2.111755893685      3.927034379104
    8     -5.613816001471      1.034246230522      4.123599672170
    8     -7.580446874489      4.369032116269      3.921343594225
    8     -3.905698096052     -2.253990591757      4.204189413986
  258      1.906017978727     -1.075348995004      3.281545381036
  258     -0.016151088960      2.157118074969      3.280533653117
  258      3.757507083593     -4.325810893106      3.293086405870
  258      5.633958921584     -1.087989998121      3.175541238788
  258      3.755071705104      2.176158422788      3.289744253112
  258      7.516270704579     -4.329629664167      3.184098235934
  258     -1.873084904521     -1.074749076004      3.295531704762
  258     -3.765450909426      2.137192487146      3.195991727808
  258     -0.023894103552     -4.337009513015      3.277504928349
    8     -0.005857917561      0.000989107367      2.477898265053
    8     -1.855426406454      3.266496022623      2.429956260931
    8      1.875647569099     -3.283354423700      2.481918172345
    8      3.774979081236      0.059793618385      2.407741272762
    8      1.840235023853      3.212728535336      2.435487710661
    8      5.655495554113     -3.279848894973      2.375181648217
    8     -3.769338829816     -0.069335858523      2.413976066644
    8     -5.642870875158      3.216649597045      2.448912942981
    8     -1.932869403201     -3.182850786927      2.431454507269
    8      1.881672598011     -1.090913712424      0.893287065019
    8     -0.010371176291      2.149102062598      0.865884680850
    8      3.743532691135     -4.323669735130      0.863119799218
    8      5.633202930131     -1.081751606258      0.846610068238
    8      3.762156145305      2.196956863264      0.867584187653
    8      7.540316320276     -4.343458534871      0.853824783912
    8     -1.866631403652     -1.065339982127      0.857273527265
    8     -3.757292459850      2.147371052273      0.878320643931
    8     -0.022619223213     -4.332603209283      0.896686426411
  258     -0.002533674570     -0.002148623493      0.061002596527
  258     -1.876511938550      3.247633518347      0.052171945503
  258      1.875364127999     -3.251060374063      0.066192642354
  258      3.757871845003      0.011144572252      0.047133918442
  258      1.884839905899      3.242131574237      0.049672538456
  258      5.630348654617     -3.252027231255      0.033647634449
  258     -3.757878290746     -0.013418239724      0.033458217086
  258     -5.654881026927      3.244273648369      0.051674520133
  258     -1.882809376781     -3.246277183710      0.050347178812
    8     -1.886622105986      1.082506470853     -0.774579990975
    8     -3.770703793161      4.325003245724     -0.756868744738
    8      0.001264531022     -2.172919673512     -0.762737685962
    8      1.882759259770      1.078885356646     -0.764002396383
    8      0.001310563360      4.327957370679     -0.765618548304
    8      3.750548178438     -2.161954112521     -0.769374157146
    8     -5.648572086472      1.078452353842     -0.763373695597
    8     -7.518691038691      4.324787831140     -0.773471269491
    8     -3.767056252282     -2.176329919705     -0.764844972962
    8      0.000000000000      0.000000000000     -2.343480358560
    8     -1.877706647404      3.247705235065     -2.343480358560
    8      1.877706647409     -3.247705235061     -2.343480358560
    8      3.765134756074      0.005630888977     -2.343480358560
    8      1.887428108664      3.253336124047     -2.343480358560
    8      5.642841403492     -3.242074346083     -2.343480358560
    8     -3.765134756074     -0.005630888987     -2.343480358560
    8     -5.642841403492      3.242074346083     -2.343480358560
    8     -1.887428108670     -3.253336124043     -2.343480358560
  258     -1.880947134494      1.080691448694     -3.124640478080
  258     -3.758653781893      4.328396683764     -3.124640478080
  258     -0.003240487086     -2.167013786368     -3.124640478080
  258      1.884187621581      1.086322337675     -3.124640478080
  258      0.006480974174      4.334027572743     -3.124640478080
  258      3.761894268989     -2.161382897389     -3.124640478080
  258     -5.646081890610      1.075060559700     -3.124640478080
  258     -7.523788537974      4.322765794788     -3.124640478080
  258     -3.768375243163     -2.172644675354     -3.124640478080
    8      1.880947134494     -1.080691448694     -3.905800597599
    8      0.003240487086      2.167013786368     -3.905800597599
    8      3.758653781893     -4.328396683764     -3.905800597599
    8      5.646081890610     -1.075060559700     -3.905800597599
    8      3.768375243167      2.172644675354     -3.905800597599
    8      7.523788537974     -4.322765794788     -3.905800597599
    8     -1.884187621581     -1.086322337675     -3.905800597599
    8     -3.761894268991      2.161382897388     -3.905800597599
    8     -0.006480974176     -4.334027572743     -3.905800597599
    8      1.377151841371      4.359259904746      6.303366878196
    1      0.720339275790      4.405664539025      5.525519786916
    1      6.827397609602     -4.611483954073      6.866827002337
    8      3.871739946395      2.676985472351      5.972260322976
    1      4.107892794486      1.906931543675      6.533734153247
    1      3.035431255817      3.096075419666      6.265328615080
    1     -1.369928894912     -2.191872769807      6.049789958796
    8     -2.038664743544     -1.501869924455      5.895785748180
    1     -2.871082655630     -1.969020866652      5.636947005230
    1     -4.908232468910      4.740653960721      6.125632708457
    8     -0.161690929279     -4.666686316490      5.905563660919
    1     -6.398916264694      4.297945700508      5.952690925982
    8      1.824541838550     -1.657012877688      5.845945174129
    1      0.957405780713     -2.075690166203      5.653807386686
    1      2.468188912335     -2.389424076274      5.978357747752
    8      5.879302981385     -2.508557390314      6.465433049180
    1      6.457658497177     -2.444387825128      5.655769493017
    1      5.676044321380     -1.575665868972      6.708625413657
    1      4.476306150628     -3.417074663984      6.163435551353
    8      3.651254968269     -3.924266491568      5.911076130077
    1      3.614387503814     -4.780549938478      6.395315751555
    8      0.166551916248      1.896584259776      5.942531578094
    1      0.930550124353      1.304694581529      5.760432261565
    1      0.545667111818      2.698045453818      6.366568201176
    8     -5.801066908619      0.391057572037      6.647663211404
    1     -5.670633226253      0.677128184598      5.681287303865
    1     -5.025031714912      0.729764192645      7.124191809428
    8     -2.719997442559      3.177984878046      6.390511097787
    1     -3.080574456218      3.543202293255      5.537531162575
    1     -2.071931987068      2.483983214934      6.159542877640
    0    0
