   2   1   1 E -1.7659727746591E+04 DE-4.9E-09(  3)
  0.112953738360E+02  0.169022203646E-01  0.000000000000E+00
 -0.563309649954E+01  0.974309879492E+01  0.000000000000E+00
  0.000000000000E+00  0.000000000000E+00  0.500000000000E+03
    1
  0.100000000000E+01  0.000000000000E+00  0.000000000000E+00
  0.000000000000E+00  0.100000000000E+01  0.000000000000E+00
  0.000000000000E+00  0.000000000000E+00  0.100000000000E+01
  0.000000000000E+00  0.000000000000E+00  0.000000000000E+00
  111
    8     -1.948029962278      1.096877972357      4.019849643516
    8     -3.729645918969      4.239816033037      4.110481718604
    8     -0.031494512786     -2.204684560778      4.047599145859
    8      1.917690289799      1.053549632858      4.082824381226
    8      0.013063457875      4.351376876019      4.115453383279
    8      3.834741963004     -2.111774575029      3.927003195880
    8     -5.613771555657      1.034293910289      4.123602386445
    8     -7.580479420852      4.368945760078      3.921340138072
    8     -3.905735546530     -2.254015733758      4.204029751815
  258      1.905946415951     -1.075359442692      3.281549737568
  258     -0.016179344873      2.157117545381      3.280419315109
  258      3.757463134185     -4.325816469657      3.293112722085
  258      5.633910826352     -1.087941833474      3.175502569756
  258      3.755088875422      2.176247794653      3.289765014033
  258      7.516248500815     -4.329636809185      3.184064722206
  258     -1.873097469284     -1.074800623835      3.295463529201
  258     -3.765387788626      2.137180167711      3.195941057872
  258     -0.024095958641     -4.337125160145      3.277333005532
    8     -0.005866583167      0.000964709352      2.477878506076
    8     -1.855514665164      3.266519405595      2.429945879696
    8      1.875604016058     -3.283472483585      2.481915484502
    8      3.774994313165      0.059785727493      2.407703029698
    8      1.840205400510      3.212711665635      2.435444257918
    8      5.655453955086     -3.279824507688      2.375100481187
    8     -3.769304877271     -0.069293117722      2.413979721872
    8     -5.642913237549      3.216667781747      2.448872089739
    8     -1.932937239303     -3.182918159757      2.431425828816
    8      1.881694079466     -1.090970457269      0.893240772911
    8     -0.010393345528      2.149106483912      0.865849402731
    8      3.743535128946     -4.323676631760      0.863081460176
    8      5.633221065945     -1.081750200934      0.846528499228
    8      3.762104690991      2.196934205216      0.867510196037
    8      7.540301821827     -4.343471114685      0.853757266345
    8     -1.866639646159     -1.065373323391      0.857201099027
    8     -3.757327395424      2.147426856899      0.878301497446
    8     -0.022613117742     -4.332627579333      0.896593008195
  258     -0.002541108643     -0.002217113193      0.060961441509
  258     -1.876523361970      3.247663293905      0.052149710630
  258      1.875401030929     -3.251057922407      0.066130595302
  258      3.757862961164      0.011157923483      0.047102121544
  258      1.884825273999      3.242091940399      0.049633360780
  258      5.630398868256     -3.252025481485      0.033579493865
  258     -3.757881746899     -0.013396432186      0.033410709380
  258     -5.654893792816      3.244255522267      0.051598129422
  258     -1.882846317945     -3.246326313335      0.050269917773
    8     -1.886640152394      1.082535351039     -0.774583598751
    8     -3.770671967739      4.324994915315     -0.757003406692
    8      0.001273028222     -2.172913161817     -0.762761703468
    8      1.882724138651      1.078884291633     -0.764006293276
    8      0.001312468222      4.327950501852     -0.765674450629
    8      3.750541878102     -2.161963756979     -0.769428471261
    8     -5.648561761541      1.078455136214     -0.763425403589
    8     -7.518659716972      4.324789964222     -0.773529024917
    8     -3.767044741872     -2.176333673353     -0.764882846198
    8      0.000000000000      0.000000000000     -2.343480358560
    8     -1.877698833178      3.247699598305     -2.343480358560
    8      1.877698833183     -3.247699598301     -2.343480358560
    8      3.765124611970      0.005634073450     -2.343480358560
    8      1.887425778786      3.253333671760     -2.343480358560
    8      5.642823445162     -3.242065524850     -2.343480358560
    8     -3.765124611970     -0.005634073460     -2.343480358560
    8     -5.642823445162      3.242065524850     -2.343480358560
    8     -1.887425778792     -3.253333671756     -2.343480358560
  258     -1.880941148384      1.080688508283     -3.124640478080
  258     -3.758639981557      4.328388106592     -3.124640478080
  258     -0.003242315202     -2.167011090019     -3.124640478080
  258      1.884183463587      1.086322581737     -3.124640478080
  258      0.006484630406      4.334022180044     -3.124640478080
  258      3.761882296769     -2.161377016567     -3.124640478080
  258     -5.646065760396      1.075054434816     -3.124640478080
  258     -7.523764593534      4.322754033143     -3.124640478080
  258     -3.768366927175     -2.172645163477     -3.124640478080
    8      1.880941148384     -1.080688508283     -3.905800597599
    8      0.003242315202      2.167011090019     -3.905800597599
    8      3.758639981557     -4.328388106592     -3.905800597599
    8      5.646065760396     -1.075054434816     -3.905800597599
    8      3.768366927179      2.172645163477     -3.905800597599
    8      7.523764593534     -4.322754033143     -3.905800597599
    8     -1.884183463587     -1.086322581737     -3.905800597599
    8     -3.761882296771      2.161377016566     -3.905800597599
    8     -0.006484630408     -4.334022180044     -3.905800597599
    8      1.377223562483      4.359244146574      6.303184319206
    1      0.720339915253      4.405565012561      5.525416375447
    1      6.827480701086     -4.611449258907      6.866607198295
    8      3.871861044211      2.676990437677      5.972216460613
    1      4.107742276389      1.906859188597      6.533663064450
    1      3.035543649262      3.096142623592      6.265146688697
    1     -1.369992542996     -2.191794580785      6.049855347162
    8     -2.038722363023     -1.501829245450      5.895724321505
    1     -2.871149532638     -1.968980904015      5.637092156091
    1     -4.908420057976      4.741341188983      6.125992551035
    8     -0.161820512652     -4.666219154800      5.905479202273
    1     -6.398816183761      4.298291908122      5.952793030673
    8      1.824552930908     -1.657305995468      5.845858451467
    1      0.957354074553     -2.075832905725      5.653708263047
    1      2.468092041676     -2.389841883710      5.978165142764
    8      5.879355527812     -2.508708467824      6.465376706784
    1      6.457455538314     -2.444428592478      5.655558831592
    1      5.675947098480     -1.575830222121      6.708511588551
    1      4.476094646519     -3.417060604233      6.163405037448
    8      3.651084908030     -3.924210287598      5.911008238791
    1      3.614161986569     -4.780550229773      6.395142179553
    8      0.166549320789      1.896446929908      5.942453305120
    1      0.930537870971      1.304600817946      5.760245528296
    1      0.545622673756      2.697858199646      6.366627551663
    8     -5.801152844486      0.390698617276      6.647651655143
    1     -5.670793410890      0.676985758022      5.681384954149
    1     -5.025183046680      0.729443311400      7.124230330119
    8     -2.720110330653      3.178295389281      6.390531574670
    1     -3.081096614108      3.543416964383      5.537571072974
    1     -2.072194717098      2.484204730397      6.159455506463
    0    0
