   2   1   1 E -1.7659727745900E+04 DE 5.5E-08(  7)
  0.112953848392E+02  0.169048195997E-01  0.000000000000E+00
 -0.563309975016E+01  0.974310232418E+01  0.000000000000E+00
  0.000000000000E+00  0.000000000000E+00  0.500000000000E+03
    1
  0.100000000000E+01  0.000000000000E+00  0.000000000000E+00
  0.000000000000E+00  0.100000000000E+01  0.000000000000E+00
  0.000000000000E+00  0.000000000000E+00  0.100000000000E+01
  0.000000000000E+00  0.000000000000E+00  0.000000000000E+00
  111
    8     -1.948054096643      1.096887529726      4.019875932491
    8     -3.729664112798      4.239856531263      4.110302611497
    8     -0.031421295317     -2.204633555032      4.047665401031
    8      1.917678007404      1.053573222941      4.082814986172
    8      0.013115077953      4.351378643804      4.115470282871
    8      3.834794730082     -2.111745517852      3.926981945496
    8     -5.613789469122      1.034257651737      4.123606277357
    8     -7.580414121826      4.368986405902      3.921326294885
    8     -3.905692454587     -2.254017363471      4.204107623772
  258      1.906012393875     -1.075368891992      3.281495786289
  258     -0.016153598573      2.157114798640      3.280462830995
  258      3.757479810192     -4.325812414960      3.293060728112
  258      5.633949746686     -1.087965420560      3.175507317461
  258      3.755072704414      2.176162768208      3.289740174940
  258      7.516260418577     -4.329636677728      3.184060151280
  258     -1.873077168851     -1.074770714746      3.295495327778
  258     -3.765415117542      2.137189233859      3.195957285550
  258     -0.023892231776     -4.337035120441      3.277435350892
    8     -0.005840467527      0.000988441193      2.477871289343
    8     -1.855446712598      3.266516370103      2.429933636570
    8      1.875659201671     -3.283403024698      2.481893696359
    8      3.774994585273      0.059789691644      2.407700171129
    8      1.840234779215      3.212717971785      2.435460558113
    8      5.655480157012     -3.279843702139      2.375135999680
    8     -3.769313774339     -0.069317012323      2.413952692214
    8     -5.642848605603      3.216644871469      2.448876674882
    8     -1.932878193105     -3.182879389344      2.431418562421
    8      1.881695709779     -1.090937604776      0.893246075859
    8     -0.010381625523      2.149104551434      0.865858105046
    8      3.743527122138     -4.323663940325      0.863083487944
    8      5.633211255408     -1.081745487642      0.846560710843
    8      3.762141968325      2.196964495476      0.867538830308
    8      7.540309713707     -4.343473517762      0.853791152822
    8     -1.866619488128     -1.065342156048      0.857235789635
    8     -3.757295611297      2.147392120453      0.878295828873
    8     -0.022599753352     -4.332609975014      0.896647522735
  258     -0.002537851201     -0.002170122459      0.060982559750
  258     -1.876512188540      3.247646635261      0.052148324175
  258      1.875386837441     -3.251059324893      0.066154250307
  258      3.757869938935      0.011161913737      0.047103837414
  258      1.884834586537      3.242111527728      0.049634217089
  258      5.630352286310     -3.252017588579      0.033616722438
  258     -3.757870892097     -0.013412871780      0.033425151371
  258     -5.654870321906      3.244259262105      0.051636474565
  258     -1.882816650155     -3.246281359005      0.050314353386
    8     -1.886623506850      1.082518981305     -0.774596982572
    8     -3.770681912758      4.324997905420     -0.756938032408
    8      0.001270008456     -2.172917485379     -0.762753677011
    8      1.882744593383      1.078885399793     -0.764013195378
    8      0.001310333312      4.327961082181     -0.765651453577
    8      3.750543894246     -2.161954051937     -0.769406880141
    8     -5.648561761866      1.078452887017     -0.763403565671
    8     -7.518672049478      4.324788284831     -0.773507234422
    8     -3.767047934755     -2.176339513722     -0.764855528218
    8      0.000000000000      0.000000000000     -2.343480358560
    8     -1.877699916718      3.247700774726     -2.343480358560
    8      1.877699916723     -3.247700774722     -2.343480358560
    8      3.765128279693      0.005634939862     -2.343480358560
    8      1.887428362969      3.253335714593     -2.343480358560
    8      5.642828196426     -3.242065834860     -2.343480358560
    8     -3.765128279693     -0.005634939872     -2.343480358560
    8     -5.642828196426      3.242065834860     -2.343480358560
    8     -1.887428362975     -3.253335714589     -2.343480358560
  258     -1.880942732139      1.080688611619     -3.124640478080
  258     -3.758642648852      4.328389386351     -3.124640478080
  258     -0.003242815416     -2.167012163104     -3.124640478080
  258      1.884185547556      1.086323551485     -3.124640478080
  258      0.006485630834      4.334024326214     -3.124640478080
  258      3.761885464278     -2.161377223240     -3.124640478080
  258     -5.646071011874      1.075053671741     -3.124640478080
  258     -7.523770928552      4.322754446490     -3.124640478080
  258     -3.768371095113     -2.172647102974     -3.124640478080
    8      1.880942732139     -1.080688611619     -3.905800597599
    8      0.003242815416      2.167012163104     -3.905800597599
    8      3.758642648852     -4.328389386351     -3.905800597599
    8      5.646071011874     -1.075053671741     -3.905800597599
    8      3.768371095117      2.172647102974     -3.905800597599
    8      7.523770928552     -4.322754446490     -3.905800597599
    8     -1.884185547556     -1.086323551485     -3.905800597599
    8     -3.761885464280      2.161377223239     -3.905800597599
    8     -0.006485630836     -4.334024326214     -3.905800597599
    8      1.377223502965      4.359219268138      6.303268204582
    1      0.720376310601      4.405566457775      5.525453603266
    1      6.827458143116     -4.611489423173      6.866695636110
    8      3.871761159337      2.677035989839      5.972243538071
    1      4.107716939133      1.906938074807      6.533705885649
    1      3.035433637086      3.096173029214      6.265186685295
    1     -1.369986533051     -2.191946919861      6.049760049635
    8     -2.038658813555     -1.501897203846      5.895733204243
    1     -2.871117127974     -1.968994460487      5.637007548307
    1     -4.908371910751      4.740976588787      6.125766053983
    8     -0.161811744757     -4.666409766988      5.905623876193
    1     -6.398914945352      4.298156956930      5.952815696416
    8      1.824576067846     -1.657124299337      5.845901090815
    1      0.957382380905     -2.075692592895      5.653837113120
    1      2.468143319055     -2.389616472547      5.978284586675
    8      5.879316984265     -2.508612843645      6.465373005978
    1      6.457576072802     -2.444427026170      5.655646023591
    1      5.675980245448     -1.575721884196      6.708490462344
    1      4.476200382834     -3.417047610986      6.163373789437
    8      3.651142051146     -3.924191710219      5.911024427076
    1      3.614272774894     -4.780497501698      6.395219063490
    8      0.166538792722      1.896483956634      5.942498339234
    1      0.930523727746      1.304612144375      5.760327024469
    1      0.545634923640      2.697897687157      6.366634205426
    8     -5.801169739371      0.390782717481      6.647649920863
    1     -5.670743962647      0.676999713482      5.681338524100
    1     -5.025162520824      0.729453916920      7.124232181026
    8     -2.719908291596      3.178197124190      6.390587833552
    1     -3.080722750643      3.543276317918      5.537664377449
    1     -2.071948372804      2.484122912227      6.159539920365
    0    0
