   2   1   1 E -1.7659727385983E+04 DE-6.1E-08(  7)
  0.112980027104E+02  0.119235948401E-01  0.000000000000E+00
 -0.563870544446E+01  0.974551697153E+01  0.000000000000E+00
  0.000000000000E+00  0.000000000000E+00  0.500000000000E+03
    1
  0.100000000000E+01  0.000000000000E+00  0.000000000000E+00
  0.000000000000E+00  0.100000000000E+01  0.000000000000E+00
  0.000000000000E+00  0.000000000000E+00  0.100000000000E+01
  0.000000000000E+00  0.000000000000E+00  0.000000000000E+00
  111
    8     -1.938818723206      1.101899573921      4.010605528480
    8     -3.715667604214      4.220792348640      4.150097767985
    8     -0.041568465318     -2.202460714654      4.043290367474
    8      1.924669055565      1.045013085829      4.090075293872
    8      0.017066006376      4.347086865985      4.109948503951
    8      3.842424002406     -2.115063305942      3.922978189837
    8     -5.611322176735      1.037539371163      4.122223047696
    8     -7.582298918328      4.373907489371      3.916432868101
    8     -3.892268377734     -2.249567483260      4.196902790437
  258      1.907580747037     -1.081888321007      3.289173340193
  258     -0.013751778083      2.156211284067      3.275134172241
  258      3.764440143476     -4.331088758634      3.301986078458
  258      5.639331589539     -1.090157662574      3.174169579422
  258      3.760258019777      2.172557160239      3.291401101768
  258      7.521725825003     -4.333349011734      3.182317521955
  258     -1.872998381592     -1.071675229118      3.288992745099
  258     -3.762309453871      2.141861026964      3.198328493605
  258     -0.031988220580     -4.331149810436      3.265893135137
    8      0.001586905020      0.000598715299      2.475043372746
    8     -1.858424680192      3.273188541411      2.427911793705
    8      1.876690563660     -3.296083184659      2.492296769899
    8      3.777871814432      0.057930936706      2.409102163616
    8      1.844347907664      3.206199954311      2.435075515295
    8      5.661707870065     -3.283761130021      2.376811246143
    8     -3.768513686181     -0.064904151775      2.411669315942
    8     -5.637861953401      3.225348866301      2.450330109690
    8     -1.931166817260     -3.184615375648      2.422437140580
    8      1.885315638258     -1.097876271836      0.896912004221
    8     -0.011514761440      2.149938940139      0.866241159508
    8      3.747122894468     -4.322256134379      0.862800274561
    8      5.635897223764     -1.084784987874      0.847016674569
    8      3.766484775237      2.195491744750      0.868430271242
    8      7.543612627040     -4.349553692953      0.851717851921
    8     -1.865345822746     -1.063095161590      0.855287316696
    8     -3.757905899258      2.150067551939      0.876280260428
    8     -0.020493133600     -4.330958121949      0.891442769973
  258     -0.000669495793     -0.003206598373      0.061304045054
  258     -1.877889027193      3.249666378942      0.051637035617
  258      1.879883205030     -3.251915168915      0.065955855343
  258      3.759953467001      0.008433283485      0.048977637966
  258      1.885563232674      3.240285778108      0.049567816541
  258      5.633510171659     -3.255325412988      0.034169925069
  258     -3.757611103952     -0.010466621247      0.032498832711
  258     -5.655730425113      3.245986734163      0.050669820737
  258     -1.882135324142     -3.245386492216      0.046296134082
    8     -1.885626198258      1.083559358947     -0.775295928280
    8     -3.772076555427      4.327129064341     -0.757768503942
    8      0.003774689116     -2.171940839375     -0.763555283052
    8      1.884292953689      1.076560515749     -0.761917348428
    8     -0.000003222655      4.327378329187     -0.766012669228
    8      3.753536496823     -2.163171039786     -0.770290629526
    8     -5.649459717021      1.080207426730     -0.763686001194
    8     -7.521629870984      4.327092238006     -0.774630573151
    8     -3.766441109641     -2.174624201749     -0.764942935231
    8      0.000000000000      0.000000000000     -2.343480358560
    8     -1.879568481487      3.248505657174     -2.343480358560
    8      1.879568481492     -3.248505657170     -2.343480358560
    8      3.766000903440      0.003974531608     -2.343480358560
    8      1.886432421947      3.252480188788     -2.343480358560
    8      5.645569384941     -3.244531125561     -2.343480358560
    8     -3.766000903440     -0.003974531618     -2.343480358560
    8     -5.645569384941      3.244531125561     -2.343480358560
    8     -1.886432421953     -3.252480188784     -2.343480358560
  258     -1.881856461643      1.081510375186     -3.124640478080
  258     -3.761424943125      4.330016032366     -3.124640478080
  258     -0.002287980153     -2.166995281985     -3.124640478080
  258      1.884144441797      1.085484906799     -3.124640478080
  258      0.004575960308      4.333990563976     -3.124640478080
  258      3.763712923288     -2.163020750375     -3.124640478080
  258     -5.647857365126      1.077535843561     -3.124640478080
  258     -7.527425846572      4.326041500758     -3.124640478080
  258     -3.768288883596     -2.170969813602     -3.124640478080
    8      1.881856461643     -1.081510375186     -3.905800597599
    8      0.002287980153      2.166995281985     -3.905800597599
    8      3.761424943125     -4.330016032366     -3.905800597599
    8      5.647857365126     -1.077535843561     -3.905800597599
    8      3.768288883600      2.170969813602     -3.905800597599
    8      7.527425846572     -4.326041500758     -3.905800597599
    8     -1.884144441797     -1.085484906799     -3.905800597599
    8     -3.763712923290      2.163020750374     -3.905800597599
    8     -0.004575960310     -4.333990563976     -3.905800597599
    8      1.398364957645      4.376373952009      6.288812280147
    1      0.730243966625      4.409839882725      5.521256666837
    1      6.848622839242     -4.598867968837      6.853600869471
    8      3.892435632764      2.683536421646      5.966021993450
    1      4.108628921451      1.917821243388      6.539750644832
    1      3.067256285796      3.128377995562      6.253465098449
    1     -1.348743541157     -2.105918121757      6.055390595326
    8     -2.040066948589     -1.441006374539      5.893744220315
    1     -2.858553929209     -1.937562734727      5.649869389422
    1     -4.786612526667      4.653404609093      5.820649840962
    8     -0.042411307203     -4.696448061605      5.872282071945
    1     -6.305081854630      4.293108568389      5.968216440494
    8      1.847995657753     -1.706792794004      5.835986794029
    1      0.979949700171     -2.136411988317      5.689147819055
    1      2.498788981231     -2.432220823304      5.978649912653
    8      5.911256856563     -2.500737930762      6.459733232655
    1      6.486325535550     -2.437425143706      5.647242115778
    1      5.706966839883     -1.567715266112      6.703695597996
    1      4.516720998443     -3.413512092348      6.161451524710
    8      3.695464015641     -3.928473657285      5.912000681502
    1      3.673769342587     -4.787024178704      6.395616667722
    8      0.200571037064      1.897563150474      5.940031055403
    1      0.970465842428      1.321681875759      5.724387996326
    1      0.576251434677      2.699799242813      6.364839493199
    8     -5.781378939091      0.386718788334      6.649805304427
    1     -5.659499585078      0.678277247618      5.685148807602
    1     -5.004728804076      0.726488732016      7.124551307749
    8     -2.562451715658      3.158349718907      6.421716131771
    1     -2.964528374247      3.483673795767      5.577528751096
    1     -1.918513341186      2.462289402997      6.184488092460
    0    0
