   2   1   1 E -1.7659727468277E+04 DE 4.2E-09( 10)
  0.112960748813E+02  0.165074491407E-01  0.000000000000E+00
 -0.563378693121E+01  0.974328819651E+01  0.000000000000E+00
  0.000000000000E+00  0.000000000000E+00  0.500000000000E+03
    1
  0.100000000000E+01  0.000000000000E+00  0.000000000000E+00
  0.000000000000E+00  0.100000000000E+01  0.000000000000E+00
  0.000000000000E+00  0.000000000000E+00  0.100000000000E+01
  0.000000000000E+00  0.000000000000E+00  0.000000000000E+00
  111
    8     -1.946790030919      1.098951877596      4.012939877855
    8     -3.729592514531      4.234587312746      4.122169587665
    8     -0.038162939482     -2.203267658534      4.050030897511
    8      1.916970504284      1.053542663947      4.083360008285
    8      0.009658698312      4.351736021180      4.116231163547
    8      3.833035613903     -2.112086358464      3.925653052325
    8     -5.614268276708      1.034246836111      4.124332737551
    8     -7.585615739780      4.370851118487      3.920714619884
    8     -3.904626945871     -2.254496220933      4.204949434430
  258      1.904606601334     -1.075282331287      3.282575435573
  258     -0.017202992478      2.157845406712      3.278027720930
  258      3.756065648351     -4.325799304931      3.296406014130
  258      5.633751440285     -1.088143842601      3.176910978823
  258      3.753919327171      2.176399050679      3.291701280290
  258      7.514979015567     -4.328848784888      3.184559244603
  258     -1.873720355430     -1.072886580883      3.291961394520
  258     -3.766766399256      2.138360833134      3.195815143937
  258     -0.028745375748     -4.335376814185      3.276877301559
    8     -0.004332262839      0.000088075832      2.476504586735
    8     -1.857628943744      3.269749163791      2.428839874663
    8      1.871774757129     -3.285916052554      2.486269260149
    8      3.775254983977      0.060982001307      2.408408691781
    8      1.838146921643      3.212261268392      2.434832240231
    8      5.654638458392     -3.280062284292      2.376564057715
    8     -3.772138330009     -0.069683832463      2.414227883701
    8     -5.644670910367      3.219088939712      2.450808158323
    8     -1.934011041907     -3.183117272018      2.429436391066
    8      1.882409734863     -1.092597838280      0.894537098730
    8     -0.011872643929      2.148600105461      0.864759939089
    8      3.741972292315     -4.321897233373      0.864427832017
    8      5.632794397073     -1.082394880777      0.846898030101
    8      3.761842918142      2.197418227456      0.868130571486
    8      7.539564040739     -4.343306499526      0.853225231919
    8     -1.867598677157     -1.064789378494      0.856411376037
    8     -3.759018644333      2.148059028531      0.878732146395
    8     -0.023350045354     -4.332566838152      0.895094500536
  258     -0.002495099767     -0.002499863866      0.059953489235
  258     -1.877460415582      3.248409977950      0.052360828355
  258      1.874849884557     -3.251379037300      0.066161837207
  258      3.757627974252      0.010802642901      0.048272280381
  258      1.884269580962      3.242409136916      0.049130058876
  258      5.629550274782     -3.251905969414      0.034689368340
  258     -3.758969133601     -0.012862654411      0.032980651017
  258     -5.656590875237      3.245334281223      0.052141105340
  258     -1.884228179647     -3.247014430986      0.049523446734
    8     -1.887872188089      1.082753425903     -0.774208874680
    8     -3.771123708120      4.325050088465     -0.757334381618
    8      0.001302664056     -2.172669110063     -0.762721760175
    8      1.882564836907      1.078215585191     -0.763568546748
    8      0.000411871955      4.328243719864     -0.765026136568
    8      3.750577532971     -2.161943868633     -0.769712552422
    8     -5.649338222867      1.078689921580     -0.763201716546
    8     -7.520000014485      4.324864645856     -0.773831726225
    8     -3.767902979202     -2.176147457989     -0.765368307402
    8      0.000000000000      0.000000000000     -2.343480358560
    8     -1.877928977071      3.247762732169     -2.343480358560
    8      1.877928977076     -3.247762732165     -2.343480358560
    8      3.765358293734      0.005502483042     -2.343480358560
    8      1.887429316657      3.253265215216     -2.343480358560
    8      5.643287270818     -3.242260249122     -2.343480358560
    8     -3.765358293734     -0.005502483052     -2.343480358560
    8     -5.643287270818      3.242260249122     -2.343480358560
    8     -1.887429316663     -3.253265215212     -2.343480358560
  258     -1.881095756936      1.080753416373     -3.124640478080
  258     -3.759024734002      4.328516148547     -3.124640478080
  258     -0.003166779861     -2.167009315793     -3.124640478080
  258      1.884262536799      1.086255899419     -3.124640478080
  258      0.006333559725      4.334018631591     -3.124640478080
  258      3.762191513873     -2.161506832749     -3.124640478080
  258     -5.646454050712      1.075250933314     -3.124640478080
  258     -7.524383027742      4.323013665506     -3.124640478080
  258     -3.768525073598     -2.172511798843     -3.124640478080
    8      1.881095756936     -1.080753416373     -3.905800597599
    8      0.003166779861      2.167009315793     -3.905800597599
    8      3.759024734002     -4.328516148547     -3.905800597599
    8      5.646454050712     -1.075250933314     -3.905800597599
    8      3.768525073602      2.172511798843     -3.905800597599
    8      7.524383027742     -4.323013665506     -3.905800597599
    8     -1.884262536799     -1.086255899419     -3.905800597599
    8     -3.762191513875      2.161506832748     -3.905800597599
    8     -0.006333559727     -4.334018631591     -3.905800597599
    8      1.374549427317      4.354677240797      6.302982232153
    1      0.717242840218      4.404819403473      5.525594257222
    1      6.825667241722     -4.619468440109      6.870843992598
    8      3.877601028486      2.676827401539      5.970758866363
    1      4.113840953672      1.906639568217      6.532267737969
    1      3.041588852026      3.096021656221      6.264394711995
    1     -1.372590721492     -2.156826916613      6.050999580869
    8     -2.047602487986     -1.474043599512      5.893732426910
    1     -2.874946541641     -1.949477396175      5.631533588956
    1     -4.873411095282      4.701523259185      6.032659152931
    8     -0.133629060548     -4.679066753234      5.894889964899
    1     -6.382063869631      4.295546350111      5.955264045941
    8      1.826474417555     -1.661316016779      5.843392025111
    1      0.959135876698     -2.083329649240      5.660947677277
    1      2.470779586645     -2.392093290617      5.981373983379
    8      5.880596258746     -2.506511758186      6.467419110029
    1      6.459827579582     -2.441221894592      5.658830026530
    1      5.671826751627     -1.574373470797      6.708358297364
    1      4.484795750026     -3.424663252296      6.165127656211
    8      3.656792389516     -3.926307581841      5.912470140802
    1      3.621384823770     -4.785888742507      6.391760732893
    8      0.163824979858      1.895885953589      5.942299522014
    1      0.926536443242      1.302325064465      5.760456699369
    1      0.545292827171      2.698229281724      6.363534556435
    8     -5.805076092405      0.389933633638      6.647827865470
    1     -5.671387476437      0.677546137761      5.682342622322
    1     -5.028294853897      0.723236009923      7.126974556202
    8     -2.680870247393      3.172017837116      6.392910512862
    1     -3.048223623283      3.526054009608      5.539898143439
    1     -2.032181798619      2.477111543429      6.165355180465
    0    0
