   2   1   1 E -1.7659727424695E+04 DE-1.8E-07(  7)
  0.112971205971E+02  0.141520192549E-01  0.000000000000E+00
 -0.563634187182E+01  0.974448209805E+01  0.000000000000E+00
  0.000000000000E+00  0.000000000000E+00  0.500000000000E+03
    1
  0.100000000000E+01  0.000000000000E+00  0.000000000000E+00
  0.000000000000E+00  0.100000000000E+01  0.000000000000E+00
  0.000000000000E+00  0.000000000000E+00  0.100000000000E+01
  0.000000000000E+00  0.000000000000E+00  0.000000000000E+00
  111
    8     -1.941824303712      1.100721597768      4.010597365544
    8     -3.721359054966      4.226862961107      4.134907902851
    8     -0.040761102445     -2.203295643486      4.047993926308
    8      1.922369128905      1.048043411632      4.088457192059
    8      0.016602245548      4.348099960373      4.114571816901
    8      3.840154279131     -2.112887995373      3.925424828592
    8     -5.612073766368      1.035720502780      4.123611390176
    8     -7.581633936941      4.371888850477      3.916614511968
    8     -3.896556510180     -2.253174012714      4.201862904420
  258      1.908345528683     -1.079914444099      3.285893001336
  258     -0.014358759432      2.156406209531      3.276755452719
  258      3.762689185225     -4.329297333875      3.300207661462
  258      5.638443399373     -1.089525161546      3.175234800059
  258      3.757442007950      2.172722188543      3.291791036203
  258      7.520952285152     -4.331938078207      3.182161031403
  258     -1.872092881528     -1.072486333792      3.291021616012
  258     -3.763937483444      2.140752839798      3.196946836135
  258     -0.028087168667     -4.333150755999      3.271351879463
    8      0.000618580200      0.000035182787      2.476358132111
    8     -1.855499296502      3.272602203573      2.428160117664
    8      1.875603502379     -3.290977497046      2.491384974979
    8      3.777404173644      0.058949306501      2.408349915506
    8      1.842535079882      3.208271825008      2.435349310006
    8      5.659455746863     -3.282967964705      2.377362542572
    8     -3.769693541534     -0.068044584164      2.412268315969
    8     -5.639815922204      3.221050847312      2.449955659027
    8     -1.931239792707     -3.183972199316      2.424483430368
    8      1.884553837750     -1.095869968410      0.895897511044
    8     -0.011015666803      2.149056758722      0.865300711307
    8      3.744570558297     -4.321313780869      0.863526411905
    8      5.634430245197     -1.084127275979      0.846625513823
    8      3.764396286740      2.196685823496      0.868077713281
    8      7.542335519159     -4.347614871966      0.852446760767
    8     -1.865120893215     -1.062996121877      0.856406044848
    8     -3.756708633944      2.148666002688      0.877178318784
    8     -0.020772746907     -4.331931446207      0.893515131517
  258     -0.001001965444     -0.002314759194      0.061222366718
  258     -1.877173023378      3.249074521708      0.051433117685
  258      1.877569260675     -3.251922573909      0.065636779870
  258      3.759168700826      0.009528936260      0.048343326587
  258      1.886168255666      3.241399875770      0.048946282239
  258      5.630859333060     -3.253864159565      0.034734580072
  258     -3.757437932920     -0.011927710873      0.032496562393
  258     -5.655442871784      3.244565609240      0.051967138617
  258     -1.882926985536     -3.244810531319      0.048203867451
    8     -1.886058963382      1.082983188401     -0.775541350624
    8     -3.771321088805      4.326142266630     -0.757354871197
    8      0.002820154945     -2.172461916250     -0.763179733917
    8      1.884154520481      1.077055246345     -0.762858036164
    8      0.000308629128      4.328280372491     -0.765296093753
    8      3.752067842620     -2.162741698965     -0.770656919304
    8     -5.649110789982      1.079337963061     -0.763165102956
    8     -7.520120258360      4.326143536426     -0.774251963702
    8     -3.766706464371     -2.175542188739     -0.764337261304
    8      0.000000000000      0.000000000000     -2.343480358560
    8     -1.878780623938      3.248160699349     -2.343480358560
    8      1.878780623943     -3.248160699345     -2.343480358560
    8      3.765706865672      0.004717339747     -2.343480358560
    8      1.886926241728      3.252878039101     -2.343480358560
    8      5.644487489624     -3.243443359597     -2.343480358560
    8     -3.765706865672     -0.004717339757     -2.343480358560
    8     -5.644487489624      3.243443359597     -2.343480358560
    8     -1.886926241734     -3.252878039096     -2.343480358560
  258     -1.881495829871      1.081147786532     -3.124640478080
  258     -3.760276453804      4.329308485886     -3.124640478080
  258     -0.002715205929     -2.167012912814     -3.124640478080
  258      1.884211035802      1.085865126282     -3.124640478080
  258      0.005430411861      4.334025825634     -3.124640478080
  258      3.762991659744     -2.162295573065     -3.124640478080
  258     -5.647202695586      1.076430446768     -3.124640478080
  258     -7.525983319483      4.324591146140     -3.124640478080
  258     -3.768422071605     -2.171730252569     -3.124640478080
    8      1.881495829871     -1.081147786532     -3.905800597599
    8      0.002715205929      2.167012912814     -3.905800597599
    8      3.760276453804     -4.329308485886     -3.905800597599
    8      5.647202695586     -1.076430446768     -3.905800597599
    8      3.768422071609      2.171730252569     -3.905800597599
    8      7.525983319483     -4.324591146140     -3.905800597599
    8     -1.884211035802     -1.085865126282     -3.905800597599
    8     -3.762991659746      2.162295573064     -3.905800597599
    8     -0.005430411863     -4.334025825634     -3.905800597599
    8      1.391403274861      4.359004078677      6.296816770384
    1      0.729537590058      4.401464980212      5.523179479623
    1      6.841322180137     -4.616768647410      6.863973826733
    8      3.884150362767      2.679664769681      5.967811864688
    1      4.108312130072      1.910637789735      6.534312488639
    1      3.053123922071      3.112244740472      6.257516824259
    1     -1.367225359210     -2.122289572830      6.066313479464
    8     -2.049126039072     -1.449664950475      5.896571507750
    1     -2.870194740370     -1.937528854943      5.640090340290
    1     -4.827673788165      4.670309201554      5.926666075735
    8     -0.088756562929     -4.690033697125      5.886954116103
    1     -6.347326155157      4.293675225071      5.962125773353
    8      1.835104370802     -1.687195453257      5.839558416594
    1      0.967720073518     -2.112360609733      5.669976006609
    1      2.481907613546     -2.415398625300      5.982642708372
    8      5.895916605976     -2.508392002995      6.462099485011
    1      6.475257910086     -2.445023925215      5.652903055341
    1      5.686162036016     -1.575807164681      6.701596643316
    1      4.502276724614     -3.424658929459      6.164968722216
    8      3.675059800649     -3.929265504720      5.913928463323
    1      3.645934779866     -4.788869783416      6.394311071852
    8      0.182008254257      1.891879003529      5.939949634800
    1      0.948577780283      1.307750737127      5.739595635011
    1      0.560189531055      2.692811640292      6.365294359749
    8     -5.796807081672      0.382536555084      6.646713494436
    1     -5.666956831464      0.673963040281      5.682332758206
    1     -5.020627855374      0.717394735165      7.125561652925
    8     -2.617111905044      3.158055577013      6.408164151869
    1     -3.002183575900      3.498378413638      5.560383628927
    1     -1.972992648555      2.461214542326      6.173724210556
    0    0
