   2   1   1 E -1.7659727482258E+04 DE 2.8E-09( 10)
  0.112959723970E+02  0.162874366637E-01  0.000000000000E+00
 -0.563392600675E+01  0.974357239043E+01  0.000000000000E+00
  0.000000000000E+00  0.000000000000E+00  0.500000000000E+03
    1
  0.100000000000E+01  0.000000000000E+00  0.000000000000E+00
  0.000000000000E+00  0.100000000000E+01  0.000000000000E+00
  0.000000000000E+00  0.000000000000E+00  0.100000000000E+01
  0.000000000000E+00  0.000000000000E+00  0.000000000000E+00
  111
    8     -1.945361470448      1.098030789239      4.014847341298
    8     -3.727187780542      4.234764254484      4.121443548518
    8     -0.034856780771     -2.204379147783      4.048469536216
    8      1.917955067140      1.052910028515      4.082443423864
    8      0.012118080769      4.350950340281      4.114627389268
    8      3.834310062287     -2.112662569738      3.925107710823
    8     -5.613216639115      1.034385939416      4.123586192510
    8     -7.583486662792      4.369836655304      3.921086793277
    8     -3.904246761234     -2.254413768841      4.203317810597
  258      1.905214162502     -1.076015924891      3.282529554645
  258     -0.015601753646      2.157514529602      3.278143644908
  258      3.757247088681     -4.326363490042      3.295064481856
  258      5.633974893222     -1.088122055547      3.176279790750
  258      3.755618034478      2.176282385247      3.290504816153
  258      7.515721453545     -4.329645924308      3.184267489240
  258     -1.872806299124     -1.073870042032      3.291495627654
  258     -3.764861524856      2.137860621320      3.195770532280
  258     -0.027192817286     -4.336051305557      3.276224033616
    8     -0.004212710454     -0.000303269820      2.476181855822
    8     -1.857085396207      3.268582137751      2.428780507762
    8      1.873233543905     -3.286879238512      2.484460614069
    8      3.776018972387      0.060150704482      2.408295903803
    8      1.839760753151      3.212374683097      2.434330724213
    8      5.655912246479     -3.280114322826      2.375411633252
    8     -3.770488861767     -0.069032581253      2.413940258570
    8     -5.643005196479      3.219116152436      2.450289910867
    8     -1.932897910131     -3.183554141553      2.429590713202
    8      1.883118727019     -1.092574268968      0.894226533039
    8     -0.011030287760      2.148682530091      0.865290882773
    8      3.743348256718     -4.322736746077      0.863515825963
    8      5.633430618623     -1.082293969304      0.846706753154
    8      3.762681924505      2.196985734052      0.867709254406
    8      7.540622659167     -4.343826092447      0.852986609394
    8     -1.867087459613     -1.065029512071      0.856138373319
    8     -3.758632341738      2.148131625515      0.878372706822
    8     -0.022805368028     -4.332842014941      0.894797179063
  258     -0.002258158762     -0.002882482857      0.059743476577
  258     -1.877087169873      3.248333154797      0.052307947012
  258      1.876092230577     -3.251379130462      0.066222247915
  258      3.758297054230      0.010724614328      0.047833175351
  258      1.884446278295      3.241776969942      0.049508035139
  258      5.630951386764     -3.252166928013      0.033858162160
  258     -3.758538172099     -0.012792963822      0.033084152103
  258     -5.655652639556      3.245041058788      0.051415469745
  258     -1.883323402450     -3.247067641471      0.049434979664
    8     -1.887262923353      1.082946555311     -0.774246822278
    8     -3.770713342521      4.325085058599     -0.757641577829
    8      0.001625004790     -2.172502849638     -0.762664691198
    8      1.882824474911      1.078343176579     -0.763671528541
    8      0.000701513850      4.327955042290     -0.765445116424
    8      3.750962804414     -2.162106854646     -0.769840506376
    8     -5.648935202006      1.078728311621     -0.763566936771
    8     -7.519692818352      4.324999063876     -0.774094144933
    8     -3.767378658361     -2.175983877659     -0.765309083941
    8      0.000000000000      0.000000000000     -2.343480358560
    8     -1.877975335584      3.247857463475     -2.343480358560
    8      1.877975335589     -3.247857463471     -2.343480358560
    8      3.765324132324      0.005429145550     -2.343480358560
    8      1.887348796734      3.253286609029     -2.343480358560
    8      5.643299467922     -3.242428317920     -2.343480358560
    8     -3.765324132324     -0.005429145560     -2.343480358560
    8     -5.643299467922      3.242428317920     -2.343480358560
    8     -1.887348796739     -3.253286609025     -2.343480358560
  258     -1.881099822637      1.080809439306     -3.124640478080
  258     -3.759075158217      4.328666902786     -3.124640478080
  258     -0.003124487049     -2.167048024166     -3.124640478080
  258      1.884224309687      1.086238584860     -3.124640478080
  258      0.006248974100      4.334096048337     -3.124640478080
  258      3.762199645276     -2.161618878614     -3.124640478080
  258     -5.646423955003      1.075380293739     -3.124640478080
  258     -7.524399290547      4.323237757237     -3.124640478080
  258     -3.768448619376     -2.172477169723     -3.124640478080
    8      1.881099822637     -1.080809439306     -3.905800597599
    8      0.003124487049      2.167048024166     -3.905800597599
    8      3.759075158217     -4.328666902786     -3.905800597599
    8      5.646423955003     -1.075380293739     -3.905800597599
    8      3.768448619380      2.172477169723     -3.905800597599
    8      7.524399290547     -4.323237757237     -3.905800597599
    8     -1.884224309687     -1.086238584860     -3.905800597599
    8     -3.762199645278      2.161618878613     -3.905800597599
    8     -0.006248974102     -4.334096048337     -3.905800597599
    8      1.376342733758      4.358723816330      6.301545413720
    1      0.718692137603      4.407429994025      5.524386145379
    1      6.827909453438     -4.614644719160      6.868105745668
    8      3.874714645761      2.675509268218      5.970402087808
    1      4.110487868066      1.906010537173      6.532961842487
    1      3.039865708406      3.096529266253      6.264319600110
    1     -1.370660661865     -2.159161827267      6.055985859841
    8     -2.046198816896     -1.478115317299      5.892609739799
    1     -2.871934571925     -1.956058492934      5.631774064230
    1     -4.873855304177      4.706302448914      6.040504730607
    8     -0.133581802555     -4.679867656568      5.896880713006
    1     -6.380543910532      4.293466272600      5.956917846623
    8      1.827795018612     -1.664276125334      5.843206995024
    1      0.960983940661     -2.086995719362      5.659885390803
    1      2.473849556960     -2.394004952559      5.979597116798
    8      5.882051657069     -2.503676247258      6.465965589222
    1      6.460682855853     -2.439553485167      5.656878428079
    1      5.677782263282     -1.571051358600      6.709703004141
    1      4.483858701104     -3.420586037378      6.166042052095
    8      3.658209029686     -3.925996785783      5.912831267051
    1      3.622634088671     -4.783787389110      6.395367186412
    8      0.168001415700      1.898273209733      5.941519151605
    1      0.930224849401      1.304620599483      5.758231956999
    1      0.549970683868      2.700654183379      6.362032380536
    8     -5.799544313343      0.393388937222      6.648394460013
    1     -5.667926684660      0.678958070093      5.682068289041
    1     -5.023812034303      0.731049404981      7.126254113079
    8     -2.683793957657      3.168685290874      6.395379791785
    1     -3.049194163300      3.526516866120      5.542156278412
    1     -2.033350886945      2.476566629324      6.165796170411
    0    0
