   2   1   1 E -1.7659727501885E+04 DE 6.9E-08(  4)
  0.112955088786E+02  0.163957769985E-01  0.000000000000E+00
 -0.563360070450E+01  0.974310767768E+01  0.000000000000E+00
  0.000000000000E+00  0.000000000000E+00  0.500000000000E+03
    1
  0.100000000000E+01  0.000000000000E+00  0.000000000000E+00
  0.000000000000E+00  0.100000000000E+01  0.000000000000E+00
  0.000000000000E+00  0.000000000000E+00  0.100000000000E+01
  0.000000000000E+00  0.000000000000E+00  0.000000000000E+00
  111
    8     -1.947909704918      1.097164379962      4.019462664542
    8     -3.729771882493      4.240275081218      4.111167223752
    8     -0.031726749349     -2.204519330253      4.048838670243
    8      1.915848259254      1.053216305511      4.082835267727
    8      0.013538284344      4.350686599980      4.115682677301
    8      3.834909600296     -2.112741324612      3.926974507215
    8     -5.614664045924      1.034987882601      4.123438102976
    8     -7.581160388543      4.369192234997      3.921826735860
    8     -3.905892887377     -2.254319415543      4.204380952836
  258      1.905398089408     -1.075627962292      3.282332504988
  258     -0.016168724144      2.156384180963      3.280580957792
  258      3.757482197113     -4.325924657976      3.292966915144
  258      5.633620995687     -1.088313342285      3.176032560604
  258      3.755111104545      2.176127668766      3.289496347152
  258      7.516058163746     -4.329789947394      3.184091903896
  258     -1.873072313108     -1.074439276067      3.294431092573
  258     -3.765403284783      2.137446880962      3.196351458111
  258     -0.024446832161     -4.336944043244      3.277794910783
    8     -0.005898329257      0.000038972628      2.477650886321
    8     -1.856039557788      3.266989403601      2.430069241262
    8      1.875908612533     -3.283996105773      2.481945445497
    8      3.774816512481      0.059226240633      2.408561546023
    8      1.840854801920      3.212489322996      2.435161961160
    8      5.655493707406     -3.280233559833      2.375054906724
    8     -3.769461132590     -0.069045837791      2.414566881756
    8     -5.642741207114      3.217488759006      2.449242368393
    8     -1.932439622750     -3.183177048882      2.431771148378
    8      1.881810983157     -1.090847866489      0.893424624951
    8     -0.010526347280      2.148877144836      0.866638049709
    8      3.743866668768     -4.323680798212      0.862983376984
    8      5.633116477491     -1.081795289188      0.846863314463
    8      3.762348563432      2.196331258951      0.867687516454
    8      7.540398197582     -4.343679182284      0.853360950684
    8     -1.866985176444     -1.065223909195      0.857506011327
    8     -3.757754095603      2.147420992640      0.878182104379
    8     -0.022895919522     -4.332457042666      0.896043249240
  258     -0.002408109466     -0.002268391199      0.060637444267
  258     -1.876648748116      3.247755465282      0.052278400246
  258      1.875815694152     -3.250872051273      0.066256316523
  258      3.757773318797      0.010895280981      0.047077289729
  258      1.884629697897      3.241671007920      0.050112731551
  258      5.631039656008     -3.252298337979      0.033318003059
  258     -3.758139677597     -0.013389034236      0.033629036055
  258     -5.654836031561      3.244469327528      0.051215291575
  258     -1.882573292206     -3.246502934885      0.050376012309
    8     -1.886241249208      1.082561281516     -0.774672612151
    8     -3.770808522296      4.325258641181     -0.757019275107
    8      0.001547121040     -2.172710883003     -0.762645144429
    8      1.882790005879      1.078825122096     -0.764223648749
    8      0.000983060949      4.327632301132     -0.765489359943
    8      3.750564780339     -2.162149022748     -0.769338876860
    8     -5.648587728361      1.078409629849     -0.763699536706
    8     -7.518922400168      4.324978956988     -0.773420770698
    8     -3.767009238314     -2.176066585295     -0.764737319780
    8      0.000000000000      0.000000000000     -2.343480358560
    8     -1.877866901498      3.247702559224     -2.343480358560
    8      1.877866901503     -3.247702559220     -2.343480358560
    8      3.765169626167      0.005465258995     -2.343480358560
    8      1.887302724662      3.253167818224     -2.343480358560
    8      5.643036527679     -3.242237300225     -2.343480358560
    8     -3.765169626167     -0.005465259005     -2.343480358560
    8     -5.643036527679      3.242237300225     -2.343480358560
    8     -1.887302724668     -3.253167818220     -2.343480358560
  258     -1.881012175890      1.080745766741     -3.124640478080
  258     -3.758879077383      4.328448325970     -3.124640478080
  258     -0.003145274387     -2.166956792480     -3.124640478080
  258      1.884157450278      1.086211025739     -3.124640478080
  258      0.006290548777      4.333913584967     -3.124640478080
  258      3.762024351780     -2.161491533484     -3.124640478080
  258     -5.646181802098      1.075280507729     -3.124640478080
  258     -7.524048703557      4.322983066977     -3.124640478080
  258     -3.768314900557     -2.172422051483     -3.124640478080
    8      1.881012175890     -1.080745766741     -3.905800597599
    8      0.003145274387      2.166956792480     -3.905800597599
    8      3.758879077383     -4.328448325970     -3.905800597599
    8      5.646181802098     -1.075280507729     -3.905800597599
    8      3.768314900561      2.172422051483     -3.905800597599
    8      7.524048703557     -4.322983066977     -3.905800597599
    8     -1.884157450278     -1.086211025739     -3.905800597599
    8     -3.762024351782      2.161491533483     -3.905800597599
    8     -0.006290548779     -4.333913584967     -3.905800597599
    8      1.374196212465      4.356540142992      6.305990342006
    1      0.718884166956      4.404850485125      5.527066210803
    1      6.826626428738     -4.613558175046      6.869095586326
    8      3.872132899497      2.675234262779      5.971571368490
    1      4.108439162923      1.905856549056      6.533857772194
    1      3.036326995222      3.094992591654      6.265107284217
    1     -1.369773471190     -2.186610067868      6.048673421752
    8     -2.040249485623     -1.498209625541      5.895002194130
    1     -2.871347067774     -1.966982079659      5.634811253355
    1     -4.901253105351      4.732423365802      6.109302882676
    8     -0.156474832528     -4.668987486829      5.905677677160
    1     -6.395863716869      4.297233343180      5.955053351241
    8      1.827021556920     -1.657708565866      5.845581693840
    1      0.959745699694     -2.077633952796      5.657217165109
    1      2.471728738251     -2.389305041939      5.977923215288
    8      5.877825297816     -2.509210409042      6.464833358321
    1      6.456953155571     -2.446283241778      5.655583714957
    1      5.675863093685     -1.575764748460      6.707293935548
    1      4.477105067292     -3.419295592882      6.164909120016
    8      3.651603891377     -3.925523239079      5.911837356416
    1      3.613966344712     -4.781276061337      6.396578866915
    8      0.163762482136      1.895497478910      5.943791909340
    1      0.927235114773      1.302828753346      5.762593558352
    1      0.543713885474      2.697133203666      6.367143078519
    8     -5.800150083194      0.388993967047      6.647362726064
    1     -5.670582190193      0.676767613552      5.681470831575
    1     -5.024122401940      0.727583718037      7.124118361319
    8     -2.718553613712      3.173295163234      6.390630673836
    1     -3.075320769100      3.539757605148      5.537267477262
    1     -2.068817848388      2.480239047331      6.161100403314
    0    0
