   2   1   1 E -1.7659727493886E+04 DE-8.4E-08(  7)
  0.112958414825E+02  0.164054456789E-01  0.000000000000E+00
 -0.563375894853E+01  0.974359079491E+01  0.000000000000E+00
  0.000000000000E+00  0.000000000000E+00  0.500000000000E+03
    1
  0.100000000000E+01  0.000000000000E+00  0.000000000000E+00
  0.000000000000E+00  0.100000000000E+01  0.000000000000E+00
  0.000000000000E+00  0.000000000000E+00  0.100000000000E+01
  0.000000000000E+00  0.000000000000E+00  0.000000000000E+00
  111
    8     -1.945159988012      1.097351623249      4.016609896868
    8     -3.726097109432      4.236886012762      4.116341997581
    8     -0.031891521470     -2.204945419241      4.048572922386
    8      1.917867839995      1.053239347578      4.081995224327
    8      0.014172586881      4.350862828277      4.114559686059
    8      3.835278039831     -2.112590331150      3.925458665228
    8     -5.612734185392      1.034544948817      4.123509865454
    8     -7.581333884517      4.369013920708      3.921180737419
    8     -3.904022263039     -2.254771331969      4.203690613260
  258      1.906140728802     -1.075982605946      3.281875947075
  258     -0.014661145883      2.157159172945      3.279017272224
  258      3.758224163547     -4.326328413765      3.293515309675
  258      5.634576140432     -1.087924907231      3.176201837300
  258      3.756392722476      2.176293961623      3.289715817380
  258      7.516893973817     -4.329855617353      3.184139291109
  258     -1.871799956985     -1.074376512970      3.292183817696
  258     -3.763668697593      2.137558817668      3.195604690525
  258     -0.024546354415     -4.336747277907      3.277139580282
    8     -0.004368668054     -0.000406067511      2.476565295077
    8     -1.855724947993      3.267704661389      2.428964539591
    8      1.874851689778     -3.286050476700      2.482742364408
    8      3.776569385110      0.059768688449      2.408261139379
    8      1.841112831274      3.213002678468      2.434293191861
    8      5.656814678238     -3.280028794343      2.374925587969
    8     -3.769066422121     -0.068940450908      2.413941183542
    8     -5.641889422896      3.218443634418      2.449807921479
    8     -1.931773077474     -3.183631896836      2.430622968235
    8      1.883343627661     -1.091683357375      0.893753503283
    8     -0.010199351802      2.148703181710      0.865864027601
    8      3.744178114545     -4.323342149243      0.862974123648
    8      5.633895336238     -1.081956815048      0.846672883915
    8      3.763041497444      2.196909423479      0.867499774542
    8      7.541402062599     -4.343762684907      0.853070025199
    8     -1.866531351139     -1.065157290135      0.856575606367
    8     -3.757847931709      2.147868754602      0.878201367735
    8     -0.022392262941     -4.332966116235      0.895315019663
  258     -0.002094279941     -0.002714844112      0.059914111292
  258     -1.876507360196      3.248189762874      0.052314196329
  258      1.876592163178     -3.251313651321      0.066205655576
  258      3.758629686987      0.011028505509      0.047418102836
  258      1.884943957880      3.241638959375      0.049826951669
  258      5.631605809730     -3.252121451519      0.033445593364
  258     -3.758015359558     -0.013045103033      0.033288974182
  258     -5.654736007136      3.244565637776      0.051206198993
  258     -1.882629286682     -3.246687134875      0.049944544367
    8     -1.886550903121      1.082929288189     -0.774460066730
    8     -3.770429464523      4.325148075430     -0.757610601021
    8      0.001838379281     -2.172566271481     -0.762496718214
    8      1.883096997237      1.078730514103     -0.763932919157
    8      0.001125675443      4.327952116376     -0.765465176921
    8      3.750992719764     -2.162179161860     -0.769607543746
    8     -5.648605536757      1.078589342896     -0.763745408740
    8     -7.519059789859      4.325092341343     -0.773917953914
    8     -3.767019135566     -2.175979546417     -0.765080024407
    8      0.000000000000      0.000000000000     -2.343480358560
    8     -1.877919649509      3.247863598302     -2.343480358560
    8      1.877919649514     -3.247863598298     -2.343480358560
    8      3.765280494132      0.005468481888     -2.343480358560
    8      1.887360844617      3.253332080195     -2.343480358560
    8      5.643200143655     -3.242395116409     -2.343480358560
    8     -3.765280494132     -0.005468481898     -2.343480358560
    8     -5.643200143655      3.242395116409     -2.343480358560
    8     -1.887360844623     -3.253332080191     -2.343480358560
  258     -1.881066714548      1.080798372136     -3.124640478080
  258     -3.758986364053      4.328661970442     -3.124640478080
  258     -0.003147065035     -2.167065226163     -3.124640478080
  258      1.884213779585      1.086266854028     -3.124640478080
  258      0.006294130072      4.334130452332     -3.124640478080
  258      3.762133429098     -2.161596744273     -3.124640478080
  258     -5.646347208723      1.075329890231     -3.124640478080
  258     -7.524266858192      4.323193488555     -3.124640478080
  258     -3.768427559170     -2.172533708059     -3.124640478080
    8      1.881066714548     -1.080798372136     -3.905800597599
    8      0.003147065035      2.167065226163     -3.905800597599
    8      3.758986364053     -4.328661970442     -3.905800597599
    8      5.646347208723     -1.075329890231     -3.905800597599
    8      3.768427559174      2.172533708059     -3.905800597599
    8      7.524266858192     -4.323193488555     -3.905800597599
    8     -1.884213779585     -1.086266854028     -3.905800597599
    8     -3.762133429100      2.161596744272     -3.905800597599
    8     -0.006294130074     -4.334130452332     -3.905800597599
    8      1.376162359291      4.359904896554      6.302731653631
    1      0.719637938929      4.408217487532      5.524508192036
    1      6.828219844052     -4.612272447419      6.867748740120
    8      3.875283117325      2.675489211780      5.971014039643
    1      4.112831709074      1.906438519574      6.533148753749
    1      3.040093272145      3.095413566094      6.265677191018
    1     -1.368096630317     -2.174070296888      6.048979529875
    8     -2.041608600233     -1.489473553169      5.892789539922
    1     -2.870270652596     -1.962653653161      5.631428728413
    1     -4.883389494799      4.716974194974      6.073847274702
    8     -0.142484316232     -4.675863945663      5.899998049906
    1     -6.386206862210      4.294546176671      5.955626884939
    8      1.829478240827     -1.661480631828      5.844997926099
    1      0.963454460757     -2.084488676557      5.659268792603
    1      2.476110603568     -2.391144082912      5.979128595082
    8      5.881105822274     -2.502975947960      6.465432985516
    1      6.460388280088     -2.440676308288      5.656575940217
    1      5.679278391178     -1.569774268109      6.708657109426
    1      4.482512997234     -3.418369029807      6.165406901451
    8      3.657419858448     -3.924512267909      5.911680511059
    1      3.621009579757     -4.781331932074      6.395355834537
    8      0.168167551831      1.899990791518      5.941910241212
    1      0.929205213776      1.304308732334      5.760899114689
    1      0.550825934159      2.701745608708      6.362773270252
    8     -5.796313865812      0.393993299414      6.648121469900
    1     -5.666068383145      0.679113714367      5.681393047072
    1     -5.019605524356      0.731707850246      7.124205603626
    8     -2.695136293041      3.173606506362      6.393576572473
    1     -3.057174515779      3.532057771530      5.539368431268
    1     -2.044909942725      2.480314872749      6.165991003322
    0    0
