   2   1   1 E -1.7659727506313E+04 DE-1.4E-08(  8)
  0.112956412321E+02  0.163724316648E-01  0.000000000000E+00
 -0.563368704558E+01  0.974324083319E+01  0.000000000000E+00
  0.000000000000E+00  0.000000000000E+00  0.500000000000E+03
    1
  0.100000000000E+01  0.000000000000E+00  0.000000000000E+00
  0.000000000000E+00  0.100000000000E+01  0.000000000000E+00
  0.000000000000E+00  0.000000000000E+00  0.100000000000E+01
  0.000000000000E+00  0.000000000000E+00  0.000000000000E+00
  111
    8     -1.947931033476      1.097247697381      4.019461958963
    8     -3.729482620178      4.239785630617      4.111777996752
    8     -0.031828363701     -2.204406394262      4.048838606570
    8      1.916310251013      1.053360937272      4.083000038513
    8      0.013304374630      4.350979384392      4.115797868479
    8      3.834935287702     -2.112490312508      3.926886669720
    8     -5.614465183076      1.034796424220      4.123559816348
    8     -7.581271340836      4.369448990131      3.921627586728
    8     -3.905631425269     -2.254040358825      4.204531770605
  258      1.905637077977     -1.075547182668      3.282314276502
  258     -0.016155744154      2.156611316278      3.280701455403
  258      3.757624170615     -4.325942049311      3.293341417795
  258      5.633869954548     -1.088291977120      3.176043322507
  258      3.755142852962      2.176110579677      3.289756423569
  258      7.516215728352     -4.329722158525      3.184266392947
  258     -1.873105008631     -1.074349861021      3.294756507740
  258     -3.765487837537      2.137551535922      3.196410890362
  258     -0.024489010174     -4.336758152225      3.277767467722
    8     -0.005745502210      0.000286080044      2.477826110939
    8     -1.855934771439      3.267094906464      2.430108365108
    8      1.875772550876     -3.284040555116      2.482333264120
    8      3.775009655596      0.059487385477      2.408454669230
    8      1.840642374422      3.212510893764      2.435390583500
    8      5.655647668893     -3.280219103320      2.375341453686
    8     -3.769539637871     -0.069061691363      2.414474816495
    8     -5.642769857494      3.217494447386      2.449407079855
    8     -1.932553670253     -3.183019762426      2.431684212651
    8      1.881852926755     -1.090940280239      0.893613675226
    8     -0.010539553254      2.148923792509      0.866527771594
    8      3.743846850742     -4.323618435175      0.863190814993
    8      5.633202737898     -1.081879472151      0.846945412930
    8      3.762375003196      2.196562789711      0.867828934606
    8      7.540489526000     -4.343708962150      0.853544621621
    8     -1.866916139615     -1.065167630801      0.857546600680
    8     -3.757693077029      2.147469580093      0.878268728527
    8     -0.022874415945     -4.332472773877      0.896224000375
  258     -0.002412533501     -0.002197432808      0.060807968709
  258     -1.876663427174      3.247803554811      0.052351262356
  258      1.875752849622     -3.250964667830      0.066308534517
  258      3.757862785368      0.010901544625      0.047224899490
  258      1.884704428598      3.241834859829      0.050094605771
  258      5.630918574567     -3.252306861763      0.033559870065
  258     -3.758117620381     -0.013338516868      0.033662310099
  258     -5.654969391410      3.244561026339      0.051447279404
  258     -1.882661483530     -3.246428440938      0.050412858419
    8     -1.886341650642      1.082556241982     -0.774607107089
    8     -3.770889638943      4.325310235416     -0.756861027912
    8      0.001547383019     -2.172758485007     -0.762589121197
    8      1.882850325925      1.078786232090     -0.764068776720
    8      0.001005683792      4.327757139212     -0.765383716097
    8      3.750630298982     -2.162138394103     -0.769257489861
    8     -5.648670219420      1.078477001456     -0.763532853510
    8     -7.519006031640      4.325048612509     -0.773379245051
    8     -3.767065800136     -2.176072616605     -0.764718619398
    8      0.000000000000      0.000000000000     -2.343480358560
    8     -1.877895681859      3.247746944394     -2.343480358560
    8      1.877895681864     -3.247746944390     -2.343480358560
    8      3.765213744023      0.005457477217     -2.343480358560
    8      1.887318062158      3.253204421616     -2.343480358560
    8      5.643109425896     -3.242289467172     -2.343480358560
    8     -3.765213744023     -0.005457477227     -2.343480358560
    8     -5.643109425896      3.242289467172     -2.343480358560
    8     -1.887318062164     -3.253204421612     -2.343480358560
  258     -1.881036475295      1.080763155723     -3.124640478080
  258     -3.758932157149      4.328510100123     -3.124640478080
  258     -0.003140793432     -2.166983788668     -3.124640478080
  258      1.884177268729      1.086220632944     -3.124640478080
  258      0.006281586867      4.333967577341     -3.124640478080
  258      3.762072950592     -2.161526311449     -3.124640478080
  258     -5.646250219361      1.075305678490     -3.124640478080
  258     -7.524145901180      4.323052622907     -3.124640478080
  258     -3.768354537459     -2.172441265892     -3.124640478080
    8      1.881036475295     -1.080763155723     -3.905800597599
    8      0.003140793432      2.166983788668     -3.905800597599
    8      3.758932157149     -4.328510100123     -3.905800597599
    8      5.646250219361     -1.075305678490     -3.905800597599
    8      3.768354537463      2.172441265892     -3.905800597599
    8      7.524145901180     -4.323052622907     -3.905800597599
    8     -1.884177268729     -1.086220632944     -3.905800597599
    8     -3.762072950594      2.161526311448     -3.905800597599
    8     -0.006281586869     -4.333967577341     -3.905800597599
    8      1.375164186842      4.357749670489      6.305298652337
    1      0.719196646217      4.405639353577      5.526842732059
    1      6.827237938042     -4.612936464757      6.868929110959
    8      3.872091302677      2.675303735466      5.971594474555
    1      4.109140073516      1.905860569646      6.533663216431
    1      3.036389544413      3.094825388539      6.265789957756
    1     -1.369441055536     -2.185721753000      6.049594902834
    8     -2.040054757653     -1.497515615277      5.895322059335
    1     -2.871014466711     -1.966670348359      5.635188993063
    1     -4.900478004955      4.731499369232      6.106591354618
    8     -0.155689449589     -4.670132865935      5.904818051903
    1     -6.395532327304      4.296378179865      5.954346652353
    8      1.826406141807     -1.658221756542      5.845596188513
    1      0.959387660826     -2.078470003342      5.656309673988
    1      2.471204395630     -2.389640384982      5.978491576723
    8      5.878162702470     -2.507999884865      6.465044540998
    1      6.457585332305     -2.445026333774      5.656034198209
    1      5.676140344330     -1.574652336954      6.707989307936
    1      4.477681367784     -3.418622778381      6.164597039379
    8      3.652347334337     -3.925379886440      5.911877390214
    1      3.615266632711     -4.781255861174      6.396644498020
    8      0.165161622960      1.896404805547      5.943467709158
    1      0.928679502643      1.303822283552      5.761769613147
    1      0.545191319529      2.698075503127      6.366655618297
    8     -5.799305937877      0.390946794913      6.647673360103
    1     -5.669675807114      0.677674598079      5.681410035011
    1     -5.023263504733      0.729964578819      7.124096226277
    8     -2.715759628459      3.173425572390      6.390984750347
    1     -3.073828610751      3.539327246575      5.537876371528
    1     -2.066383206493      2.480205523122      6.160955434275
    0    0
