   2   1   1 E -1.7659727433308E+04 DE 1.1E-08(  8)
  0.112967045180E+02  0.144545590669E-01  0.000000000000E+00
 -0.563587291720E+01  0.974415853046E+01  0.000000000000E+00
  0.000000000000E+00  0.000000000000E+00  0.500000000000E+03
    1
  0.100000000000E+01  0.000000000000E+00  0.000000000000E+00
  0.000000000000E+00  0.100000000000E+01  0.000000000000E+00
  0.000000000000E+00  0.000000000000E+00  0.100000000000E+01
  0.000000000000E+00  0.000000000000E+00  0.000000000000E+00
  111
    8     -1.942928342107      1.100408082015      4.010858182146
    8     -3.723540571485      4.227442305256      4.133618507757
    8     -0.041120171482     -2.203385830404      4.048008496700
    8      1.921327343383      1.048609463447      4.087768482551
    8      0.015434471137      4.348378244034      4.114770166961
    8      3.838814353377     -2.112933348542      3.925271636391
    8     -5.612701958511      1.035577207300      4.123453708667
    8     -7.582488852082      4.371680693004      3.917189696633
    8     -3.898086938860     -2.253385959404      4.201879002736
  258      1.907338370867     -1.079394821428      3.285572604240
  258     -0.015117552859      2.156461911717      3.276858197805
  258      3.761278307124     -4.328854183272      3.299826975795
  258      5.637256027841     -1.089436492362      3.175330234771
  258      3.756614126979      2.173220506149      3.291722497453
  258      7.519486719153     -4.331541152913      3.182348888717
  258     -1.872740835206     -1.072644510516      3.291054739250
  258     -3.764791575876      2.140276704491      3.196806591749
  258     -0.028952530796     -4.333546887119      3.271844356085
    8     -0.000389826179     -0.000073948535      2.476344802043
    8     -1.856321539763      3.272139450143      2.428379725545
    8      1.874695787985     -3.290443493834      2.490763371900
    8      3.776640075941      0.059133974793      2.408349999051
    8      1.841627670795      3.208532794439      2.435193218102
    8      5.658286050730     -3.282617282780      2.377146655696
    8     -3.770281388434     -0.068258307213      2.412570896404
    8     -5.640749849005      3.220730638693      2.449933404962
    8     -1.931949533419     -3.183873425477      2.424971994903
    8      1.883986417147     -1.095544032670      0.895661617536
    8     -0.011416396854      2.148943248077      0.865278120322
    8      3.743958587857     -4.321393381154      0.863652195862
    8      5.633889900570     -1.083930026349      0.846614708786
    8      3.763802026362      2.196617586490      0.868046306724
    8      7.541497264076     -4.347055149401      0.852406126085
    8     -1.865691703371     -1.063307785564      0.856341401807
    8     -3.757235116379      2.148547732710      0.877375208582
    8     -0.021347683907     -4.331991540191      0.893604073640
  258     -0.001360794680     -0.002433586236      0.061044316739
  258     -1.877372079219      3.248889876103      0.051587554342
  258      1.877007017922     -3.251813255895      0.065707167444
  258      3.758698204374      0.009619041351      0.048314542279
  258      1.885643570430      3.241411441348      0.048941347377
  258      5.630477566840     -3.253626482943      0.034655496127
  258     -3.757762083553     -0.012045636052      0.032543559485
  258     -5.655683415172      3.244697362392      0.051891535393
  258     -1.883177213167     -3.245276813896      0.048259868322
    8     -1.886391607588      1.082913040743     -0.775337211851
    8     -3.771343192784      4.325906010925     -0.757389156765
    8      0.002491006187     -2.172475372410     -0.763163157355
    8      1.883733225892      1.077158868743     -0.762942682297
    8      0.000187249988      4.328090445149     -0.765335160030
    8      3.751720613834     -2.162611785513     -0.770553523973
    8     -5.649104190992      1.079238740901     -0.763197073997
    8     -7.520073362170      4.325852742048     -0.774240178549
    8     -3.766853299862     -2.175617741722     -0.764539658088
    8      0.000000000000      0.000000000000     -2.343480358560
    8     -1.878624305733      3.248052843486     -2.343480358560
    8      1.878624305738     -3.248052843482     -2.343480358560
    8      3.765568172646      0.004818186351     -2.343480358560
    8      1.886943866907      3.252871029842     -2.343480358560
    8      5.644192478392     -3.243234657131     -2.343480358560
    8     -3.765568172646     -0.004818186361     -2.343480358560
    8     -5.644192478392      3.243234657131     -2.343480358560
    8     -1.886943866913     -3.252871029838     -2.343480358560
  258     -1.881397492794      1.081078219043     -3.124640478080
  258     -3.760021798522      4.329131062534     -3.124640478080
  258     -0.002773187058     -2.166974624441     -3.124640478080
  258      1.884170679853      1.085896405398     -3.124640478080
  258      0.005546374117      4.333949248887     -3.124640478080
  258      3.762794985589     -2.162156438088     -3.124640478080
  258     -5.646965665482      1.076260032675     -3.124640478080
  258     -7.525589971174      4.324312876185     -3.124640478080
  258     -3.768341359706     -2.171792810799     -3.124640478080
    8      1.881397492794     -1.081078219043     -3.905800597599
    8      0.002773187058      2.166974624441     -3.905800597599
    8      3.760021798522     -4.329131062534     -3.905800597599
    8      5.646965665482     -1.076260032675     -3.905800597599
    8      3.768341359710      2.171792810799     -3.905800597599
    8      7.525589971174     -4.324312876185     -3.905800597599
    8     -1.884170679853     -1.085896405398     -3.905800597599
    8     -3.762794985591      2.162156438087     -3.905800597599
    8     -0.005546374119     -4.333949248887     -3.905800597599
    8      1.391238816896      4.357988754975      6.296160040618
    1      0.728962307553      4.401524755065      5.523073838567
    1      6.842159127787     -4.617099468594      6.863412969410
    8      3.878477468538      2.677456769436      5.967161499067
    1      4.102937726528      1.907744304961      6.533195845269
    1      3.047157506839      3.109072997658      6.257293749448
    1     -1.368389985019     -2.123306801275      6.064580280387
    8     -2.049985409796     -1.450348242896      5.894432741442
    1     -2.871233794452     -1.938104033835      5.638278575877
    1     -4.835879800330      4.672592581721      5.937356490179
    8     -0.096620208270     -4.690427652955      5.886985321056
    1     -6.354148846436      4.292242811404      5.960703097552
    8      1.833149099625     -1.685339182411      5.839416266718
    1      0.965546137958     -2.109647670534      5.668605731223
    1      2.479453117130     -2.413952108171      5.982309011832
    8      5.893656583881     -2.509991464899      6.462886179837
    1      6.472298387288     -2.445638904474      5.653471295462
    1      5.684155323491     -1.577793764644      6.704059054669
    1      4.499367994448     -3.426075907716      6.165876456937
    8      3.671817849654     -3.930244248445      5.915118801207
    1      3.641382376709     -4.789796508911      6.395612868412
    8      0.180086779897      1.892414514506      5.940751512804
    1      0.945730797768      1.306641930759      5.742058482706
    1      0.559807524395      2.693232363702      6.365212580531
    8     -5.799592075336      0.384241053359      6.646658908026
    1     -5.668789509118      0.674866244814      5.682282114754
    1     -5.024847743609      0.721062227855      7.126601656586
    8     -2.629017773963      3.153088019082      6.404755780395
    1     -3.010339503667      3.500370821395      5.557473196204
    1     -1.982908585476      2.459054446140      6.167763031476
    0    0
