   2   1   1 E -1.7659727496598E+04 DE-2.6E-08(  7)
  0.112957016403E+02  0.164462367477E-01  0.000000000000E+00
 -0.563365380597E+01  0.974344540583E+01  0.000000000000E+00
  0.000000000000E+00  0.000000000000E+00  0.500000000000E+03
    1
  0.100000000000E+01  0.000000000000E+00  0.000000000000E+00
  0.000000000000E+00  0.100000000000E+01  0.000000000000E+00
  0.000000000000E+00  0.000000000000E+00  0.100000000000E+01
  0.000000000000E+00  0.000000000000E+00  0.000000000000E+00
  111
    8     -1.945697860540      1.097355474812      4.017113483546
    8     -3.727088587770      4.237921372903      4.115276139400
    8     -0.032170450791     -2.205063675913      4.048438991103
    8      1.917301506288      1.052937936883      4.082174560400
    8      0.014323315426      4.350658399030      4.114820616001
    8      3.835357305577     -2.112744227720      3.925644197397
    8     -5.613221189531      1.034803502390      4.123470043921
    8     -7.581214730189      4.368797223394      3.921367309944
    8     -3.904569501715     -2.254974412749      4.203621579335
  258      1.905904118400     -1.076091383239      3.281931854688
  258     -0.015007492427      2.156873780013      3.279293095081
  258      3.758002072534     -4.326289857351      3.293288577117
  258      5.634302405485     -1.087991975904      3.176102433250
  258      3.756111684785      2.176253928568      3.289649438582
  258      7.516591245766     -4.329959374732      3.183911672114
  258     -1.872124596944     -1.074541062356      3.292548394664
  258     -3.764053339776      2.137544683175      3.195858886379
  258     -0.024657095110     -4.336967582776      3.277170294170
    8     -0.004739873499     -0.000471415282      2.476729829855
    8     -1.855907828290      3.267639756993      2.429319903567
    8      1.875120642153     -3.285626249636      2.482472110696
    8      3.776070189686      0.059511184825      2.408355414994
    8      1.841152920681      3.212742530007      2.434376222020
    8      5.656460035578     -3.280139303784      2.374748508457
    8     -3.769119176319     -0.068901367527      2.414146248189
    8     -5.641998283785      3.218185775958      2.449557576390
    8     -1.931992802917     -3.183690010677      2.430757816771
    8      1.882992708243     -1.091527139883      0.893528483823
    8     -0.010366655338      2.148746002676      0.866184795424
    8      3.744104627989     -4.323458026643      0.862843367377
    8      5.633728632241     -1.081878345693      0.846652396746
    8      3.762891496656      2.196693889317      0.867469925746
    8      7.541097300777     -4.343833822522      0.852952896074
    8     -1.866691501890     -1.065196307987      0.856732786644
    8     -3.757792832581      2.147779730596      0.878168951532
    8     -0.022493215186     -4.332883024935      0.895416382044
  258     -0.002225217101     -0.002664326636      0.060086859883
  258     -1.876549090308      3.248084758311      0.052325574682
  258      1.876442091524     -3.251197301364      0.066151787926
  258      3.758413842400      0.011025864023      0.047266294259
  258      1.884841682944      3.241551886745      0.049878932625
  258      5.631538797838     -3.252168895607      0.033272189064
  258     -3.758058671164     -0.013131099037      0.033350374989
  258     -5.654666630925      3.244507474145      0.051108773457
  258     -1.882561603939     -3.246740467406      0.049988553629
    8     -1.886410027719      1.082852721975     -0.774577367166
    8     -3.770493927953      4.325167399636     -0.757568587146
    8      0.001735488775     -2.172596692331     -0.762543519973
    8      1.882961003836      1.078805291992     -0.764016170412
    8      0.001065837086      4.327780218607     -0.765559703997
    8      3.750884733402     -2.162163789748     -0.769575899372
    8     -5.648561492833      1.078536159086     -0.763764900163
    8     -7.518959756646      4.325019374871     -0.773839759211
    8     -3.766962553554     -2.176011869066     -0.765009529433
    8      0.000000000000      0.000000000000     -2.343480358560
    8     -1.877884601988      3.247815135274     -2.343480358560
    8      1.877884601993     -3.247815135270     -2.343480358560
    8      3.765233880075      0.005482078911     -2.343480358560
    8      1.887349278081      3.253297214190     -2.343480358560
    8      5.643118482077     -3.242333056358     -2.343480358560
    8     -3.765233880075     -0.005482078921     -2.343480358560
    8     -5.643118482077      3.242333056358     -2.343480358560
    8     -1.887349278087     -3.253297214186     -2.343480358560
  258     -1.881039494022      1.080777685452     -3.124640478080
  258     -3.758924096005      4.328592820732     -3.124640478080
  258     -0.003154892030     -2.167037449819     -3.124640478080
  258      1.884194386054      1.086259764367     -3.124640478080
  258      0.006309784063      4.334074899645     -3.124640478080
  258      3.762078988046     -2.161555370906     -3.124640478080
  258     -5.646273374139      1.075295606524     -3.124640478080
  258     -7.524157976087      4.323110741822     -3.124640478080
  258     -3.768388772108     -2.172519528738     -3.124640478080
    8      1.881039494022     -1.080777685452     -3.905800597599
    8      0.003154892030      2.167037449819     -3.905800597599
    8      3.758924096005     -4.328592820732     -3.905800597599
    8      5.646273374139     -1.075295606524     -3.905800597599
    8      3.768388772112      2.172519528738     -3.905800597599
    8      7.524157976087     -4.323110741822     -3.905800597599
    8     -1.884194386054     -1.086259764367     -3.905800597599
    8     -3.762078988048      2.161555370905     -3.905800597599
    8     -0.006309784065     -4.334074899645     -3.905800597599
    8      1.374732325486      4.357888813010      6.304432067449
    1      0.719238562109      4.406435612656      5.525443074676
    1      6.826703850842     -4.613486871891      6.868578544032
    8      3.874262250269      2.675539674840      5.971270658707
    1      4.110526637629      1.906306164262      6.533741220524
    1      3.038980952650      3.096056108027      6.265011735728
    1     -1.369326180145     -2.177575173122      6.049219578821
    8     -2.041721890497     -1.491761304751      5.893129554078
    1     -2.871226717897     -1.963546721537      5.632009000967
    1     -4.887044189606      4.720190918529      6.081460840875
    8     -0.145398448393     -4.673880063652      5.901917214638
    1     -6.388222407671      4.295731252728      5.956170838764
    8      1.829366866751     -1.661013268323      5.844638783078
    1      0.962654845428     -2.082724928500      5.658984478257
    1      2.475400254883     -2.391314765781      5.978328715130
    8      5.879828865867     -2.505499416090      6.464809793787
    1      6.458901423246     -2.443246914527      5.655747221445
    1      5.678143645742     -1.572118449447      6.707489114674
    1      4.480946121315     -3.419290651066      6.165072500670
    8      3.655422173570     -3.925003751320      5.911432941339
    1      3.618205105926     -4.781607510345      6.395299331790
    8      0.166119428914      1.897506054100      5.942896852156
    1      0.928280384337      1.303123616969      5.761951311525
    1      0.547574225862      2.699244196153      6.364910464547
    8     -5.797109996902      0.391968875505      6.647886382799
    1     -5.667370325592      0.678288011433      5.681592614187
    1     -5.020495219559      0.729706063172      7.124040496250
    8     -2.700565933731      3.173636448493      6.392684764717
    1     -3.061291813593      3.533990625191      5.538692684437
    1     -2.050570021642      2.480300347134      6.164618358525
    0    0
