   2   1   1 E -1.7659727488749E+04 DE-3.7E-09( 10)
  0.112958258263E+02  0.164311968872E-01  0.000000000000E+00
 -0.563372885668E+01  0.974354201869E+01  0.000000000000E+00
  0.000000000000E+00  0.000000000000E+00  0.500000000000E+03
    1
  0.100000000000E+01  0.000000000000E+00  0.000000000000E+00
  0.000000000000E+00  0.100000000000E+01  0.000000000000E+00
  0.000000000000E+00  0.000000000000E+00  0.100000000000E+01
  0.000000000000E+00  0.000000000000E+00  0.000000000000E+00
  111
    8     -1.945161486561      1.097741808112      4.015404524359
    8     -3.726641383098      4.235753571268      4.119154890825
    8     -0.033751350413     -2.204840165609      4.048438134233
    8      1.917968232741      1.052767921556      4.082233623226
    8      0.013538783502      4.350662313556      4.114563601023
    8      3.834993155731     -2.112689606504      3.925286005656
    8     -5.613032056764      1.034657495468      4.123464405987
    8     -7.582298295620      4.369117165791      3.921147342489
    8     -3.904247170260     -2.254930390783      4.203283233001
  258      1.905680816828     -1.076226381366      3.282263040590
  258     -0.015088442451      2.157277004939      3.278405336408
  258      3.757776049189     -4.326445862508      3.294336712778
  258      5.634205587435     -1.088021320708      3.176159514583
  258      3.755993194061      2.176176763653      3.290083790146
  258      7.516184848407     -4.329880822335      3.183945551709
  258     -1.872332359538     -1.074299387341      3.291670063363
  258     -3.764275797519      2.137723105875      3.195691954712
  258     -0.025966885234     -4.336536130365      3.276568947606
    8     -0.004206473690     -0.000505421869      2.476286396634
    8     -1.856425739785      3.268266602133      2.428903545200
    8      1.874004886273     -3.286520498091      2.483757056094
    8      3.776195283106      0.059816426264      2.408259701171
    8      1.840486561828      3.212482173770      2.434195946687
    8      5.656264229795     -3.280137966735      2.375024182050
    8     -3.769835876760     -0.069019203370      2.413940996302
    8     -5.642377530861      3.218675154543      2.449896209653
    8     -1.932422513550     -3.183757618160      2.429851288178
    8      1.883250932175     -1.092266732883      0.893921643525
    8     -0.010681498766      2.148682412316      0.865608246064
    8      3.743673439571     -4.322989732849      0.863163129885
    8      5.633599969293     -1.082124548900      0.846632761032
    8      3.762853914461      2.196873474302      0.867514992801
    8      7.540896759752     -4.343907192054      0.852893400522
    8     -1.866830784290     -1.065071430593      0.856298105126
    8     -3.758160993662      2.147987988800      0.878293475187
    8     -0.022528493395     -4.332954440893      0.895003548348
  258     -0.002207743963     -0.002854606147      0.059834145600
  258     -1.876808305033      3.248253152318      0.052286679980
  258      1.876336602522     -3.251348857823      0.066188757861
  258      3.758450690120      0.010860955682      0.047595375785
  258      1.884691280481      3.241630434139      0.049608120872
  258      5.631206329381     -3.252135939709      0.033579721160
  258     -3.758278242228     -0.012940049665      0.033154273626
  258     -5.655114638688      3.244708682893      0.051278533773
  258     -1.882973191256     -3.246925749331      0.049639569251
    8     -1.886897581840      1.082935307059     -0.774396315365
    8     -3.770504057819      4.325050755909     -0.757682135586
    8      0.001662922501     -2.172520846914     -0.762587992246
    8      1.882911954045      1.078517471612     -0.763800945042
    8      0.000880958459      4.327892656645     -0.765527536929
    8      3.750952556634     -2.162120680828     -0.769820530091
    8     -5.648701847789      1.078627977948     -0.763652643475
    8     -7.519294125033      4.324954307859     -0.774052342343
    8     -3.767158330502     -2.176012967015     -0.765164934322
    8      0.000000000000      0.000000000000     -2.343480358560
    8     -1.877909618894      3.247847339562     -2.343480358560
    8      1.877909618899     -3.247847339558     -2.343480358560
    8      3.765275275397      0.005477065624     -2.343480358560
    8      1.887365656497      3.253324405191     -2.343480358560
    8      5.643184894306     -3.242370273933     -2.343480358560
    8     -3.765275275397     -0.005477065634     -2.343480358560
    8     -5.643184894306      3.242370273933     -2.343480358560
    8     -1.887365656503     -3.253324405187     -2.343480358560
  258     -1.881061631432      1.080790091310     -3.124640478080
  258     -3.758971250321      4.328637430877     -3.124640478080
  258     -0.003152012534     -2.167057248249     -3.124640478080
  258      1.884213643966      1.086267156938     -3.124640478080
  258      0.006304025069      4.334114496503     -3.124640478080
  258      3.762123262865     -2.161580182623     -3.124640478080
  258     -5.646336906871      1.075313025669     -3.124640478080
  258     -7.524246525725      4.323160365254     -3.124640478080
  258     -3.768427287934     -2.172534313881     -3.124640478080
    8      1.881061631432     -1.080790091310     -3.905800597599
    8      0.003152012534      2.167057248249     -3.905800597599
    8      3.758971250321     -4.328637430877     -3.905800597599
    8      5.646336906871     -1.075313025669     -3.905800597599
    8      3.768427287938      2.172534313881     -3.905800597599
    8      7.524246525725     -4.323160365254     -3.905800597599
    8     -1.884213643966     -1.086267156938     -3.905800597599
    8     -3.762123262867      2.161580182622     -3.905800597599
    8     -0.006304025071     -4.334114496503     -3.905800597599
    8      1.377078190211      4.357782857244      6.301972503963
    1      0.720046949398      4.406593835017      5.524224461919
    1      6.829051415653     -4.614748983727      6.867675624371
    8      3.874335876622      2.675543512093      5.970331736726
    1      4.109433658937      1.905963057423      6.533059066056
    1      3.039370048465      3.096857508985      6.263806177147
    1     -1.370441111795     -2.164635605620      6.054193905617
    8     -2.044993750125     -1.482233244625      5.892524769927
    1     -2.871936411160     -1.958351694702      5.631338154183
    1     -4.877264452040      4.710457915237      6.055379759070
    8     -0.137164247699     -4.677991830240      5.898811251306
    1     -6.383036676371      4.294289273646      5.956580806454
    8      1.827903632165     -1.663829396435      5.843315817776
    1      0.961138091029     -2.086122057021      5.658398314914
    1      2.474153253630     -2.393660450588      5.978843954058
    8      5.881392096657     -2.505131213072      6.465435713342
    1      6.460071216994     -2.441653825177      5.656295457925
    1      5.678065119744     -1.572182521291      6.709002230281
    1      4.482759305941     -3.420836305675      6.166009239542
    8      3.656837696448     -3.925895491008      5.912433868670
    1      3.620192767623     -4.783273912624      6.395607184614
    8      0.167786437895      1.897760534379      5.941881610255
    1      0.929602960988      1.303412226859      5.758942496026
    1      0.550141472302      2.699679826732      6.362884635300
    8     -5.799677956312      0.393879619658      6.648272705376
    1     -5.668190217617      0.679142519657      5.681871773647
    1     -5.023645272527      0.731285265707      7.125853089296
    8     -2.688465154629      3.168941266155      6.393553047155
    1     -3.052389970885      3.528283867985      5.540292107680
    1     -2.037781007700      2.477171122495      6.163380501667
    0    0
