   2   1   1 E -1.7659727508490E+04 DE 5.7E-08(  6)
  0.112954426419E+02  0.166555577919E-01  0.000000000000E+00
 -0.563334356744E+01  0.974309156764E+01  0.000000000000E+00
  0.000000000000E+00  0.000000000000E+00  0.500000000000E+03
    1
  0.100000000000E+01  0.000000000000E+00  0.000000000000E+00
  0.000000000000E+00  0.100000000000E+01  0.000000000000E+00
  0.000000000000E+00  0.000000000000E+00  0.100000000000E+01
  0.000000000000E+00  0.000000000000E+00  0.000000000000E+00
  111
    8     -1.948130458813      1.097032164565      4.019777605925
    8     -3.729374563851      4.239604028481      4.110769880242
    8     -0.031412302037     -2.204356691396      4.048267258247
    8      1.917173824339      1.053718720458      4.082847666544
    8      0.013100896496      4.351319507131      4.115557349307
    8      3.834802803699     -2.111933123149      3.927043940680
    8     -5.613987999752      1.034378867596      4.123527682053
    8     -7.580772769628      4.369357592480      3.921325042641
    8     -3.905521047105     -2.253743366723      4.204469952341
  258      1.905944287005     -1.075281053481      3.281876100898
  258     -0.016145488571      2.156987966565      3.280664382853
  258      3.757632615667     -4.325798164264      3.293274415773
  258      5.633962593949     -1.088123044041      3.175729104308
  258      3.755051537986      2.176105085264      3.289726123499
  258      7.516249646258     -4.329553350654      3.184237173972
  258     -1.873093314150     -1.074462701097      3.295358275209
  258     -3.765507237301      2.137334983125      3.196117095499
  258     -0.024107902347     -4.336696897199      3.277645325059
    8     -0.005800033346      0.000855583141      2.477910529085
    8     -1.855511776237      3.266645200975      2.429956429484
    8      1.875631782018     -3.283484216512      2.482188146541
    8      3.774995310255      0.059797400672      2.407981301585
    8      1.840311941446      3.212650828121      2.435507460792
    8      5.655569995659     -3.279935832572      2.375388486593
    8     -3.769439660567     -0.069266090962      2.414106393588
    8     -5.642830874872      3.216967910114      2.449155323927
    8     -1.932725239687     -3.182747316837      2.431555981135
    8      1.881678515047     -1.090869317241      0.893526426349
    8     -0.010396971242      2.149019799569      0.866064178709
    8      3.743616914511     -4.323584101235      0.863252069883
    8      5.633148038144     -1.081811431033      0.846826349903
    8      3.762233478386      2.196837918070      0.867764529223
    8      7.540340454583     -4.343451251681      0.853829468706
    8     -1.866705977524     -1.065236520941      0.857438045995
    8     -3.757390218922      2.147346626195      0.878321386145
    8     -0.022749298435     -4.332459152730      0.896601050332
  258     -0.002465581581     -0.002091575474      0.060977812966
  258     -1.876545120901      3.247636858062      0.052257901819
  258      1.875425446069     -3.250999947330      0.066299925332
  258      3.757852391165      0.011026391512      0.047252060466
  258      1.884807312168      3.242073150909      0.049863570500
  258      5.630447686549     -3.252107080680      0.033739972199
  258     -3.757923646671     -0.013374734861      0.033575999325
  258     -5.654920178417      3.244389333383      0.051700078668
  258     -1.882757476737     -3.246232643907      0.050415405016
    8     -1.886528230586      1.082482276767     -0.774549798716
    8     -3.770795467198      4.325080248260     -0.756703421716
    8      0.001369842130     -2.172840362411     -0.762663752588
    8      1.882827394898      1.078814801597     -0.763990858214
    8      0.001216200935      4.327864392754     -0.765449468269
    8      3.750562931225     -2.161986604743     -0.769257097286
    8     -5.648587334562      1.078463420173     -0.763359991649
    8     -7.518790607653      4.324854949014     -0.773370237697
    8     -3.767057160540     -2.176180215332     -0.764798618203
    8      0.000000000000      0.000000000000     -2.343480358560
    8     -1.877781189146      3.247697189212     -2.343480358560
    8      1.877781189151     -3.247697189208     -2.343480358560
    8      3.765147547279      0.005551852592     -2.343480358560
    8      1.887366358127      3.253249041809     -2.343480358560
    8      5.642928736439     -3.242145336614     -2.343480358560
    8     -3.765147547279     -0.005551852602     -2.343480358560
    8     -5.642928736439      3.242145336614     -2.343480358560
    8     -1.887366358133     -3.253249041805     -2.343480358560
  258     -1.880976245476      1.080715112204     -3.124640478080
  258     -3.758757434618      4.328412301421     -3.124640478080
  258     -0.003195056326     -2.166982077005     -3.124640478080
  258      1.884171301804      1.086266964801     -3.124640478080
  258      0.006390112654      4.333964154015     -3.124640478080
  258      3.761952490954     -2.161430224410     -3.124640478080
  258     -5.646123792798      1.075163259595     -3.124640478080
  258     -7.523904981904      4.322860448830     -3.124640478080
  258     -3.768342603608     -2.172533929605     -3.124640478080
    8      1.880976245476     -1.080715112204     -3.905800597599
    8      0.003195056326      2.166982077005     -3.905800597599
    8      3.758757434618     -4.328412301421     -3.905800597599
    8      5.646123792798     -1.075163259595     -3.905800597599
    8      3.768342603612      2.172533929605     -3.905800597599
    8      7.523904981904     -4.322860448830     -3.905800597599
    8     -1.884171301804     -1.086266964801     -3.905800597599
    8     -3.761952490956      2.161430224409     -3.905800597599
    8     -0.006390112656     -4.333964154015     -3.905800597599
    8      1.377594466810      4.359215174021      6.303226644899
    1      0.720423068618      4.406122246948      5.525701696234
    1      6.828765669930     -4.611592186688      6.867053625263
    8      3.871737788547      2.676532298372      5.971791334375
    1      4.108697967257      1.906859046754      6.533486589418
    1      3.035715411845      3.095692048549      6.265564984678
    1     -1.369310915710     -2.188742592734      6.050078776696
    8     -2.039004824623     -1.499701593836      5.895700985642
    1     -2.870641203326     -1.968029020946      5.636356083094
    1     -4.904743205710      4.736555393666      6.117282891695
    8     -0.158826595353     -4.668581862327      5.904619782389
    1     -6.397329058688      4.296844996677      5.952601517730
    8      1.825099559562     -1.657048330969      5.846323624588
    1      0.958315651648     -2.076758362466      5.654869576241
    1      2.469318543631     -2.388907764790      5.978951861623
    8      5.879122729044     -2.507556735805      6.465451642224
    1      6.458098081389     -2.443856066027      5.656236169259
    1      5.676326511692     -1.574550424196      6.708808293135
    1      4.477259954747     -3.417119537473      6.163800444073
    8      3.652208877976     -3.924482113177      5.911464298505
    1      3.615553356604     -4.780631062512      6.395954479610
    8      0.167176367998      1.897054188964      5.942762348967
    1      0.930549198530      1.304434233753      5.760432029071
    1      0.547114723825      2.698650217993      6.365925183581
    8     -5.799905568288      0.392364599558      6.647743031701
    1     -5.669723855771      0.677961588932      5.681144666645
    1     -5.023432701398      0.730791999909      7.123759186030
    8     -2.717292977381      3.176090906915      6.390512610161
    1     -3.077162751980      3.541322959990      5.537500538085
    1     -2.068535595374      2.482595164115      6.159856956054
    0    0
