   2   1   1 E -1.7659727392946E+04 DE-1.3E-07(  7)
  0.112978841267E+02  0.122077805991E-01  0.000000000000E+00
 -0.563840100827E+01  0.974540584767E+01  0.000000000000E+00
  0.000000000000E+00  0.000000000000E+00  0.500000000000E+03
    1
  0.100000000000E+01  0.000000000000E+00  0.000000000000E+00
  0.000000000000E+00  0.100000000000E+01  0.000000000000E+00
  0.000000000000E+00  0.000000000000E+00  0.100000000000E+01
  0.000000000000E+00  0.000000000000E+00  0.000000000000E+00
  111
    8     -1.938941396554      1.101740725327      4.010541596974
    8     -3.715944831424      4.221536305049      4.147877967184
    8     -0.041339954148     -2.202668852604      4.043887535357
    8      1.924668173874      1.045258556148      4.089958373122
    8      0.017502945446      4.347123355890      4.110610533681
    8      3.842509806043     -2.114727353628      3.923323333285
    8     -5.611143042053      1.037257339640      4.122429737611
    8     -7.581786356996      4.373521791177      3.916264388416
    8     -3.892455071781     -2.250152776398      4.197530468153
  258      1.908031085919     -1.081793313941      3.288656788226
  258     -0.013552830001      2.156198649226      3.275376277019
  258      3.764573679788     -4.330950333353      3.301737521200
  258      5.639520366420     -1.090092320092      3.174224280171
  258      3.760048769362      2.172374072284      3.291434821898
  258      7.521938601729     -4.333266408569      3.182120414152
  258     -1.872647852175     -1.071870065765      3.289276028666
  258     -3.762250415173      2.141769069087      3.198102667401
  258     -0.031073878694     -4.331389835325      3.266555107498
    8      0.001723708190      0.000498022677      2.475245230318
    8     -1.857666436960      3.273206655098      2.427899940247
    8      1.876792990942     -3.295454884311      2.492271513964
    8      3.778018433998      0.057999654290      2.408926569744
    8      1.844307607179      3.206393164915      2.435147477067
    8      5.661663170328     -3.283750893665      2.376865204188
    8     -3.768459571292     -0.065355433267      2.411625170326
    8     -5.637782427291      3.224639928711      2.450187261896
    8     -1.930975101603     -3.184550159195      2.422536110685
    8      1.885372127750     -1.097673019450      0.896771339129
    8     -0.011315049650      2.149813456312      0.866124513520
    8      3.746887307330     -4.322071362281      0.862831810367
    8      5.635787256407     -1.084746943786      0.846914449648
    8      3.766300302190      2.195693614798      0.868346329033
    8      7.543600337139     -4.349440528601      0.851803758818
    8     -1.865117955373     -1.062977382319      0.855460282070
    8     -3.757482678787      2.149850698810      0.876338048793
    8     -0.020356014815     -4.331115659915      0.891753957554
  258     -0.000638952088     -0.003042902791      0.061355937044
  258     -1.877692888180      3.249597401594      0.051557092868
  258      1.879689850264     -3.251939772287      0.065857464640
  258      3.759962526984      0.008582841328      0.048841921038
  258      1.885801341305      3.240416685340      0.049467637036
  258      5.633175627485     -3.255152883840      0.034241081196
  258     -3.757443209883     -0.010680657734      0.032479973827
  258     -5.655533517496      3.245661114485      0.050875523616
  258     -1.882157398929     -3.245142307378      0.046582239924
    8     -1.885563092143      1.083482446842     -0.775420048155
    8     -3.771899811000      4.327007946561     -0.757709786234
    8      0.003701717591     -2.172006607487     -0.763497551279
    8      1.884373894285      1.076605705313     -0.762044819373
    8      0.000068698856      4.327540411376     -0.765912402700
    8      3.753377696779     -2.163132068286     -0.770416903137
    8     -5.649342096672      1.080088206392     -0.763587903293
    8     -7.521321391159      4.326995094055     -0.774608443992
    8     -3.766384166095     -2.174742159192     -0.764769491205
    8      0.000000000000      0.000000000000     -2.343480358560
    8     -1.879467002756      3.248468615888     -2.343480358560
    8      1.879467002761     -3.248468615884     -2.343480358560
    8      3.765961375527      0.004069260195     -2.343480358560
    8      1.886494372765      3.252537876087     -2.343480358560
    8      5.645428378297     -3.244399355688     -2.343480358560
    8     -3.765961375527     -0.004069260205     -2.343480358560
    8     -5.645428378297      3.244399355688     -2.343480358560
    8     -1.886494372770     -3.252537876083     -2.343480358560
  258     -1.881809459429      1.081466451895     -3.124640478080
  258     -3.761276462180      4.329935067788     -3.124640478080
  258     -0.002342456669     -2.167002163989     -3.124640478080
  258      1.884151916099      1.085535712094     -3.124640478080
  258      0.004684913340      4.334004327985     -3.124640478080
  258      3.763618918859     -2.162932903793     -3.124640478080
  258     -5.647770834998      1.077397191683     -3.124640478080
  258     -7.527237837713      4.325865807594     -3.124640478080
  258     -3.768303832198     -2.171071424192     -3.124640478080
    8      1.881809459429     -1.081466451895     -3.905800597599
    8      0.002342456669      2.167002163989     -3.905800597599
    8      3.761276462180     -4.329935067788     -3.905800597599
    8      5.647770834998     -1.077397191683     -3.905800597599
    8      3.768303832202      2.171071424192     -3.905800597599
    8      7.527237837713     -4.325865807594     -3.905800597599
    8     -1.884151916099     -1.085535712094     -3.905800597599
    8     -3.763618918861      2.162932903792     -3.905800597599
    8     -0.004684913342     -4.334004327985     -3.905800597599
    8      1.397928323992      4.373997897390      6.289900088493
    1      0.730775474780      4.408521555570      5.521372886601
    1      6.847853822588     -4.601412571831      6.854988444376
    8      3.891167028960      2.683027990813      5.966193470432
    1      4.108437906536      1.916997780077      6.539105272599
    1      3.065265574303      3.126401452995      6.253900776985
    1     -1.350802035779     -2.107255501991      6.056664000940
    8     -2.041119469570     -1.441625144343      5.893875650411
    1     -2.859768446435     -1.937318985528      5.648194165216
    1     -4.791647340808      4.655040466890      5.834488535047
    8     -0.048500795252     -4.695982124986      5.873748218254
    1     -6.310885075783      4.293016237402      5.966898388085
    8      1.846700506352     -1.704505557823      5.836410003830
    1      0.978686135914     -2.133495619999      5.686679326351
    1      2.497017446064     -2.430239967076      5.979321117718
    8      5.909583702986     -2.501771031219      6.459894306450
    1      6.485476696312     -2.438709449542      5.647977542873
    1      5.704605481205     -1.568691360320      6.702972916151
    1      4.515379963666     -3.415105255159      6.161982585226
    8      3.693280865455     -3.928583483538      5.912059641547
    1      3.670473341583     -4.787268463862      6.395257769518
    8      0.198697911709      1.896582449209      5.939956816841
    1      0.968312598846      1.319963117417      5.725774121440
    1      0.574503915878      2.698669732640      6.364985309404
    8     -5.782865593436      0.386391974136      6.649387229061
    1     -5.659955969258      0.677664866092      5.684660698190
    1     -5.006116430928      0.725375594118      7.124485614524
    8     -2.568340012072      3.158884026838      6.420231602894
    1     -2.968503687215      3.485437504422      5.575490018967
    1     -1.924411973679      2.462572651586      6.183679907804
    0    0
