   2   1   1 E -1.7659727381261E+04 DE-2.4E-08(  6)
  0.112980567057E+02  0.117667103728E-01  0.000000000000E+00
 -0.563886777172E+01  0.974556646446E+01  0.000000000000E+00
  0.000000000000E+00  0.000000000000E+00  0.500000000000E+03
    1
  0.100000000000E+01  0.000000000000E+00  0.000000000000E+00
  0.000000000000E+00  0.100000000000E+01  0.000000000000E+00
  0.000000000000E+00  0.000000000000E+00  0.100000000000E+01
  0.000000000000E+00  0.000000000000E+00  0.000000000000E+00
  111
    8     -1.938822087368      1.102049042512      4.010637793436
    8     -3.715843199053      4.220533056583      4.151500967420
    8     -0.041850843041     -2.202309416375      4.042923818114
    8      1.924571847082      1.044896820126      4.090132434067
    8      0.016677033631      4.347077106568      4.109548486027
    8      3.842276845348     -2.115283897832      3.922808488892
    8     -5.611543285249      1.037830981996      4.122092883337
    8     -7.582738683495      4.374212868390      3.916644899955
    8     -3.892351696173     -2.249223909415      4.196487405918
  258      1.907178542610     -1.081892789597      3.289551075007
  258     -0.013965328164      2.156224813166      3.274944104306
  258      3.764245970479     -4.331094211062      3.302155748255
  258      5.639096481716     -1.090173515754      3.174174359707
  258      3.760350717097      2.172766946254      3.291401029262
  258      7.521486324329     -4.333364129131      3.182443405302
  258     -1.873294331908     -1.071509478114      3.288772657831
  258     -3.762483873726      2.141902211826      3.198507842834
  258     -0.032717916073     -4.331042234583      3.265510432673
    8      0.001439316592      0.000649052143      2.474889221970
    8     -1.859014401100      3.273170124783      2.427954545380
    8      1.876565611625     -3.296367093192      2.492284352803
    8      3.777662687366      0.057886500403      2.409272442281
    8      1.844361725422      3.206092792224      2.434999031694
    8      5.661614736589     -3.283727768679      2.376751901623
    8     -3.768648829728     -0.064622541489      2.411776004615
    8     -5.638073967313      3.225833388423      2.450428122573
    8     -1.931339087968     -3.184663137758      2.422407440556
    8      1.885220557484     -1.097973159232      0.896970658658
    8     -0.011673952199      2.150029227914      0.866301487656
    8      3.747217639763     -4.322375798226      0.862799662077
    8      5.635927302017     -1.084763985030      0.847068227318
    8      3.766569062480      2.195318088919      0.868488847338
    8      7.543539431276     -4.349569074029      0.851627499007
    8     -1.865554372805     -1.063202089531      0.855147003915
    8     -3.758253776562      2.150217070397      0.876269339539
    8     -0.020610928808     -4.330849809763      0.891205664896
  258     -0.000690857834     -0.003313770481      0.061228064568
  258     -1.878035394250      3.249700928062      0.051683356367
  258      1.879943289863     -3.251872458836      0.066022566460
  258      3.759897691352      0.008340938453      0.049064783191
  258      1.885366192263      3.240219452051      0.049612987388
  258      5.633709972608     -3.255413533226      0.034097872776
  258     -3.757774816397     -0.010323391366      0.032494943183
  258     -5.655894592380      3.246238563847      0.050518427915
  258     -1.882140696917     -3.245621711527      0.046086532319
    8     -1.885701842878      1.083606287464     -0.775203712039
    8     -3.772198394804      4.327201447828     -0.757820113244
    8      0.003795221076     -2.171904476675     -0.763622975012
    8      1.884207739192      1.076553448913     -0.761861016520
    8     -0.000050557495      4.327258912121     -0.766102939166
    8      3.753625386100     -2.163175947805     -0.770215155223
    8     -5.649544987527      1.080286864475     -0.763761455553
    8     -7.521843683109      4.327134656864     -0.774629072384
    8     -3.766487990834     -2.174564895127     -0.765092912309
    8      0.000000000000      0.000000000000     -2.343480358560
    8     -1.879622590573      3.248522154820     -2.343480358560
    8      1.879622590578     -3.248522154816     -2.343480358560
    8      3.766018901865      0.003922236786     -2.343480358560
    8      1.886396311286      3.252444391611     -2.343480358560
    8      5.645641492453     -3.244599918029     -2.343480358560
    8     -3.766018901865     -0.003922236796     -2.343480358560
    8     -5.645641492453      3.244599918029     -2.343480358560
    8     -1.886396311292     -3.252444391607     -2.343480358560
  258     -1.881880497481      1.081533306009     -3.124640478080
  258     -3.761503088049      4.330055460835     -3.124640478080
  258     -0.002257906904     -2.166988848808     -3.124640478080
  258      1.884138404385      1.085455542799     -3.124640478080
  258      0.004515813809      4.333977697623     -3.124640478080
  258      3.763760994963     -2.163066612020     -3.124640478080
  258     -5.647899399388      1.077611069206     -3.124640478080
  258     -7.527521989921      4.326133224050     -3.124640478080
  258     -3.768276808772     -2.170911085602     -3.124640478080
    8      1.881880497481     -1.081533306009     -3.905800597599
    8      0.002257906904      2.166988848808     -3.905800597599
    8      3.761503088049     -4.330055460835     -3.905800597599
    8      5.647899399388     -1.077611069206     -3.905800597599
    8      3.768276808776      2.170911085602     -3.905800597599
    8      7.527521989921     -4.326133224050     -3.905800597599
    8     -1.884138404385     -1.085455542799     -3.905800597599
    8     -3.763760994965      2.163066612019     -3.905800597599
    8     -0.004515813811     -4.333977697623     -3.905800597599
    8      1.398330887415      4.377195048515      6.288277934465
    1      0.729719861500      4.410269701525      5.521274666527
    1      6.848991731602     -4.597830577573      6.852803150337
    8      3.892924051574      2.683345785853      5.965986826232
    1      4.108184614239      1.917711431310      6.540202127040
    1      3.068130270657      3.129087440451      6.253104765735
    1     -1.347805688931     -2.105275917603      6.054347547934
    8     -2.039580416282     -1.440642024033      5.893561165855
    1     -2.858134311601     -1.937493135448      5.650930681198
    1     -4.784278663673      4.652795555067      5.812871874662
    8     -0.039564019397     -4.696566393554      5.871645211384
    1     -6.302159208045      4.293140928309      5.969276046222
    8      1.848708395701     -1.707706428501      5.835678888273
    1      0.980421457532     -2.137312480014      5.690636506010
    1      2.499551827064     -2.433179489745      5.978019040469
    8      5.912023884001     -2.500775990869      6.459635607992
    1      6.486414821826     -2.437044133511      5.646655756273
    1      5.707908063931     -1.567854466582      6.704130974627
    1      4.517049042339     -3.412914382779      6.161030884622
    8      3.696106913964     -3.928493557321      5.911900935097
    1      3.674950396608     -4.786997474342      6.395640630036
    8      0.200964108082      1.897618086236      5.940110681807
    1      0.971114189172      1.322192361290      5.723875514425
    1      0.576472883214      2.699947954763      6.364875001621
    8     -5.780743259469      0.386467661056      6.650039879915
    1     -5.659600475828      0.678544432589      5.685569568388
    1     -5.004139007183      0.726640769588      7.124537315478
    8     -2.559757665948      3.158729513232      6.422693935374
    1     -2.962855644838      3.482954164877      5.578672940729
    1     -1.916058192773      2.462471690185      6.185507708933
    0    0
