   2   1   1 E -1.7659727374168E+04 DE-4.1E-08(  5)
  0.112980424073E+02  0.115966215765E-01  0.000000000000E+00
 -0.563900733816E+01  0.974555314560E+01  0.000000000000E+00
  0.000000000000E+00  0.000000000000E+00  0.500000000000E+03
    1
  0.100000000000E+01  0.000000000000E+00  0.000000000000E+00
  0.000000000000E+00  0.100000000000E+01  0.000000000000E+00
  0.000000000000E+00  0.000000000000E+00  0.100000000000E+01
  0.000000000000E+00  0.000000000000E+00  0.000000000000E+00
  111
    8     -1.938849981148      1.102232544291      4.010627889521
    8     -3.716386370405      4.220305283041      4.153074416346
    8     -0.042247973639     -2.202104238925      4.042421639233
    8      1.924398026163      1.044912383780      4.090086972988
    8      0.016094161508      4.347069167204      4.108976348222
    8      3.841969830859     -2.115485864736      3.922505877605
    8     -5.611931052564      1.038313597603      4.121881642042
    8     -7.583298992152      4.374719332100      3.916804075027
    8     -3.892541951728     -2.248753129641      4.196007574766
  258      1.906600296367     -1.081801077458      3.289941000790
  258     -0.014278826929      2.156230678943      3.274630165547
  258      3.763930510741     -4.330963026938      3.302342552413
  258      5.638730064204     -1.090144931185      3.174223419285
  258      3.760437739738      2.173188823291      3.291353919050
  258      7.521218119713     -4.333288632218      3.182609572859
  258     -1.873626518097     -1.071212397436      3.288439223079
  258     -3.762821804715      2.141903636609      3.198688134629
  258     -0.033725758543     -4.330906707565      3.265041544301
    8      0.001231053326      0.000714750694      2.474646451155
    8     -1.859754116225      3.273075574734      2.427980820660
    8      1.876302984488     -3.296575804201      2.492162524454
    8      3.777326739779      0.057926000995      2.409499234407
    8      1.844446476677      3.206025310942      2.434796348857
    8      5.661439419853     -3.283623499278      2.376686599037
    8     -3.768856632430     -0.064315113811      2.411956122256
    8     -5.638506334353      3.226492629005      2.450554988113
    8     -1.931477646656     -3.184701592725      2.422400356792
    8      1.885039555093     -1.097992405532      0.897003378015
    8     -0.011849454510      2.150112848146      0.866327196937
    8      3.747269763224     -4.322535181004      0.862835483571
    8      5.635933710850     -1.084659335863      0.847119468520
    8      3.766636988055      2.195088092715      0.868583289669
    8      7.543392089165     -4.349458086803      0.851490587179
    8     -1.865815113660     -1.063411120311      0.854968850037
    8     -3.758746984663      2.150372274167      0.876274973386
    8     -0.020807044142     -4.330685999223      0.890881273373
  258     -0.000690549821     -0.003432904848      0.061099214922
  258     -1.878188263889      3.249688844930      0.051760488121
  258      1.879894090509     -3.251811189857      0.066105681022
  258      3.759756471309      0.008280908025      0.049204686753
  258      1.885137753924      3.240175419257      0.049647478783
  258      5.633925751465     -3.255481960059      0.034030881126
  258     -3.757983454709     -0.010141074180      0.032486694002
  258     -5.656109184894      3.246589524091      0.050348519986
  258     -1.882139637499     -3.245979092125      0.045815145368
    8     -1.885808545899      1.083638956026     -0.775053010893
    8     -3.772360015634      4.327254304999     -0.757875907245
    8      0.003816027588     -2.171890302349     -0.763738713651
    8      1.884088322937      1.076598645916     -0.761804656363
    8     -0.000043561475      4.327079684733     -0.766199085154
    8      3.753697964545     -2.163150825310     -0.770049544198
    8     -5.649654410139      1.080380715826     -0.763850253765
    8     -7.522060827881      4.327145317655     -0.774576098652
    8     -3.766539855445     -2.174512907476     -0.765350661005
    8      0.000000000000      0.000000000000     -2.343480358560
    8     -1.879669112720      3.248517715198     -2.343480358560
    8      1.879669112725     -3.248517715194     -2.343480358560
    8      3.766014135747      0.003865540521     -2.343480358560
    8      1.886345023021      3.252383255724     -2.343480358560
    8      5.645683248481     -3.244652174672     -2.343480358560
    8     -3.766014135747     -0.003865540531     -2.343480358560
    8     -5.645683248481      3.244652174672     -2.343480358560
    8     -1.886345023027     -3.252383255719     -2.343480358560
  258     -1.881894416157      1.081550724890     -3.124640478080
  258     -3.761563528872      4.330068440093     -3.124640478080
  258     -0.002225303433     -2.166966990305     -3.124640478080
  258      1.884119719591      1.085416265415     -3.124640478080
  258      0.004450606868      4.333933980616     -3.124640478080
  258      3.763788832315     -2.163101449782     -3.124640478080
  258     -5.647908551946      1.077685184353     -3.124640478080
  258     -7.527577664626      4.326202899573     -3.124640478080
  258     -3.768239439183     -2.170832530833     -3.124640478080
    8      1.881894416157     -1.081550724890     -3.905800597599
    8      0.002225303433      2.166966990305     -3.905800597599
    8      3.761563528872     -4.330068440093     -3.905800597599
    8      5.647908551946     -1.077685184353     -3.905800597599
    8      3.768239439187      2.170832530833     -3.905800597599
    8      7.527577664626     -4.326202899573     -3.905800597599
    8     -1.884119719591     -1.085416265415     -3.905800597599
    8     -3.763788832317      2.163101449781     -3.905800597599
    8     -0.004450606870     -4.333933980616     -3.905800597599
    8      1.398228153317      4.377727285309      6.287634034133
    1      0.728939133316      4.410561020460      5.521318839158
    1      6.849796715723     -4.596756639008      6.851736414517
    8      3.893247111865      2.682631396180      5.965923341711
    1      4.107355149541      1.916883917084      6.540257617502
    1      3.068978041911      3.129276304662      6.253080350996
    1     -1.347233242807     -2.104823499575      6.053733074092
    8     -2.039053628250     -1.440162787128      5.893008755414
    1     -2.857919616214     -1.937174723094      5.652104107346
    1     -4.782513320939      4.652386101401      5.804937644928
    8     -0.037384831711     -4.696570204805      5.871576978053
    1     -6.299478414932      4.293024046246      5.971012605440
    8      1.849462825351     -1.708399904357      5.835206418926
    1      0.980646021117     -2.137500480888      5.691974194512
    1      2.500265453780     -2.433982885771      5.977082572225
    8      5.912833414118     -2.500836556679      6.459360711158
    1      6.486185260389     -2.436575550727      5.645820567426
    1      5.708575896915     -1.568183659221      6.704786517152
    1      4.517338265736     -3.412197575424      6.160264982489
    8      3.696554157723     -3.928325986871      5.911993380256
    1      3.676221716628     -4.786870992705      6.395735632577
    8      0.201103424504      1.897500552053      5.940596817245
    1      0.971896938448      1.322675705474      5.724293247473
    1      0.576223726896      2.700033649596      6.365151707183
    8     -5.780483997096      0.386129833964      6.650134426305
    1     -5.660149866552      0.679073415824      5.686040905911
    1     -5.003727026366      0.726279211126      7.124379541343
    8     -2.557959377551      3.158771455541      6.423545321249
    1     -2.961793855030      3.482256879927      5.579824915494
    1     -1.914538559332      2.462523963297      6.186006418531
    0    0
