   2   1   1 E -1.7659727402915E+04 DE 4.5E-10(  9)
  0.112976230682E+02  0.127450398449E-01  0.000000000000E+00
 -0.563780700159E+01  0.974513903945E+01  0.000000000000E+00
  0.000000000000E+00  0.000000000000E+00  0.500000000000E+03
    1
  0.100000000000E+01  0.000000000000E+00  0.000000000000E+00
  0.000000000000E+00  0.100000000000E+01  0.000000000000E+00
  0.000000000000E+00  0.000000000000E+00  0.100000000000E+01
  0.000000000000E+00  0.000000000000E+00  0.000000000000E+00
  111
    8     -1.939526110083      1.101425552492      4.010485005956
    8     -3.717104369560      4.222831631429      4.144131847741
    8     -0.041137308402     -2.202979969842      4.045027449700
    8      1.924302952127      1.045830939700      4.089618414601
    8      0.017795344077      4.347218802333      4.111770728612
    8      3.842219335240     -2.114172726510      3.923923263990
    8     -5.611213284136      1.036785422864      4.122708675894
    8     -7.581336939233      4.372885209185      3.916135185103
    8     -3.893311461745     -2.251112041811      4.198693990237
  258      1.908424676056     -1.081471873952      3.287828789120
  258     -0.013526235197      2.156173770195      3.275761631209
  258      3.764402750835     -4.330614097347      3.301336711391
  258      5.639445205128     -1.089977931487      3.174384336424
  258      3.759436096390      2.172242695176      3.291473782231
  258      7.521929292468     -4.333020492552      3.181918685290
  258     -1.872293609951     -1.072153175953      3.289763323206
  258     -3.762519731866      2.141495710187      3.197733226853
  258     -0.029925726286     -4.331915691563      3.267811378554
    8      0.001664151921      0.000300596420      2.475578606165
    8     -1.856717907062      3.273106227726      2.427943887249
    8      1.876686098412     -3.294276170728      2.492164310582
    8      3.777988482567      0.058166997306      2.408667458892
    8      1.844010256059      3.206772236146      2.435199932873
    8      5.661238235998     -3.283644683838      2.376967755465
    8     -3.768623160788     -0.066168921721      2.411677150956
    8     -5.638054996181      3.223452954745      2.449991164457
    8     -1.930851076071     -3.184416259505      2.422869033312
    8      1.885270283116     -1.097262283368      0.896507015197
    8     -0.011112101925      2.149571452006      0.865891400647
    8      3.746307644403     -4.321798560141      0.862959004046
    8      5.635438382056     -1.084635724432      0.846763361931
    8      3.765826458404      2.195973492055      0.868207996994
    8      7.543349398415     -4.349091628192      0.851940478684
    8     -1.864928385575     -1.062885064763      0.855746342892
    8     -3.757009546225      2.149471375594      0.876507581238
    8     -0.020306201499     -4.331383112747      0.892249221118
  258     -0.000665051591     -0.002809900614      0.061371973887
  258     -1.877451883935      3.249437201645      0.051456414398
  258      1.879185801298     -3.251959885913      0.065736260543
  258      3.759815548059      0.008829685775      0.048631799298
  258      1.886046098113      3.240648638580      0.049282827647
  258      5.632510626759     -3.254824372714      0.034357825836
  258     -3.757298776179     -0.011060199929      0.032454139662
  258     -5.655352473167      3.245205704632      0.051197027291
  258     -1.882284400736     -3.244907235953      0.047050937446
    8     -1.885581921627      1.083328978365     -0.775552330989
    8     -3.771654470632      4.326751713223     -0.757612722582
    8      0.003499918354     -2.172134129924     -0.763414802656
    8      1.884396646689      1.076689370358     -0.762290639060
    8      0.000159913824      4.327761477239     -0.765751881391
    8      3.753026978797     -2.163040726172     -0.770585710155
    8     -5.649188519152      1.079863877653     -0.763452818133
    8     -7.520852883285      4.326757057145     -0.774548467847
    8     -3.766367094152     -2.174971914590     -0.764559050900
    8      0.000000000000      0.000000000000     -2.343480358560
    8     -1.879269000528      3.248379679816     -2.343480358560
    8      1.879269000533     -3.248379679812     -2.343480358560
    8      3.765874356048      0.004248346610     -2.343480358560
    8      1.886605355514      3.252628026431     -2.343480358560
    8      5.645143356590     -3.244131333200     -2.343480358560
    8     -3.765874356048     -0.004248346620     -2.343480358560
    8     -5.645143356590      3.244131333200     -2.343480358560
    8     -1.886605355520     -3.252628026427     -2.343480358560
  258     -1.881714452193      1.081377111066     -3.124640478080
  258     -3.760983452717      4.329756790887     -3.124640478080
  258     -0.002445451661     -2.167002568746     -3.124640478080
  258      1.884159903856      1.085625457680     -3.124640478080
  258      0.004890903324      4.334005137499     -3.124640478080
  258      3.763428904388     -2.162754222134     -3.124640478080
  258     -5.647588808284      1.077128764439     -3.124640478080
  258     -7.526857808772      4.325508444278     -3.124640478080
  258     -3.768319807712     -2.171250915364     -3.124640478080
    8      1.881714452193     -1.081377111066     -3.905800597599
    8      0.002445451661      2.167002568746     -3.905800597599
    8      3.760983452717     -4.329756790887     -3.905800597599
    8      5.647588808284     -1.077128764439     -3.905800597599
    8      3.768319807716      2.171250915364     -3.905800597599
    8      7.526857808772     -4.325508444278     -3.905800597599
    8     -1.884159903856     -1.085625457680     -3.905800597599
    8     -3.763428904390      2.162754222133     -3.905800597599
    8     -0.004890903326     -4.334005137499     -3.905800597599
    8      1.397073455659      4.369569154608      6.291624706422
    1      0.731378079887      4.406181253005      5.521650055144
    1      6.846810654869     -4.605955309245      6.857283128991
    8      3.888328980820      2.681924239261      5.966371774965
    1      4.107201728698      1.914921751230      6.537525620653
    1      3.061057594048      3.122523502584      6.254558688402
    1     -1.355871828313     -2.109827891064      6.061269097346
    8     -2.043926104160     -1.442710796912      5.894663788837
    1     -2.862767443865     -1.936906081510      5.645649510906
    1     -4.801438034967      4.658383330269      5.860341965486
    8     -0.060026631492     -4.694900630584      5.877615235593
    1     -6.321711215332      4.292834394268      5.965434121285
    8      1.843281312634     -1.700570834697      5.837029306128
    1      0.975476019281     -2.128458571306      5.681358326275
    1      2.492742084923     -2.426817154968      5.980417533558
    8      5.906103552015     -2.503835746249      6.460333961911
    1      6.483055905003     -2.440918062938      5.649275804568
    1      5.699775544697     -1.570847296850      6.702327340041
    1      4.512196982268     -3.418120461788      6.163362666855
    8      3.688547817758     -3.928991136867      5.913088382555
    1      3.663860033747     -4.787874440129      6.395657874782
    8      0.194751118186      1.895033077287      5.939915833146
    1      0.963727251111      1.316707350395      5.728856857332
    1      0.571210623371      2.696735073317      6.365147875454
    8     -5.787089930416      0.385211625516      6.648424894835
    1     -5.661948960813      0.676408646337      5.683793542055
    1     -5.010794179097      0.723268926925      7.124943719453
    8     -2.581518248663      3.156173049361      6.416482431104
    1     -2.977287996843      3.488034780567      5.571377731398
    1     -1.937231264270      2.460448567644      6.179279265686
    0    0
