   2   1   1 E -1.7585000736890E+04 DE-7.8E-08(  8)
  0.113068251374E+02  0.115905688386E-01  0.000000000000E+00
 -0.564338150185E+01  0.979110428589E+01  0.000000000000E+00
  0.000000000000E+00  0.000000000000E+00  0.500000000000E+03
    1
  0.100000000000E+01  0.000000000000E+00  0.000000000000E+00
  0.000000000000E+00  0.100000000000E+01  0.000000000000E+00
  0.000000000000E+00  0.000000000000E+00  0.100000000000E+01
  0.000000000000E+00  0.000000000000E+00  0.000000000000E+00
  111
    8     -1.974881031750      1.245776232999      4.114620890960
    8     -3.821393217400      4.286946757303      4.020393723698
    8      0.026487294357     -2.212674775174      4.340152174840
    8      0.084803763190      4.381296365895      4.152670621542
    8      3.882162795589     -2.210889036687      4.162799055949
    8     -5.671549103857      1.225518744203      4.169760854259
    8     -7.571559986546      4.270732514699      4.100880993280
    8     -3.862758281363     -2.308873119517      3.937023677710
  258      1.902345298055     -1.157843812057      3.216171686723
  258     -0.096187516954      2.219071991630      3.157281022233
  258      3.763841106005     -4.349336618657      3.318308530024
  258      5.662885223538     -1.108607346686      3.294539720691
  258      3.847128250615      2.253481912671      3.155873862055
  258      7.540399411267     -4.350661035188      3.168535649287
  258     -1.940911380664     -1.061575530399      3.330452221752
  258     -3.768708058186      2.202735934681      3.195172972248
  258      0.015409785571     -4.410672434720      3.238328967323
    8      0.058442260387      0.049472795921      2.565834024177
    8     -1.870308743137      3.333930176464      2.407971743255
    8      1.867005212605     -3.288752476304      2.483934799374
    8      3.720946205862      0.098290827899      2.555823576116
    8      1.900835838226      3.165991992997      2.430358937830
    8      5.587587611961     -3.306921516726      2.401172683755
    8     -3.839170781325      0.024556387393      2.480377457585
    8     -5.668297386104      3.274082339423      2.368237443942
    8     -1.801796055441     -3.306014242611      2.461817233800
    8      1.891242111726     -1.100323448917      0.856725859884
    8     -0.026306312141      2.173210921772      0.846454223742
    8      3.733425307138     -4.335571267539      0.840404433073
    8      5.611484023596     -1.074320800893      0.921472677012
    8      3.790631083627      2.181487099432      0.832671104728
    8      7.546517105407     -4.361170867003      0.891112450925
    8     -1.881493113784     -1.068750750284      0.901764769336
    8     -3.754967600473      2.177541246774      0.863485509702
    8      0.018425156887     -4.358107528437      0.845590249089
  258     -0.010419978201     -0.004559653151      0.049868280745
  258     -1.888040688148      3.279321724458      0.008428352231
  258      1.884509993444     -3.266516583550      0.029609358961
  258      3.766936225713      0.001115184673      0.036046519355
  258      1.888297829153      3.258810289939      0.014858582521
  258      5.629756479042     -3.256477618342      0.045693990659
  258     -3.771469151974     -0.008842488757      0.050573406702
  258     -5.642757054319      3.266120111359     -0.011123471617
  258     -1.874500044398     -3.256167175054      0.052919107407
    8     -1.891569773710      1.078753586593     -0.754957462268
    8     -3.766984085231      4.345772774678     -0.779477748086
    8     -0.013495294734     -2.168344950202     -0.747084873793
    8      1.881016865227      1.089175685605     -0.745612477297
    8      0.011347718243      4.360108259770     -0.750360021473
    8      3.773386899563     -2.159531627477     -0.761124535545
    8     -5.646643370250      1.069646161762     -0.755607166530
    8     -7.538323195622      4.355203533692     -0.756449654640
    8     -3.777503602876     -2.176199460413     -0.725423329944
    8      0.000000000000      0.000000000000     -2.343480358560
    8     -1.881127167279      3.263701428635     -2.343480358560
    8      1.881127167285     -3.263701428630     -2.343480358560
    8      3.768941712445      0.003863522943     -2.343480358560
    8      1.887814545157      3.267564951582     -2.343480358560
    8      5.650068879738     -3.259837905689     -2.343480358560
    8     -3.768941712445     -0.003863522953     -2.343480358560
    8     -5.650068879738      3.259837905689     -2.343480358560
    8     -1.887814545162     -3.267564951578     -2.343480358560
  258     -1.883356293243      1.086612635231     -3.124640478080
  258     -3.764483460520      4.350314063869     -3.124640478080
  258     -0.002229125958     -2.177088793403     -3.124640478080
  258      1.885585419200      1.090476158177     -3.124640478080
  258      0.004458251917      4.354177586811     -3.124640478080
  258      3.766712586489     -2.173225270459     -3.124640478080
  258     -5.652298005727      1.082749112273     -3.124640478080
  258     -7.533425172972      4.346450540929     -3.124640478080
  258     -3.771170838405     -2.180952316351     -3.124640478080
    8      1.883356293243     -1.086612635231     -3.905800597599
    8      0.002229125958      2.177088793403     -3.905800597599
    8      3.764483460520     -4.350314063869     -3.905800597599
    8      5.652298005727     -1.082749112273     -3.905800597599
    8      3.771170838409      2.180952316352     -3.905800597599
    8      7.533425172972     -4.346450540929     -3.905800597599
    8     -1.885585419200     -1.090476158177     -3.905800597599
    8     -3.766712586491      2.173225270459     -3.905800597599
    8     -0.004458251918     -4.354177586811     -3.905800597599
    8     -0.307196674791     -4.446370838507      5.879476442454
    1      5.474230307729      7.336400234762      5.257144368100
    1      0.340379673894     -5.004531557797      6.378297930557
    1     -1.096540012906     -4.991873120108      5.655347720217
    8      2.059627567945      1.528125552423      4.919036511936
    1      2.217072835448      0.700439365762      5.454845191294
    1      1.700255441771      2.227279736348      5.559984850823
    8      6.159899736444     -1.040392508883      6.045414789220
    1      5.974284272880     -0.170186323585      6.489449870495
    1      5.683420018400     -1.731824175051      6.530373714823
    8     -5.575298103267      1.523300581093      6.657931892197
    1     -5.686050241973      1.454852300594      5.612114549959
    1      4.857596345938      1.666363845585      7.058636547391
    1      0.558345024324      3.941654148402      5.500612517629
    8      6.511740368248     -6.376914804882      6.346053737100
    1      7.036774778719     -5.797107679129      6.919224994165
    1     -4.031513851975      3.854735750281      8.129470438282
    8     -4.121717525182      3.737895487362      7.168915834807
    1     -4.571227986521      2.857378953749      7.025484636344
    1     -1.816623270540     -0.594210962393      6.427165122145
    8     -2.248194598875     -1.294948394925      5.887550902900
    1     -3.214900085211     -1.306703840715      6.059160319842
    1     -1.236436179780      4.682728433862      6.279124071122
    8     -2.026602521803      5.135850150621      5.942596534211
    1     -2.799743862843      4.586744046673      6.217951351749
    1      8.931129875733      8.269160334404      5.436252975501
    1      7.765433905711      8.479035369561      6.573131980779
    8      8.287970186553      8.931656673018      5.893608046759
    8      4.989561339608     10.651887345323      6.345668795395
    1      4.379975486033     10.935694265650      5.601754543919
    1      5.176578287791     11.431240070165      6.893717929426
    0    0
