   2   1   1 E -1.7585000716113E+04 DE-2.7E-08( 16)
  0.113066904513E+02  0.111973581590E-01  0.000000000000E+00
 -0.564365512823E+01  0.979144713087E+01  0.000000000000E+00
  0.000000000000E+00  0.000000000000E+00  0.500000000000E+03
    1
  0.100000000000E+01  0.000000000000E+00  0.000000000000E+00
  0.000000000000E+00  0.100000000000E+01  0.000000000000E+00
  0.000000000000E+00  0.000000000000E+00  0.100000000000E+01
  0.000000000000E+00  0.000000000000E+00  0.000000000000E+00
  111
    8     -1.979019402602      1.244464522843      4.112111649397
    8     -3.820679891380      4.288467977433      4.019751312453
    8      0.026412397614     -2.212108071361      4.338272719066
    8      0.086446602475      4.384737153679      4.155481928538
    8      3.885004371948     -2.209370767407      4.162227708270
    8     -5.670485392843      1.226075745754      4.167774297006
    8     -7.568351216165      4.272738224562      4.099923706887
    8     -3.860210457007     -2.306685565294      3.939030427303
  258      1.903504437147     -1.156821484874      3.216377504835
  258     -0.094585883490      2.220000391642      3.159377993046
  258      3.765565754877     -4.348465137903      3.317903072113
  258      5.664215673436     -1.107570841376      3.294196676806
  258      3.848693785004      2.254581775464      3.154209598922
  258      7.541738280603     -4.349758696808      3.169185516248
  258     -1.939734181913     -1.060202445053      3.328881627965
  258     -3.767680521478      2.203920758432      3.193198746835
  258      0.016909733859     -4.409854529742      3.237367371444
    8      0.058836549656      0.048404091730      2.567248185071
    8     -1.869067200662      3.335655375491      2.408858441581
    8      1.868905329043     -3.287618966043      2.484002800229
    8      3.721332930883      0.098735772281      2.554894161207
    8      1.902065346894      3.167365193538      2.430987875923
    8      5.589567904562     -3.306301152542      2.401138350121
    8     -3.838775290459      0.024143354862      2.477641323134
    8     -5.666857931382      3.275468779014      2.366834814978
    8     -1.801281730709     -3.304577638170      2.461226103916
    8      1.891550359176     -1.099811241120      0.856920428971
    8     -0.025629855263      2.173268882154      0.847013028756
    8      3.734390713606     -4.335062373421      0.840585739153
    8      5.611131406160     -1.074519828716      0.920511222597
    8      3.791051338777      2.182147263910      0.831782814526
    8      7.547265877121     -4.361165639275      0.890923191312
    8     -1.880486860097     -1.067919880089      0.901805847142
    8     -3.753800889669      2.178439611310      0.862608843022
    8      0.019332600437     -4.357214479358      0.845481724932
  258     -0.009962216118     -0.003961214710      0.049903991357
  258     -1.887252354001      3.279774971894      0.008702515429
  258      1.885220135682     -3.265951960494      0.029380588830
  258      3.767261029452      0.001254736775      0.035855294645
  258      1.888292344390      3.259189020084      0.015402164959
  258      5.630447501493     -3.256410075903      0.045446536546
  258     -3.771097202147     -0.008424381588      0.049777632673
  258     -5.642235135326      3.267069426345     -0.011942747824
  258     -1.873839330704     -3.256025860669      0.052722627636
    8     -1.891046835850      1.079064572266     -0.755394318475
    8     -3.766491744553      4.346486187479     -0.779496094811
    8     -0.012968589367     -2.168029192309     -0.747238715294
    8      1.881259087301      1.089430700346     -0.745856181818
    8      0.011480162880      4.360350163317     -0.750297565715
    8      3.773371921401     -2.159691925856     -0.761400799798
    8     -5.646140794295      1.070372326464     -0.755655924865
    8     -7.537905126292      4.356007277705     -0.756501368142
    8     -3.776702895109     -2.175835615683     -0.725413018983
    8      0.000000000000      0.000000000000     -2.343480358560
    8     -1.881218376075      3.263815710294     -2.343480358560
    8      1.881218376081     -3.263815710289     -2.343480358560
    8      3.768896817059      0.003732452716     -2.343480358560
    8      1.887678440975      3.267548163015     -2.343480358560
    8      5.650115193147     -3.260083257575     -2.343480358560
    8     -3.768896817059     -0.003732452726     -2.343480358560
    8     -5.650115193147      3.260083257575     -2.343480358560
    8     -1.887678440980     -3.267548163011     -2.343480358560
  258     -1.883371731046      1.086694419193     -3.124640478080
  258     -3.764590107118      4.350510129490     -3.124640478080
  258     -0.002153354966     -2.177121291101     -3.124640478080
  258      1.885525086010      1.090426871912     -3.124640478080
  258      0.004306709933      4.354242582205     -3.124640478080
  258      3.766743462095     -2.173388838382     -3.124640478080
  258     -5.652268548143      1.082961966461     -3.124640478080
  258     -7.533486924184      4.346777676776     -3.124640478080
  258     -3.771050172026     -2.180853743822     -3.124640478080
    8      1.883371731046     -1.086694419193     -3.905800597599
    8      0.002153354966      2.177121291101     -3.905800597599
    8      3.764590107118     -4.350510129490     -3.905800597599
    8      5.652268548143     -1.082961966461     -3.905800597599
    8      3.771050172030      2.180853743823     -3.905800597599
    8      7.533486924184     -4.346777676776     -3.905800597599
    8     -1.885525086010     -1.090426871912     -3.905800597599
    8     -3.766743462097      2.173388838382     -3.905800597599
    8     -0.004306709934     -4.354242582205     -3.905800597599
    8     -0.298897421980     -4.445050125997      5.873337229467
    1      5.474768376565      7.336656061898      5.255400193782
    1      0.348194993402     -5.004109472428      6.371457430179
    1     -1.090308363982     -4.989050991638      5.650954169727
    8      2.063466854654      1.529006720801      4.920376861808
    1      2.217516063180      0.699645514924      5.454185562821
    1      1.710465172769      2.231283887866      5.561139613732
    8      6.167960908416     -1.031723529659      6.046316518470
    1      5.980520927505     -0.161049050253      6.488814776618
    1      5.697228442622     -1.723797345799      6.535827977441
    8     -5.574064171956      1.532235034590      6.653713852705
    1     -5.684736772816      1.459709650527      5.608073759072
    1      4.858597714999      1.675900460563      7.053686267707
    1      0.569253568881      3.946788721298      5.503005924721
    8      6.531208077698     -6.369210018677      6.346528655546
    1      7.056064387825     -5.786101858735      6.916436574898
    1     -4.027009196354      3.860908625140      8.123588378542
    8     -4.116718572237      3.743539992876      7.163107950315
    1     -4.568000144983      2.863741181030      7.020376033630
    1     -1.807341121220     -0.586438376048      6.420008086825
    8     -2.242615225736     -1.289328486254      5.886290377615
    1     -3.208949117948     -1.295877505465      6.059520674223
    1     -1.230775896235      4.692541221096      6.274696907996
    8     -2.023157554053      5.138090448506      5.934411342147
    1     -2.794297240956      4.587418939566      6.212907422645
    1      8.934204224381      8.265971607922      5.438288806390
    1      7.770559565962      8.471554235575      6.578302706658
    8      8.290035491693      8.925954694864      5.897673907767
    8      4.998656488708     10.666071388547      6.333297504049
    1      4.380274669557     10.946038091491      5.593960148459
    1      5.180922450960     11.443459967291      6.885972673975
    0    0
