   2   1   1 E -1.7585000420775E+04 DE-8.2E-08( 10)
  0.113075446796E+02  0.103308592673E-01  0.000000000000E+00
 -0.564483227009E+01  0.979174940387E+01  0.000000000000E+00
  0.000000000000E+00  0.000000000000E+00  0.500000000000E+03
    1
  0.100000000000E+01  0.000000000000E+00  0.000000000000E+00
  0.000000000000E+00  0.100000000000E+01  0.000000000000E+00
  0.000000000000E+00  0.000000000000E+00  0.100000000000E+01
  0.000000000000E+00  0.000000000000E+00  0.000000000000E+00
  111
    8     -2.008282618506      1.236319248623      4.104795372945
    8     -3.821774088641      4.289859935944      4.015883159284
    8      0.027646173770     -2.213966519849      4.332460512276
    8      0.086608201353      4.389759580504      4.166696607809
    8      3.891344355483     -2.205657849565      4.158579142272
    8     -5.670735015318      1.222062577561      4.163237891599
    8     -7.561571868295      4.274398003934      4.095644872222
    8     -3.854744295306     -2.305097382624      3.945390910034
  258      1.907306348471     -1.158600191723      3.211676429479
  258     -0.092468905571      2.218893603737      3.184972871298
  258      3.769274479591     -4.348951161919      3.314949015412
  258      5.669094548088     -1.107835126413      3.291685294104
  258      3.850283806384      2.254797213064      3.147615418342
  258      7.544347175623     -4.350606392841      3.167767248834
  258     -1.940210094407     -1.060836599949      3.324350252605
  258     -3.770473879733      2.205182333493      3.184349942342
  258      0.018761406180     -4.409243584648      3.234934693836
    8      0.063646015645      0.050233542074      2.583379330616
    8     -1.863086038841      3.337806454076      2.414044639652
    8      1.872365780497     -3.288149892097      2.482963575758
    8      3.723032880423      0.097937222850      2.547597608675
    8      1.900573884868      3.168846199978      2.436400881209
    8      5.594946385572     -3.308985721119      2.401959414811
    8     -3.842600875630      0.016666440503      2.465600910990
    8     -5.666602691208      3.276312579829      2.360327808167
    8     -1.802147535991     -3.302470013025      2.459103955691
    8      1.889436403248     -1.099778466055      0.858175659185
    8     -0.025038729226      2.170693978301      0.852957922149
    8      3.736342997087     -4.334238324248      0.841452240364
    8      5.609421298772     -1.080005707264      0.916539901139
    8      3.788541433095      2.183254874095      0.828637754718
    8      7.549687076593     -4.361995220001      0.889122608786
    8     -1.874618846514     -1.065082751614      0.905223597527
    8     -3.750692198375      2.179151220729      0.858579539888
    8      0.020002874638     -4.355102460705      0.845074335365
  258     -0.009645561469     -0.000930130336      0.051232856648
  258     -1.883631774424      3.278019799447      0.013284476141
  258      1.885792003861     -3.266559990669      0.026295367371
  258      3.767224605021      0.000855411331      0.034547441894
  258      1.885468066814      3.258013118668      0.019543223646
  258      5.631487348919     -3.256886074672      0.044812937243
  258     -3.770340346541     -0.009149777749      0.048494986863
  258     -5.642874877453      3.268787026599     -0.015615419333
  258     -1.872231767024     -3.255838818314      0.050611625469
    8     -1.889397904746      1.078661105867     -0.756432722054
    8     -3.766301555223      4.347266214928     -0.779010125740
    8     -0.012868129016     -2.167542073447     -0.748608428618
    8      1.880926728265      1.088755276363     -0.746536119045
    8      0.011136486150      4.359054571358     -0.749676322063
    8      3.772148281249     -2.160443779058     -0.762841078346
    8     -5.646979815574      1.070270751541     -0.753754184126
    8     -7.538248595523      4.356976301459     -0.757010890159
    8     -3.774473913319     -2.174847822782     -0.724888259393
    8      0.000000000000      0.000000000000     -2.343480358560
    8     -1.881610756692      3.263916467962     -2.343480358560
    8      1.881610756698     -3.263916467957     -2.343480358560
    8      3.769181559853      0.003443619752     -2.343480358560
    8      1.887570803152      3.267360087719     -2.343480358560
    8      5.650792316558     -3.260472848207     -2.343480358560
    8     -3.769181559853     -0.003443619762     -2.343480358560
    8     -5.650792316558      3.260472848207     -2.343480358560
    8     -1.887570803157     -3.267360087715     -2.343480358560
  258     -1.883597438849      1.086824282737     -3.124640478080
  258     -3.765208195539      4.350740750703     -3.124640478080
  258     -0.001986682152     -2.177092185225     -3.124640478080
  258      1.885584121000      1.090267902492     -3.124640478080
  258      0.003973364305      4.354184370454     -3.124640478080
  258      3.767194877702     -2.173648565471     -3.124640478080
  258     -5.652778998741      1.083380662969     -3.124640478080
  258     -7.534389755399      4.347297130952     -3.124640478080
  258     -3.771168242006     -2.180535804982     -3.124640478080
    8      1.883597438849     -1.086824282737     -3.905800597599
    8      0.001986682152      2.177092185225     -3.905800597599
    8      3.765208195539     -4.350740750703     -3.905800597599
    8      5.652778998741     -1.083380662969     -3.905800597599
    8      3.771168242010      2.180535804983     -3.905800597599
    8      7.534389755399     -4.347297130952     -3.905800597599
    8     -1.885584121000     -1.090267902492     -3.905800597599
    8     -3.767194877704      2.173648565471     -3.905800597599
    8     -0.003973364306     -4.354184370454     -3.905800597599
    8     -0.307775910815     -4.442043213942      5.882498442332
    1      5.481769297216      7.328058710658      5.249603232483
    1      0.346700501181     -4.997884368420      6.374333822603
    1     -1.090658186201     -4.993565990906      5.646882718836
    8      2.115431249672      1.534186740632      4.930795467012
    1      2.245900521308      0.698307748227      5.460150573144
    1      1.763487895357      2.238517076580      5.563994477619
    8      6.209823267862     -1.011987101020      6.057682424150
    1      6.003276486680     -0.141784560954      6.492634355972
    1      5.751240110571     -1.708395898574      6.552474964274
    8     -5.572417783583      1.546216849615      6.642909690575
    1     -5.683068041208      1.464521112532      5.596165986598
    1      4.860498734427      1.683565293913      7.042600717997
    1      0.605207419639      3.962130161205      5.517045305602
    8      6.597804207125     -6.344585856882      6.351639828862
    1      7.122988403911     -5.751382185288      6.910617485760
    1     -4.026156223934      3.860245437939      8.123916263234
    8     -4.110189225707      3.747512507807      7.162438025814
    1     -4.565907226314      2.871126748741      7.012891825075
    1     -1.769968786494     -0.549780249897      6.416715890423
    8     -2.219397980118     -1.260720674877      5.905852551026
    1     -3.187104785692     -1.244477262036      6.082414629632
    1     -1.227854855457      4.731928675334      6.265569578440
    8     -2.032218954249      5.161687781599      5.939172615341
    1     -2.789414003644      4.595573263024      6.226286006328
    1      8.939240224346      8.261142688381      5.438276312703
    1      7.781981165840      8.466377831629      6.584380903738
    8      8.291029924717      8.918713772530      5.894446140610
    8      5.066708402259     10.739355689430      6.248498669641
    1      4.377780538084     10.989585447325      5.561529848788
    1      5.241618083805     11.510310419904      6.812727661385
    0    0
