   2   1   1 E -1.7585000672477E+04 DE-1.5E-08( 15)
  0.113069705886E+02  0.106009315120E-01  0.000000000000E+00
 -0.564431217739E+01  0.979217550060E+01  0.000000000000E+00
  0.000000000000E+00  0.000000000000E+00  0.500000000000E+03
    1
  0.100000000000E+01  0.000000000000E+00  0.000000000000E+00
  0.000000000000E+00  0.100000000000E+01  0.000000000000E+00
  0.000000000000E+00  0.000000000000E+00  0.100000000000E+01
  0.000000000000E+00  0.000000000000E+00  0.000000000000E+00
  111
    8     -1.989369449321      1.238223032029      4.110411491570
    8     -3.820315933043      4.288718525512      4.018266954924
    8      0.025583332982     -2.213064026517      4.335120146217
    8      0.088279978589      4.387908249862      4.159980951049
    8      3.888848871932     -2.207831594237      4.160914043580
    8     -5.670667287689      1.225054004781      4.165918410687
    8     -7.564810218390      4.273316752872      4.098501469504
    8     -3.857719276715     -2.306325931114      3.941488725915
  258      1.904872800683     -1.157182180667      3.215890331310
  258     -0.092661658634      2.219313390255      3.166791742256
  258      3.767614948997     -4.349261071601      3.316896794130
  258      5.666476073883     -1.107348900416      3.293547628094
  258      3.850178892569      2.254394209358      3.151271058523
  258      7.543199535794     -4.350151488221      3.169757421993
  258     -1.940061026090     -1.060530172607      3.326349342975
  258     -3.766994032351      2.204001453607      3.190049865526
  258      0.018855132750     -4.410351086993      3.236212232715
    8      0.059403138097      0.046251586016      2.572906468675
    8     -1.867290326197      3.337077798773      2.411036954356
    8      1.871267388020     -3.287607959543      2.484151216069
    8      3.721727545209      0.098455122897      2.552614378438
    8      1.902605695840      3.167736031392      2.433136286084
    8      5.592494740809     -3.307110316187      2.401221975360
    8     -3.839459306056      0.021337375435      2.472269664843
    8     -5.665837130884      3.275775355571      2.364764564568
    8     -1.801751439200     -3.303562264973      2.460317767146
    8      1.891296422175     -1.099475972872      0.857760161868
    8     -0.025471086741      2.172175947901      0.848738738465
    8      3.735177353832     -4.335225527066      0.841089659638
    8      5.609886571364     -1.076307555877      0.918780805028
    8      3.790733924216      2.182206654903      0.830711804956
    8      7.548239577987     -4.362443664317      0.890863416137
    8     -1.878607295950     -1.066978714920      0.903204294417
    8     -3.752202564431      2.178830329153      0.861045305208
    8      0.020105683383     -4.356684218129      0.845285573461
  258     -0.009614790286     -0.003169603893      0.050572191994
  258     -1.886142644209      3.279348604017      0.010031796966
  258      1.885727701882     -3.265630892988      0.028800838502
  258      3.767373684284      0.000802949607      0.035552689350
  258      1.887098049154      3.258791596613      0.016949633999
  258      5.631308583693     -3.256991604721      0.044856448631
  258     -3.770859668290     -0.008615058235      0.049013066911
  258     -5.642101592093      3.267927174601     -0.013253517429
  258     -1.873271447162     -3.256390887739      0.052318869714
    8     -1.890292791027      1.078771145883     -0.755863685609
    8     -3.766430248293      4.347130099313     -0.779180982630
    8     -0.012592310928     -2.167622028644     -0.747518416525
    8      1.881121368218      1.089328714531     -0.746253008045
    8      0.011426410213      4.360276060579     -0.749971848187
    8      3.773096511046     -2.160542568137     -0.762090316036
    8     -5.645965928810      1.070796392895     -0.755040604562
    8     -7.538204636456      4.356688934839     -0.756298764296
    8     -3.775744076068     -2.175579597890     -0.725015187291
    8      0.000000000000      0.000000000000     -2.343480358560
    8     -1.881437392461      3.264058500206     -2.343480358560
    8      1.881437392467     -3.264058500201     -2.343480358560
    8      3.768990196166      0.003533643834     -2.343480358560
    8      1.887552803697      3.267592144045     -2.343480358560
    8      5.650427588640     -3.260524856369     -2.343480358560
    8     -3.768990196166     -0.003533643844     -2.343480358560
    8     -5.650427588640      3.260524856369     -2.343480358560
    8     -1.887552803702     -3.267592144041     -2.343480358560
  258     -1.883475862877      1.086841618791     -3.124640478080
  258     -3.764913255335      4.350900119001     -3.124640478080
  258     -0.002038470411     -2.177216881415     -3.124640478080
  258      1.885514333287      1.090375262628     -3.124640478080
  258      0.004076940823      4.354433762833     -3.124640478080
  258      3.766951725757     -2.173683237579     -3.124640478080
  258     -5.652466059082      1.083307974942     -3.124640478080
  258     -7.533903451509      4.347366475169     -3.124640478080
  258     -3.771028666578     -2.180750525253     -3.124640478080
    8      1.883475862877     -1.086841618791     -3.905800597599
    8      0.002038470411      2.177216881415     -3.905800597599
    8      3.764913255335     -4.350900119001     -3.905800597599
    8      5.652466059082     -1.083307974942     -3.905800597599
    8      3.771028666582      2.180750525254     -3.905800597599
    8      7.533903451509     -4.347366475169     -3.905800597599
    8     -1.885514333287     -1.090375262628     -3.905800597599
    8     -3.766951725759      2.173683237579     -3.905800597599
    8     -0.004076940824     -4.354433762833     -3.905800597599
    8     -0.300365730583     -4.445259056344      5.876692265187
    1      5.476202992694      7.333545767029      5.252383360096
    1      0.349137307660     -5.004618004290      6.371397603622
    1     -1.089067677238     -4.991057698266      5.649285889567
    8      2.079662297890      1.530579475062      4.923995601447
    1      2.228147409068      0.702015727483      5.460496438055
    1      1.729280858272      2.235341158727      5.563407943633
    8      6.183561231394     -1.022689811408      6.048338527315
    1      5.989001121394     -0.152561584565      6.489009541932
    1      5.720019889529     -1.717132928612      6.541342635747
    8     -5.576003221964      1.539041803969      6.650001136374
    1     -5.685293439865      1.462663986255      5.603767320013
    1      4.856234189394      1.680748338112      7.048883196286
    1      0.583977234571      3.952243632884      5.508749580594
    8      6.558077673443     -6.361809178890      6.348202469048
    1      7.077203250530     -5.773015520482      6.917372183959
    1     -4.030999664809      3.861941647160      8.127721602155
    8     -4.116841973751      3.745296331199      7.166750371516
    1     -4.569530514985      2.866528526351      7.021471685900
    1     -1.792755809440     -0.572148151155      6.416192828679
    8     -2.230345962375     -1.277309466899      5.888576161450
    1     -3.196960283398     -1.276286912190      6.063689628458
    1     -1.232425933123      4.709364249610      6.269570353050
    8     -2.031420093827      5.150485721306      5.938992876400
    1     -2.796023786113      4.592602119918      6.221060641682
    1      8.935084623203      8.264121488686      5.436979075442
    1      7.775536386223      8.467193938481      6.581492584567
    8      8.286559315533      8.921507618964      5.894378099704
    8      5.013501916514     10.694503804026      6.311634402943
    1      4.376040640614     10.961547150071      5.584202916588
    1      5.198843037147     11.472342677950      6.861451413085
    0    0
