   2   1   1 E -1.7585000747455E+04 DE-9.2E-08(  8)
  0.113066306757E+02  0.115091111546E-01  0.000000000000E+00
 -0.564335504640E+01  0.979116594612E+01  0.000000000000E+00
  0.000000000000E+00  0.000000000000E+00  0.500000000000E+03
    1
  0.100000000000E+01  0.000000000000E+00  0.000000000000E+00
  0.000000000000E+00  0.100000000000E+01  0.000000000000E+00
  0.000000000000E+00  0.000000000000E+00  0.100000000000E+01
  0.000000000000E+00  0.000000000000E+00  0.000000000000E+00
  111
    8     -1.972696431016      1.247221612699      4.116025701382
    8     -3.820653337201      4.285824282635      4.020148037662
    8      0.027995398898     -2.213135509593      4.340576512308
    8      0.087012316121      4.378138109836      4.149395693079
    8      3.881570485886     -2.211346311577      4.164299462358
    8     -5.672307135715      1.225303396254      4.171881816680
    8     -7.572705673291      4.268985334451      4.100244313365
    8     -3.863141301723     -2.309894301577      3.935841061342
  258      1.902851719010     -1.159844183828      3.214549314997
  258     -0.097050196317      2.218391286405      3.158151647679
  258      3.764083334970     -4.350330950954      3.318343270379
  258      5.662978448058     -1.109240525971      3.294730997197
  258      3.846349304390      2.252163552737      3.156379557774
  258      7.540751628648     -4.351548309751      3.166725751239
  258     -1.940842656526     -1.062308172710      3.331534461995
  258     -3.768740932722      2.201995990488      3.195354885509
  258      0.015495253667     -4.411929218268      3.238472565401
    8      0.060468952630      0.052721821030      2.567883815384
    8     -1.870156534899      3.332588639667      2.407290187714
    8      1.866457639795     -3.290574610894      2.483368932231
    8      3.722125755080      0.097619007685      2.555545408929
    8      1.898960243819      3.163356466351      2.429940908984
    8      5.586473212984     -3.307894499994      2.401663054371
    8     -3.839131026435      0.025244240834      2.480593198951
    8     -5.668742832460      3.272727194610      2.368987716973
    8     -1.800850808717     -3.306807536999      2.461735546350
    8      1.891084495121     -1.100673084692      0.856433024031
    8     -0.027229940739      2.173096925737      0.846209073070
    8      3.733011382868     -4.335897388814      0.840022241034
    8      5.611636278739     -1.075324563931      0.921704886284
    8      3.789822603500      2.181111539301      0.832930014784
    8      7.546627302619     -4.361563617197      0.890985212839
    8     -1.880181613455     -1.068468322086      0.902969959557
    8     -3.755161725912      2.177443766420      0.863092747354
    8      0.018140796781     -4.359007732186      0.844884942999
  258     -0.010489968122     -0.004361266831      0.049799805613
  258     -1.888220102517      3.278914031886      0.008703739825
  258      1.884234430857     -3.267064379328      0.029090297116
  258      3.766996550764      0.000905653512      0.035795174324
  258      1.887557933621      3.258161063371      0.014905125603
  258      5.629412163152     -3.256676553876      0.045373663984
  258     -3.771193964496     -0.009026153607      0.051163398411
  258     -5.643019899228      3.265881958474     -0.010931122401
  258     -1.874127587622     -3.256308905127      0.052487285304
    8     -1.891628298823      1.078151761120     -0.755223665445
    8     -3.767424948897      4.345482491759     -0.779540102800
    8     -0.013672412303     -2.168270495003     -0.747315304935
    8      1.880698836617      1.088872721579     -0.745950963707
    8      0.011274727716      4.360195964445     -0.750321192838
    8      3.773446910883     -2.159731022169     -0.761306866774
    8     -5.646732925030      1.069085917559     -0.755101994198
    8     -7.538759069861      4.354839160710     -0.756333102326
    8     -3.777079148498     -2.176058447434     -0.725056296049
    8      0.000000000000      0.000000000000     -2.343480358560
    8     -1.881118348796      3.263721982045     -2.343480358560
    8      1.881118348802     -3.263721982040     -2.343480358560
    8      3.768876891882      0.003836370381     -2.343480358560
    8      1.887758543077      3.267558352431     -2.343480358560
    8      5.649995240691     -3.259885611660     -2.343480358560
    8     -3.768876891882     -0.003836370391     -2.343480358560
    8     -5.649995240691      3.259885611660     -2.343480358560
    8     -1.887758543082     -3.267558352427     -2.343480358560
  258     -1.883331746894      1.086628537222     -3.124640478080
  258     -3.764450095688      4.350350519269     -3.124640478080
  258     -0.002213398093     -2.177093444823     -3.124640478080
  258      1.885545144985      1.090464907606     -3.124640478080
  258      0.004426796186      4.354186889650     -3.124640478080
  258      3.766663493791     -2.173257074440     -3.124640478080
  258     -5.652208638815      1.082792166825     -3.124640478080
  258     -7.533326987577      4.346514148890     -3.124640478080
  258     -3.771090289976     -2.180929815209     -3.124640478080
    8      1.883331746894     -1.086628537222     -3.905800597599
    8      0.002213398093      2.177093444823     -3.905800597599
    8      3.764450095688     -4.350350519269     -3.905800597599
    8      5.652208638815     -1.082792166825     -3.905800597599
    8      3.771090289980      2.180929815210     -3.905800597599
    8      7.533326987577     -4.346514148890     -3.905800597599
    8     -1.885545144985     -1.090464907606     -3.905800597599
    8     -3.766663493793      2.173257074440     -3.905800597599
    8     -0.004426796187     -4.354186889650     -3.905800597599
    8     -0.305131792695     -4.449339848967      5.876634069454
    1      5.474954129923      7.333671536035      5.256787685085
    1      0.341679569556     -5.009042944763      6.374975728301
    1     -1.096551124236     -4.992615658749      5.653997323730
    8      2.054052571796      1.530628424427      4.922599719134
    1      2.212360719440      0.701384859271      5.455983278970
    1      1.695549567384      2.227880500441      5.565143412856
    8      6.156596827366     -1.048109341494      6.043782145112
    1      5.971569370906     -0.178106874948      6.488812356133
    1      5.670740035372     -1.738104890500      6.521425887270
    8     -5.573158695956      1.514925629322      6.660665934088
    1     -5.685178115988      1.449915090743      5.614899968775
    1      4.859970282839      1.656606379562      7.062758184037
    1      0.555499470982      3.943649093877      5.500669011532
    8      6.501060228528     -6.372447881909      6.350362559096
    1      7.026335537816     -5.792842220009      6.923620444522
    1     -4.035004979257      3.852798604393      8.128834365574
    8     -4.125316360773      3.733953057788      7.168555342027
    1     -4.572510353962      2.852003268718      7.027184595515
    1     -1.822815672480     -0.595871099102      6.428079671182
    8     -2.252334406022     -1.296821497062      5.886848650717
    1     -3.218971134052     -1.311460877889      6.058329306397
    1     -1.234487817709      4.665853617062      6.281137096463
    8     -2.020755293352      5.123432934262      5.941214894032
    1     -2.797998678134      4.580124224353      6.215683375533
    1      8.930946140915      8.270863212280      5.435344331632
    1      7.769206619450      8.480986528079      6.576203942111
    8      8.289404665312      8.933798500133      5.894988743081
    8      4.979762485834     10.649417157293      6.356039287534
    1      4.377577994524     10.936262229305      5.607330707996
    1      5.165345014891     11.426279734819      6.907518246974
    0    0
