   2   1   1 E -1.7585000747577E+04 DE-7.7E-08(  9)
  0.113066488060E+02  0.113997410114E-01  0.000000000000E+00
 -0.564345886622E+01  0.979122464009E+01  0.000000000000E+00
  0.000000000000E+00  0.000000000000E+00  0.500000000000E+03
    1
  0.100000000000E+01  0.000000000000E+00  0.000000000000E+00
  0.000000000000E+00  0.100000000000E+01  0.000000000000E+00
  0.000000000000E+00  0.000000000000E+00  0.100000000000E+01
  0.000000000000E+00  0.000000000000E+00  0.000000000000E+00
  111
    8     -1.972376408781      1.247392113279      4.115966521277
    8     -3.820636653331      4.285813776984      4.020170789527
    8      0.028084904657     -2.213259756179      4.340691227326
    8      0.087487988296      4.378008599674      4.149036408228
    8      3.881604177124     -2.211412563296      4.164769524960
    8     -5.672318054220      1.225225550705      4.171908195313
    8     -7.572647776418      4.269073309438      4.100232413852
    8     -3.862938076642     -2.309802623157      3.935766353235
  258      1.903064921751     -1.160053806249      3.214519635166
  258     -0.096900736941      2.218508240222      3.157890192750
  258      3.764326158371     -4.350386952322      3.318531271479
  258      5.663061071777     -1.109358008177      3.294772696361
  258      3.846502477133      2.252071980408      3.156432080004
  258      7.541080761635     -4.351491745571      3.166674340718
  258     -1.940527902200     -1.062268259842      3.331739587265
  258     -3.768669426244      2.201999412708      3.195362853115
  258      0.015687644459     -4.412062168509      3.238486242825
    8      0.060857369335      0.052955214353      2.567990805336
    8     -1.870117156735      3.332521054436      2.407358718579
    8      1.866743293278     -3.290702266596      2.483342063713
    8      3.722303204726      0.097453934575      2.555545827259
    8      1.899064684381      3.163008745113      2.429820528534
    8      5.586548748555     -3.307917244473      2.401720823676
    8     -3.839057713617      0.025422674882      2.480542418032
    8     -5.668579572080      3.272720472497      2.369023595564
    8     -1.800566295344     -3.306863036186      2.461750962806
    8      1.891118480842     -1.100798066705      0.856352393302
    8     -0.027276564340      2.173061350333      0.846168858410
    8      3.733224485923     -4.335978197539      0.839988315584
    8      5.611705944469     -1.075481200393      0.921597119195
    8      3.789940653554      2.181130848138      0.832855205953
    8      7.546809737596     -4.361673882312      0.890962767612
    8     -1.879996025249     -1.068407925082      0.903024188383
    8     -3.755108641475      2.177571217247      0.863046331787
    8      0.018270099565     -4.359099369038      0.844858433870
  258     -0.010459213985     -0.004415756492      0.049740108187
  258     -1.888262781013      3.279002143981      0.008654754390
  258      1.884414050979     -3.267108017509      0.029091945319
  258      3.767130967498      0.000858205708      0.035788138114
  258      1.887653536944      3.258113134588      0.014948612320
  258      5.629546638275     -3.256749130698      0.045346907354
  258     -3.771145347973     -0.009013998488      0.051112463993
  258     -5.643023861288      3.265962392996     -0.010950135631
  258     -1.873951614164     -3.256358264574      0.052487824448
    8     -1.891627075943      1.078118934448     -0.755330085764
    8     -3.767364098020      4.345542004641     -0.779606803645
    8     -0.013580575265     -2.168310299599     -0.747305719091
    8      1.880791144208      1.088853413441     -0.745964797644
    8      0.011291632166      4.360201051515     -0.750299200357
    8      3.773507486714     -2.159799398129     -0.761305078896
    8     -5.646667448063      1.069154787443     -0.755103847799
    8     -7.538745216765      4.354933191608     -0.756363086780
    8     -3.776867156492     -2.176019040113     -0.725015046659
    8      0.000000000000      0.000000000000     -2.343480358560
    8     -1.881152955403      3.263741546702     -2.343480358560
    8      1.881152955409     -3.263741546697     -2.343480358560
    8      3.768882935310      0.003799913667     -2.343480358560
    8      1.887729979898      3.267541460374     -2.343480358560
    8      5.650035890727     -3.259941633033     -2.343480358560
    8     -3.768882935310     -0.003799913677     -2.343480358560
    8     -5.650035890727      3.259941633033     -2.343480358560
    8     -1.887729979903     -3.267541460370     -2.343480358560
  258     -1.883345296906      1.086647211013     -3.124640478080
  258     -3.764498252307      4.350388757718     -3.124640478080
  258     -0.002192341497     -2.177094335690     -3.124640478080
  258      1.885537638402      1.090447124682     -3.124640478080
  258      0.004384682996      4.354188671384     -3.124640478080
  258      3.766690593815     -2.173294422021     -3.124640478080
  258     -5.652228232255      1.082847297330     -3.124640478080
  258     -7.533381187624      4.346588844053     -3.124640478080
  258     -3.771075276809     -2.180894249362     -3.124640478080
    8      1.883345296906     -1.086647211013     -3.905800597599
    8      0.002192341497      2.177094335690     -3.905800597599
    8      3.764498252307     -4.350388757718     -3.905800597599
    8      5.652228232255     -1.082847297330     -3.905800597599
    8      3.771075276813      2.180894249363     -3.905800597599
    8      7.533381187624     -4.346588844053     -3.905800597599
    8     -1.885537638402     -1.090447124682     -3.905800597599
    8     -3.766690593817      2.173294422021     -3.905800597599
    8     -0.004384682997     -4.354188671384     -3.905800597599
    8     -0.304757919120     -4.449807346500      5.876954530815
    1      5.475082365349      7.333592126575      5.256953245956
    1      0.342053988848     -5.009451011981      6.375325560679
    1     -1.096082245724     -4.993201016449      5.654219582859
    8      2.053519385713      1.531014786154      4.922616994437
    1      2.211582168180      0.701528115668      5.455655019531
    1      1.695133343344      2.228150427394      5.565151775875
    8      6.155527065250     -1.048749424832      6.043390582063
    1      5.971074684462     -0.178722989200      6.488546053438
    1      5.668607738935     -1.738495355444      6.520261122315
    8     -5.573051175966      1.514188108177      6.660743972474
    1     -5.685083531326      1.449418558699      5.614917751043
    1      4.860135011451      1.655964535997      7.062843804407
    1      0.555924100057      3.944053326131      5.500790453110
    8      6.500679334866     -6.371833227775      6.350753833868
    1      7.025547624219     -5.792189432100      6.924307313079
    1     -4.035540287570      3.852747989210      8.128220394141
    8     -4.125658491462      3.733508059080      7.167981769348
    1     -4.572744644739      2.851418417749      7.027015230477
    1     -1.823898019010     -0.596430116176      6.428101775702
    8     -2.253311751423     -1.297302270997      5.886768913329
    1     -3.219925195184     -1.312299130447      6.058141851941
    1     -1.234247719912      4.662866670018      6.280331958593
    8     -2.020139104434      5.121776202142      5.941279654541
    1     -2.797905692252      4.579052479713      6.215445342267
    1      8.930132645284      8.271234861492      5.434572127735
    1      7.765787695298      8.480191839956      6.573266410246
    8      8.287723257512      8.933738579378      5.893844778464
    8      4.978939661935     10.649305348757      6.356490875502
    1      4.377322164614     10.936255863859      5.607536498032
    1      5.163776448932     11.426118619632      6.908392571458
    0    0
