   2   1   1 E -1.7585000742749E+04 DE-1.8E-07(  9)
  0.113067073175E+02  0.115945835618E-01  0.000000000000E+00
 -0.564331913483E+01  0.979102134838E+01  0.000000000000E+00
  0.000000000000E+00  0.000000000000E+00  0.500000000000E+03
    1
  0.100000000000E+01  0.000000000000E+00  0.000000000000E+00
  0.000000000000E+00  0.100000000000E+01  0.000000000000E+00
  0.000000000000E+00  0.000000000000E+00  0.100000000000E+01
  0.000000000000E+00  0.000000000000E+00  0.000000000000E+00
  111
    8     -1.975695606988      1.245582365710      4.114857719072
    8     -3.821306738730      4.286653681330      4.020202800718
    8      0.026763694103     -2.212809684302      4.339873631303
    8      0.084962227823      4.380612655064      4.152266836872
    8      3.882101793019     -2.210739987940      4.162919111172
    8     -5.672058814239      1.225358954893      4.170242674382
    8     -7.571773873410      4.270147820906      4.100369581114
    8     -3.862876079571     -2.309128681404      3.936937315246
  258      1.902348097023     -1.158275868251      3.215525349407
  258     -0.096624984625      2.218714803223      3.158605350436
  258      3.763763234757     -4.349610653853      3.318104860899
  258      5.662897916672     -1.108682808995      3.294512488455
  258      3.846624219674      2.253096407572      3.155633859560
  258      7.540217733861     -4.350956484296      3.167919794441
  258     -1.941232675138     -1.061790344512      3.330428294712
  258     -3.768877599472      2.202499955725      3.194914750202
  258      0.015280097045     -4.410921158573      3.238211902563
    8      0.058827876259      0.050410771680      2.567016073157
    8     -1.870161541164      3.333591005153      2.407940961083
    8      1.866695968241     -3.289174830467      2.483711316036
    8      3.721095583971      0.098203135432      2.555452722080
    8      1.900012453945      3.165368157141      2.430431997744
    8      5.587242588495     -3.307209942694      2.401328980263
    8     -3.839423316173      0.024385235616      2.480015967743
    8     -5.668605883083      3.273647534018      2.368200946448
    8     -1.801796449418     -3.306068816939      2.461620921862
    8      1.891006362771     -1.100278865785      0.856725525509
    8     -0.026661797595      2.173084679684      0.846606876220
    8      3.733122427959     -4.335572842715      0.840337599400
    8      5.611288219518     -1.074702672129      0.921479446769
    8      3.790114128579      2.181353363072      0.832673945216
    8      7.546374423527     -4.361236019953      0.891031681783
    8     -1.881051275589     -1.068548212611      0.902242136177
    8     -3.754964157497      2.177442159403      0.863238055363
    8      0.018218362425     -4.358195672509      0.845361360734
  258     -0.010518630622     -0.004326326738      0.049936137855
  258     -1.887979928798      3.279038758101      0.008714269809
  258      1.884271143645     -3.266601428642      0.029340213452
  258      3.766764105856      0.001080362920      0.035933505786
  258      1.887795557783      3.258555882514      0.014997424375
  258      5.629519274442     -3.256500105062      0.045571852670
  258     -3.771396373352     -0.008920983586      0.050747983686
  258     -5.642873822273      3.266025943060     -0.011193948872
  258     -1.874490040595     -3.256128610603      0.052697421317
    8     -1.891542855380      1.078561453232     -0.755005893292
    8     -3.767169544492      4.345643883737     -0.779436348277
    8     -0.013648202849     -2.168229636391     -0.747220970728
    8      1.880779373915      1.089079264341     -0.745736420604
    8      0.011269872551      4.360043827404     -0.750337972647
    8      3.773251860117     -2.159563946418     -0.761245469423
    8     -5.646739016908      1.069429790962     -0.755362576365
    8     -7.538490178711      4.355039219515     -0.756419679587
    8     -3.777427961535     -2.176119518840     -0.725305293444
    8      0.000000000000      0.000000000000     -2.343480358560
    8     -1.881106378273      3.263673782798     -2.343480358560
    8      1.881106378279     -3.263673782793     -2.343480358560
    8      3.768902439149      0.003864861184     -2.343480358560
    8      1.887796060867      3.267538643987     -2.343480358560
    8      5.650008817436     -3.259808921611     -2.343480358560
    8     -3.768902439149     -0.003864861194     -2.343480358560
    8     -5.650008817436      3.259808921611     -2.343480358560
    8     -1.887796060872     -3.267538643983     -2.343480358560
  258     -1.883336272475      1.086602973872     -3.124640478080
  258     -3.764442650746      4.350276756673     -3.124640478080
  258     -0.002229894197     -2.177070808926     -3.124640478080
  258      1.885566166671      1.090467835059     -3.124640478080
  258      0.004459788395      4.354141617856     -3.124640478080
  258      3.766672544954     -2.173205947740     -3.124640478080
  258     -5.652238711664      1.082738112672     -3.124640478080
  258     -7.533345089903      4.346411895492     -3.124640478080
  258     -3.771132333347     -2.180935670115     -3.124640478080
    8      1.883336272475     -1.086602973872     -3.905800597599
    8      0.002229894197      2.177070808926     -3.905800597599
    8      3.764442650746     -4.350276756673     -3.905800597599
    8      5.652238711664     -1.082738112672     -3.905800597599
    8      3.771132333351      2.180935670116     -3.905800597599
    8      7.533345089903     -4.346411895492     -3.905800597599
    8     -1.885566166671     -1.090467835059     -3.905800597599
    8     -3.766672544956      2.173205947740     -3.905800597599
    8     -0.004459788396     -4.354141617856     -3.905800597599
    8     -0.305262437616     -4.447511550876      5.876846331899
    1      5.474423928040      7.335129758508      5.256513298321
    1      0.342213946190     -5.007241992646      6.374294680780
    1     -1.096273120953     -4.991324992227      5.653731562111
    8      2.058341625485      1.529287325096      4.921532072091
    1      2.215652728143      0.700422186087      5.455533436987
    1      1.699653190736      2.228064644371      5.563008554877
    8      6.158377533536     -1.041769789421      6.044799130986
    1      5.972521987579     -0.171652222832      6.489147819603
    1      5.679707722698     -1.732787536532      6.528178786274
    8     -5.576031223831      1.521637182589      6.658191205852
    1     -5.686682698465      1.453784620736      5.612451129049
    1      4.856767423506      1.664207988796      7.059036242398
    1      0.557630974895      3.942803289992      5.501448585874
    8      6.509755910255     -6.374276206567      6.348184215019
    1      7.034779575571     -5.793937164139      6.920794368542
    1     -4.036030801021      3.856857884604      8.128041045798
    8     -4.124333459236      3.737443468173      7.167638864108
    1     -4.572827009367      2.856233081361      7.025654920154
    1     -1.819693720791     -0.594378845141      6.426135471174
    8     -2.250973069048     -1.295507795884      5.886716660713
    1     -3.217563231851     -1.306898987986      6.058648053481
    1     -1.235067016002      4.673064321966      6.278413131619
    8     -2.023549810196      5.129019480371      5.941694251683
    1     -2.798475453784      4.582470072915      6.216998351748
    1      8.931609127777      8.269240749397      5.436616496435
    1      7.768057419897      8.479022147352      6.575340824802
    8      8.289237208354      8.931961627132      5.894996436438
    8      4.986839745931     10.651515042107      6.347675384751
    1      4.378007206460     10.936593878714      5.602941515470
    1      5.172726952600     11.427921602966      6.899701240590
    0    0
