   2   1   1 E -1.7585000746367E+04 DE-1.7E-08( 15)
  0.113066435249E+02  0.116068353680E-01  0.000000000000E+00
 -0.564327673457E+01  0.979106882728E+01  0.000000000000E+00
  0.000000000000E+00  0.000000000000E+00  0.500000000000E+03
    1
  0.100000000000E+01  0.000000000000E+00  0.000000000000E+00
  0.000000000000E+00  0.100000000000E+01  0.000000000000E+00
  0.000000000000E+00  0.000000000000E+00  0.100000000000E+01
  0.000000000000E+00  0.000000000000E+00  0.000000000000E+00
  111
    8     -1.974390042425      1.246438241938      4.115620718454
    8     -3.820927557983      4.286056946795      4.020031326584
    8      0.027640709332     -2.213028818802      4.340187598523
    8      0.086176084943      4.378859372371      4.150629866259
    8      3.881565451944     -2.211026507767      4.163520739166
    8     -5.672323996607      1.225386137341      4.171321835964
    8     -7.572377610533      4.269236474565      4.100141558216
    8     -3.863177137221     -2.309752890992      3.936281659894
  258      1.902571656985     -1.159365146026      3.214610295000
  258     -0.097013154269      2.218246193408      3.159078291084
  258      3.763822805348     -4.350099417852      3.318115861282
  258      5.662941390611     -1.108983930092      3.294601461391
  258      3.846318527560      2.252473034634      3.155987209350
  258      7.540430076467     -4.351402827982      3.167026113003
  258     -1.941240617133     -1.062265802793      3.330998670569
  258     -3.768968700650      2.202122376472      3.195037617111
  258      0.015271185412     -4.411536864469      3.238327420746
    8      0.059896274494      0.052045025785      2.567920826289
    8     -1.870075744498      3.332893806665      2.407541672978
    8      1.866333033862     -3.290151920054      2.483418036926
    8      3.721730905414      0.097883910120      2.555310022210
    8      1.899105204539      3.164097791310      2.430263542354
    8      5.586659436594     -3.307746559370      2.401590800732
    8     -3.839411838181      0.024742705834      2.480211362026
    8     -5.668856203216      3.272958445949      2.368599983967
    8     -1.801350026212     -3.306554535066      2.461606110726
    8      1.890937258584     -1.100494683066      0.856564747859
    8     -0.027064808462      2.173036036756      0.846467482639
    8      3.732902741288     -4.335738537193      0.840144963608
    8      5.611435388554     -1.075168599101      0.921628789019
    8      3.789731648573      2.181185711530      0.832832392376
    8      7.546442823179     -4.361402544187      0.890965498062
    8     -1.880422667137     -1.068460662892      0.902794655571
    8     -3.755099522249      2.177356455713      0.863064153197
    8      0.018051895064     -4.358689378983      0.845004817251
  258     -0.010542390367     -0.004266864951      0.049887644119
  258     -1.888070962849      3.278825601447      0.008833758651
  258      1.884097027564     -3.266931385132      0.029068783740
  258      3.766818506616      0.000977583218      0.035795324191
  258      1.887484211560      3.258252258066      0.014977354302
  258      5.629332417884     -3.256564067661      0.045431626279
  258     -3.771271175386     -0.009040129380      0.051067173197
  258     -5.643002686657      3.265882480835     -0.011078119725
  258     -1.874320711731     -3.256203927645      0.052479902296
    8     -1.891580984681      1.078258813807     -0.755127126339
    8     -3.767402479516      4.345480529523     -0.779465253200
    8     -0.013752183849     -2.168224881475     -0.747348124402
    8      1.880640984931      1.088917310303     -0.745907418658
    8      0.011250862359      4.360103713025     -0.750329596689
    8      3.773302791200     -2.159641767484     -0.761324124920
    8     -5.646807621653      1.069105399698     -0.755122753292
    8     -7.538700992495      4.354821410413     -0.756363474122
    8     -3.777277957839     -2.176074946909     -0.725146596844
    8      0.000000000000      0.000000000000     -2.343480358560
    8     -1.881092244855      3.263689609100     -2.343480358560
    8      1.881092244861     -3.263689609095     -2.343480358560
    8      3.768881174931      0.003868945119     -2.343480358560
    8      1.887788930067      3.267558554224     -2.343480358560
    8      5.649973419798     -3.259820663978     -2.343480358560
    8     -3.768881174931     -0.003868945129     -2.343480358560
    8     -5.649973419798      3.259820663978     -2.343480358560
    8     -1.887788930072     -3.267558554220     -2.343480358560
  258     -1.883324473263      1.086606887994     -3.124640478080
  258     -3.764416718115      4.350296497097     -3.124640478080
  258     -0.002232228403     -2.177082721106     -3.124640478080
  258      1.885556701665      1.090475833116     -3.124640478080
  258      0.004464456807      4.354165442215     -3.124640478080
  258      3.766648946530     -2.173213775984     -3.124640478080
  258     -5.652205648232      1.082737942859     -3.124640478080
  258     -7.533297893053      4.346427551980     -3.124640478080
  258     -3.771113403335     -2.180951666230     -3.124640478080
    8      1.883324473263     -1.086606887994     -3.905800597599
    8      0.002232228403      2.177082721106     -3.905800597599
    8      3.764416718115     -4.350296497097     -3.905800597599
    8      5.652205648232     -1.082737942859     -3.905800597599
    8      3.771113403339      2.180951666231     -3.905800597599
    8      7.533297893053     -4.346427551980     -3.905800597599
    8     -1.885556701665     -1.090475833116     -3.905800597599
    8     -3.766648946532      2.173213775984     -3.905800597599
    8     -0.004464456808     -4.354165442215     -3.905800597599
    8     -0.305163427016     -4.448656742322      5.876438584740
    1      5.474865411887      7.333892095209      5.256493031578
    1      0.341853668754     -5.008342074408      6.374593688778
    1     -1.096615908688     -4.991926013197      5.653598024770
    8      2.056439019239      1.529947100086      4.922546772922
    1      2.213579802155      0.700703499378      5.456136191737
    1      1.698078346936      2.227746761176      5.564764273941
    8      6.157053283133     -1.044957310724      6.044616661073
    1      5.971467307102     -0.174834232095      6.489233063486
    1      5.673779153211     -1.735210912781      6.524541558327
    8     -5.574128704219      1.518256267738      6.659534710615
    1     -5.685749292422      1.451814873520      5.613861200590
    1      4.858885630132      1.660509211572      7.061172344285
    1      0.556653070611      3.943526389061      5.501125644500
    8      6.505026825083     -6.372664510764      6.349678593265
    1      7.030672136097     -5.792682422559      6.922170358629
    1     -4.032747563861      3.853080814192      8.128742496707
    8     -4.123528722846      3.735356909010      7.168345713124
    1     -4.571974624675      2.854197935653      7.026087007276
    1     -1.822235567344     -0.594287946802      6.426978706821
    8     -2.252621941467     -1.295422971549      5.886789265504
    1     -3.219253711600     -1.308402508182      6.058711090465
    1     -1.233384021704      4.669683658676      6.279222909569
    8     -2.020812703503      5.126013343980      5.940553379892
    1     -2.796881780643      4.581369849654      6.215822714409
    1      8.930635480496      8.270389653103      5.435507047071
    1      7.766936142854      8.478253894330      6.574471316396
    8      8.287548970151      8.932226292298      5.894298301648
    8      4.983375968456     10.650497531508      6.351612246909
    1      4.377464159857     10.936481078906      5.605503954683
    1      5.168940413226     11.426406272644      6.904279674151
    0    0
