   2   1   1 E -1.7585000460002E+04 DE-3.3E-08( 17)
  0.113075051534E+02  0.102902407501E-01  0.000000000000E+00
 -0.564484803716E+01  0.979210560715E+01  0.000000000000E+00
  0.000000000000E+00  0.000000000000E+00  0.500000000000E+03
    1
  0.100000000000E+01  0.000000000000E+00  0.000000000000E+00
  0.000000000000E+00  0.100000000000E+01  0.000000000000E+00
  0.000000000000E+00  0.000000000000E+00  0.100000000000E+01
  0.000000000000E+00  0.000000000000E+00  0.000000000000E+00
  111
    8     -2.004505025810      1.236337074841      4.106247743946
    8     -3.821264366709      4.289975348521      4.016189588495
    8      0.027243348474     -2.213728348870      4.332375945921
    8      0.087557198442      4.389801639840      4.165564699765
    8      3.891697304597     -2.205787764252      4.158996192939
    8     -5.670723161680      1.223008046100      4.163633923444
    8     -7.561813334536      4.274489880097      4.095871999565
    8     -3.854663626629     -2.305241554076      3.944603871168
  258      1.907059421349     -1.158125092830      3.212862206397
  258     -0.092080478252      2.219213384534      3.181426407691
  258      3.769221018322     -4.349081124348      3.315263587386
  258      5.669149096857     -1.107482698684      3.292109488040
  258      3.850639158742      2.254810694917      3.148085059034
  258      7.544526442984     -4.350533557839      3.168200009624
  258     -1.940187803957     -1.060656579655      3.324398251776
  258     -3.769322316666      2.205025627773      3.185355107813
  258      0.019255929535     -4.409504987043      3.234866378024
    8      0.062598053517      0.049106681587      2.581576301851
    8     -1.863776794069      3.338049839907      2.413586730242
    8      1.872508810456     -3.287900306035      2.483144684415
    8      3.722989332035      0.098231462808      2.548724665885
    8      1.901405250965      3.168663191727      2.435871918379
    8      5.594828333300     -3.308467608961      2.401810629981
    8     -3.841671348270      0.017567962887      2.466715629754
    8     -5.666294812371      3.276403678100      2.361100165337
    8     -1.801885367185     -3.302415650945      2.459080516823
    8      1.890149321685     -1.099442906050      0.858267134228
    8     -0.025093926284      2.171118795388      0.852136540055
    8      3.736150148308     -4.334538692286      0.841385576192
    8      5.609570409957     -1.079168347254      0.916998024861
    8      3.789209605026      2.182953333294      0.829112628297
    8      7.549579232767     -4.362271661797      0.889631371384
    8     -1.875357487732     -1.065397773017      0.904995230328
    8     -3.750816592091      2.179215304075      0.858928171721
    8      0.020203088276     -4.355353553422      0.845026783544
  258     -0.009542804084     -0.001339160668      0.051200590967
  258     -1.884120567156      3.278406294630      0.012603241919
  258      1.885895215463     -3.266162263581      0.026860099341
  258      3.767377553788      0.000880927715      0.034801790020
  258      1.885790481606      3.258265961053      0.019062448135
  258      5.631703190729     -3.257023675967      0.044710516627
  258     -3.770339771126     -0.008978406977      0.048645736838
  258     -5.642657117101      3.268722964796     -0.015158547643
  258     -1.872451146176     -3.255943563604      0.050985474119
    8     -1.889447911862      1.078707240915     -0.756252880010
    8     -3.766368286534      4.347421840503     -0.779063673240
    8     -0.012749208017     -2.167429914702     -0.748398527828
    8      1.880982454850      1.088957288340     -0.746468524249
    8      0.011265974720      4.359495881235     -0.749682480105
    8      3.772477725189     -2.160568503987     -0.762789923626
    8     -5.646720001890      1.070487938123     -0.753974309688
    8     -7.538378699660      4.357119921848     -0.756802643428
    8     -3.774718797819     -2.175022921934     -0.724824658300
    8      0.000000000000      0.000000000000     -2.343480358560
    8     -1.881616012384      3.264035202388     -2.343480358560
    8      1.881616012390     -3.264035202383     -2.343480358560
    8      3.769168384421      0.003430080246     -2.343480358560
    8      1.887552372028      3.267465282640     -2.343480358560
    8      5.650784396818     -3.260605122139     -2.343480358560
    8     -3.769168384421     -0.003430080256     -2.343480358560
    8     -5.650784396818      3.260605122139     -2.343480358560
    8     -1.887552372033     -3.267465282636     -2.343480358560
  258     -1.883594798936      1.086868374048     -3.124640478080
  258     -3.765210811318      4.350903576439     -3.124640478080
  258     -0.001978786547     -2.177166828340     -3.124640478080
  258      1.885573585482      1.090298454297     -3.124640478080
  258      0.003957573095      4.354333656685     -3.124640478080
  258      3.767189597876     -2.173736748092     -3.124640478080
  258     -5.652763183395      1.083438293786     -3.124640478080
  258     -7.534379195745      4.347473496195     -3.124640478080
  258     -3.771147170968     -2.180596908592     -3.124640478080
    8      1.883594798936     -1.086868374048     -3.905800597599
    8      0.001978786547      2.177166828340     -3.905800597599
    8      3.765210811318     -4.350903576439     -3.905800597599
    8      5.652763183395     -1.083438293786     -3.905800597599
    8      3.771147170972      2.180596908593     -3.905800597599
    8      7.534379195745     -4.347473496195     -3.905800597599
    8     -1.885573585482     -1.090298454297     -3.905800597599
    8     -3.767189597878      2.173736748092     -3.905800597599
    8     -0.003957573096     -4.354333656685     -3.905800597599
    8     -0.304717476927     -4.440284648490      5.876670823349
    1      5.480733260814      7.329055496620      5.249470622038
    1      0.349631658257     -4.997222242051      6.367219982247
    1     -1.088737103608     -4.991199632131      5.644898028916
    8      2.113518339451      1.532961655047      4.935862404133
    1      2.236758059528      0.696630378999      5.465764810271
    1      1.759638163768      2.238962188538      5.568380920664
    8      6.201581022790     -1.015459868699      6.055129387911
    1      5.999277367861     -0.144584658501      6.491628180022
    1      5.747489280799     -1.711810394570      6.554154616002
    8     -5.573099693690      1.544870892224      6.644247316149
    1     -5.683480998904      1.464295212771      5.597632348925
    1      4.859990169392      1.684076141199      7.044283354125
    1      0.601701529400      3.960634603909      5.515769755038
    8      6.590914052115     -6.346375458679      6.352130473759
    1      7.112028932319     -5.751793862696      6.913212976177
    1     -4.021878163087      3.858519418314      8.124761753037
    8     -4.108085173807      3.745270060366      7.163441010928
    1     -4.564813008398      2.868948768355      7.014757645858
    1     -1.774393837136     -0.559503342176      6.396310364910
    8     -2.225993078775     -1.261286848565      5.875959401219
    1     -3.191228859058     -1.249192305910      6.061938233985
    1     -1.225685704719      4.730861875042      6.266178870100
    8     -2.031152126530      5.157818953971      5.934215168436
    1     -2.789065730855      4.593228913800      6.222177709964
    1      8.938948632288      8.263445695056      5.437282698375
    1      7.777825280151      8.475012120711      6.578344689703
    8      8.293615833602      8.925244440719      5.892264046062
    8      5.044514734197     10.722875856163      6.271919590524
    1      4.374405531314     10.986233369043      5.568353408468
    1      5.245027094583     11.504485952423      6.813683930864
    0    0
