   2   1   1 E -1.7585000106869E+04 DE-3.4E-08( 10)
  0.113090284990E+02  0.109481084158E-01  0.000000000000E+00
 -0.564503799126E+01  0.979118827036E+01  0.000000000000E+00
  0.000000000000E+00  0.000000000000E+00  0.500000000000E+03
    1
  0.100000000000E+01  0.000000000000E+00  0.000000000000E+00
  0.000000000000E+00  0.100000000000E+01  0.000000000000E+00
  0.000000000000E+00  0.000000000000E+00  0.100000000000E+01
  0.000000000000E+00  0.000000000000E+00  0.000000000000E+00
  111
    8     -2.019168019883      1.233152042272      4.102388362521
    8     -3.825036626641      4.287696683381      4.016685780053
    8      0.026395263791     -2.216236355867      4.336589766029
    8      0.084255812268      4.389069967974      4.171708434415
    8      3.887190255875     -2.204567365092      4.159470660834
    8     -5.672409953799      1.219144513400      4.161360094641
    8     -7.563519786231      4.273960882349      4.096770037287
    8     -3.858300897220     -2.307110797075      3.946765114550
  258      1.906511764822     -1.160337754969      3.209598658775
  258     -0.095897360304      2.215921415341      3.193284419242
  258      3.768355236298     -4.349717578739      3.316019820736
  258      5.667734992592     -1.108592596298      3.291018565394
  258      3.850280890498      2.253496297906      3.148077263989
  258      7.543444691149     -4.350594948699      3.168193854331
  258     -1.941800338882     -1.063404867408      3.326772303582
  258     -3.775700763604      2.204751429079      3.182949159786
  258      0.015615306788     -4.409953932516      3.237428711046
    8      0.065668735614      0.051847029898      2.588442227125
    8     -1.862935005612      3.335648620965      2.415501066012
    8      1.870926737770     -3.289861941844      2.484335921970
    8      3.722894701691      0.097007230535      2.545099980391
    8      1.897604695455      3.169165873829      2.439059188865
    8      5.595347217679     -3.311225593939      2.403554443386
    8     -3.846554512064      0.014329631012      2.463429920187
    8     -5.668490276639      3.274754688632      2.359337736258
    8     -1.805136795921     -3.304183428923      2.461001804639
    8      1.886431458588     -1.101805901347      0.858370563130
    8     -0.025555922288      2.168813410658      0.855385455378
    8      3.736878784241     -4.334091744359      0.842394705463
    8      5.609037350935     -1.082361458880      0.915311523083
    8      3.786960759246      2.184054024942      0.827950252196
    8      7.549874278142     -4.361620402227      0.888643577137
    8     -1.873803220802     -1.065085358006      0.905840347219
    8     -3.751573799563      2.178432162855      0.858417144059
    8      0.018706998883     -4.355764924896      0.845986803423
  258     -0.010325515534     -0.000203478735      0.051714435368
  258     -1.882902757342      3.276700700341      0.015569308124
  258      1.885334616454     -3.268715635078      0.025526265282
  258      3.766954096977      0.000451513297      0.034177463877
  258      1.884474237869      3.256929732968      0.021080747612
  258      5.630713897861     -3.256600750776      0.045780902130
  258     -3.771669184242     -0.009867369075      0.047996023121
  258     -5.644157294500      3.268515513883     -0.016359892903
  258     -1.872317562813     -3.256384577040      0.050065817295
    8     -1.890166184037      1.078273268989     -0.756806326834
    8     -3.766492164129      4.346565803920     -0.778345681299
    8     -0.013404666913     -2.168401554310     -0.748580940268
    8      1.880839220533      1.088090793951     -0.746389831145
    8      0.010541500663      4.357737689090     -0.749358814716
    8      3.771432148340     -2.160348418232     -0.762339285343
    8     -5.648370258211      1.069418234698     -0.753307688870
    8     -7.538652272795      4.356020776478     -0.757263525292
    8     -3.774637397529     -2.174648280836     -0.725080214107
    8      0.000000000000      0.000000000000     -2.343480358560
    8     -1.881679330415      3.263729423458     -2.343480358560
    8      1.881679330421     -3.263729423453     -2.343480358560
    8      3.769676166308      0.003649369468     -2.343480358560
    8      1.887996835884      3.267378792931     -2.343480358560
    8      5.651355496737     -3.260080053987     -2.343480358560
    8     -3.769676166308     -0.003649369478     -2.343480358560
    8     -5.651355496737      3.260080053987     -2.343480358560
    8     -1.887996835889     -3.267378792927     -2.343480358560
  258     -1.883785165576      1.086693351331     -3.124640478080
  258     -3.765464495989      4.350422774791     -3.124640478080
  258     -0.002105835155     -2.177036072127     -3.124640478080
  258      1.885891000730      1.090342720802     -3.124640478080
  258      0.004211670311      4.354072144259     -3.124640478080
  258      3.767570331155     -2.173386702657     -3.124640478080
  258     -5.653461331923      1.083043981846     -3.124640478080
  258     -7.535140662304      4.346773405325     -3.124640478080
  258     -3.771782001464     -2.180685441601     -3.124640478080
    8      1.883785165576     -1.086693351331     -3.905800597599
    8      0.002105835155      2.177036072127     -3.905800597599
    8      3.765464495989     -4.350422774791     -3.905800597599
    8      5.653461331923     -1.083043981846     -3.905800597599
    8      3.771782001468      2.180685441602     -3.905800597599
    8      7.535140662304     -4.346773405325     -3.905800597599
    8     -1.885891000730     -1.090342720802     -3.905800597599
    8     -3.767570331157      2.173386702657     -3.905800597599
    8     -0.004211670312     -4.354072144259     -3.905800597599
    8     -0.311957005992     -4.441033131384      5.882920137436
    1      5.482275850623      7.326380663647      5.253408232036
    1      0.344170849704     -4.998741401801      6.370556996940
    1     -1.092786296475     -4.994513911315      5.646697684512
    8      2.134913025343      1.540727510397      4.931942588942
    1      2.283263738959      0.709026783647      5.465211883140
    1      1.788210504962      2.245133351225      5.571322300300
    8      6.215078460219     -1.012872953508      6.061552214134
    1      6.006279996164     -0.141165912693      6.494075166959
    1      5.764254642296     -1.710560725267      6.561873715266
    8     -5.573201210560      1.546824049191      6.640504199878
    1     -5.684706411470      1.463429572470      5.591958869670
    1      4.859271980614      1.683282932640      7.037988431795
    1      0.618255987895      3.969080740261      5.523106623968
    8      6.621822335536     -6.327255644477      6.356437409225
    1      7.158385310372     -5.726651829599      6.896358505493
    1     -4.027502286259      3.862531972221      8.119672988343
    8     -4.110702754934      3.749637636210      7.157919127631
    1     -4.566930761624      2.872818125425      7.007436731678
    1     -1.774211969593     -0.547791484831      6.400907016892
    8     -2.224184350146     -1.252819676676      5.893948441728
    1     -3.190310034006     -1.231484848732      6.078280099841
    1     -1.227661206962      4.747480927896      6.260935819790
    8     -2.041035656465      5.170179593914      5.937339046878
    1     -2.793962844197      4.599666286780      6.226669439795
    1      8.934909458390      8.263922184804      5.439212707753
    1      7.773516606225      8.471151243201      6.580294326546
    8      8.288518676687      8.922837509839      5.895005437502
    8      5.128081107337     10.754189311396      6.188089559013
    1      4.382398989974     10.976887792315      5.548768206229
    1      5.303893525050     11.532900702201      6.743145183081
    0    0
