   2   1   1 E -1.7585000359159E+04 DE-5.7E-08( 14)
  0.113076079120E+02  0.103871141436E-01  0.000000000000E+00
 -0.564481495772E+01  0.979156910844E+01  0.000000000000E+00
  0.000000000000E+00  0.000000000000E+00  0.500000000000E+03
    1
  0.100000000000E+01  0.000000000000E+00  0.000000000000E+00
  0.000000000000E+00  0.100000000000E+01  0.000000000000E+00
  0.000000000000E+00  0.000000000000E+00  0.100000000000E+01
  0.000000000000E+00  0.000000000000E+00  0.000000000000E+00
  111
    8     -2.009915266787      1.236473715214      4.104212286459
    8     -3.822015127437      4.289772837223      4.015897562449
    8      0.027809863094     -2.214089838021      4.332807475988
    8      0.086489841464      4.389645036757      4.167335499439
    8      3.891154175081     -2.205413674480      4.158494100462
    8     -5.670808513699      1.221713754575      4.163102342438
    8     -7.561503844667      4.274372283785      4.095634457874
    8     -3.854787349733     -2.305084421212      3.945866660391
  258      1.907433724939     -1.158786330230      3.211233926472
  258     -0.092675703044      2.218721763611      3.186475814633
  258      3.769348686913     -4.348826842231      3.314978193459
  258      5.669087267411     -1.107919903443      3.291600870571
  258      3.850203849140      2.254786640499      3.147507597201
  258      7.544347121919     -4.350568058762      3.167688259090
  258     -1.940140378724     -1.060932120363      3.324626761250
  258     -3.771064082859      2.205301267785      3.184008653163
  258      0.018494495315     -4.409118379495      3.235162819267
    8      0.064180061810      0.050756942552      2.584249236144
    8     -1.862793217089      3.337691205117      2.414291681907
    8      1.872310848722     -3.288249226744      2.483046274574
    8      3.723104554671      0.097845557718      2.547145885088
    8      1.900230925607      3.168967465078      2.436664175818
    8      5.595091011231     -3.309192624087      2.402145510693
    8     -3.843007034527      0.016338097676      2.465255042546
    8     -5.666733803567      3.276245186028      2.360073706701
    8     -1.802306360889     -3.302517354180      2.459298018731
    8      1.889093050586     -1.099958390150      0.858178427727
    8     -0.024999992704      2.170502638897      0.853343487988
    8      3.736480362524     -4.334065744271      0.841554214041
    8      5.609411225637     -1.080346739497      0.916375626245
    8      3.788281367985      2.183428113840      0.828456799595
    8      7.549773180740     -4.361819560415      0.888953737139
    8     -1.874277012163     -1.064941095376      0.905388426637
    8     -3.750656829703      2.179130253725      0.858498860515
    8      0.019913606417     -4.355005776751      0.845176835989
  258     -0.009672665045     -0.000733936218      0.051288462524
  258     -1.883399459153      3.277857915750      0.013634197488
  258      1.885767734064     -3.266759943253      0.026104941333
  258      3.767193211646      0.000855781909      0.034467453006
  258      1.885356743098      3.257899815881      0.019776988073
  258      5.631407974908     -3.256775152152      0.044925637004
  258     -3.770361111538     -0.009212139993      0.048459546286
  258     -5.642965538071      3.268809494084     -0.015777121014
  258     -1.872120363198     -3.255795331394      0.050498632507
    8     -1.889393497298      1.078646320515     -0.756490102986
    8     -3.766251430973      4.347187739094     -0.778937742015
    8     -0.012906803721     -2.167597534378     -0.748647116812
    8      1.880932604281      1.088674718457     -0.746543263647
    8      0.011097690518      4.358857175991     -0.749649808798
    8      3.772025870823     -2.160362688001     -0.762805123284
    8     -5.647091924633      1.070169671099     -0.753643201058
    8     -7.538173692183      4.356880617824     -0.757080220565
    8     -3.774363085756     -2.174752113652     -0.724893667068
    8      0.000000000000      0.000000000000     -2.343480358560
    8     -1.881604985904      3.263856369484     -2.343480358560
    8      1.881604985910     -3.263856369479     -2.343480358560
    8      3.769202637297      0.003462371378     -2.343480358560
    8      1.887597651384      3.267318740867     -2.343480358560
    8      5.650807623214     -3.260393998104     -2.343480358560
    8     -3.769202637297     -0.003462371388     -2.343480358560
    8     -5.650807623214      3.260393998104     -2.343480358560
    8     -1.887597651389     -3.267318740863     -2.343480358560
  258     -1.883602541068      1.086797999370     -3.124640478080
  258     -3.765207526970      4.350654368857     -3.124640478080
  258     -0.001997555159     -2.177058370115     -3.124640478080
  258      1.885600096226      1.090260370750     -3.124640478080
  258      0.003995110320      4.354116740233     -3.124640478080
  258      3.767205082140     -2.173595998735     -3.124640478080
  258     -5.652805178404      1.083335627976     -3.124640478080
  258     -7.534410164274      4.347191997481     -3.124640478080
  258     -3.771200192457     -2.180520741497     -3.124640478080
    8      1.883602541068     -1.086797999370     -3.905800597599
    8      0.001997555159      2.177058370115     -3.905800597599
    8      3.765207526970     -4.350654368857     -3.905800597599
    8      5.652805178404     -1.083335627976     -3.905800597599
    8      3.771200192461      2.180520741498     -3.905800597599
    8      7.534410164274     -4.347191997481     -3.905800597599
    8     -1.885600096226     -1.090260370750     -3.905800597599
    8     -3.767205082142      2.173595998735     -3.905800597599
    8     -0.003995110321     -4.354116740233     -3.905800597599
    8     -0.309115217457     -4.442272697834      5.884510637320
    1      5.482233060702      7.327803607852      5.249991027898
    1      0.345707534612     -4.997490206067      6.376700070238
    1     -1.091353773551     -4.994364351737      5.647588922683
    8      2.121919076072      1.535048881566      4.930435913329
    1      2.247413615618      0.697827872629      5.458849428000
    1      1.769162971100      2.238820911040      5.563260302213
    8      6.207750990913     -1.010996478461      6.059999652027
    1      6.002566661162     -0.140218281537      6.494138732932
    1      5.749162366536     -1.706241012898      6.556358361098
    8     -5.572799587132      1.547579686637      6.642447714978
    1     -5.683345314556      1.464986839039      5.595573147774
    1      4.859986102007      1.685098914295      7.041566600494
    1      0.608206330008      3.962639006795      5.517445065215
    8      6.602940922062     -6.343163618258      6.351364244748
    1      7.129450682475     -5.749562327039      6.908741597141
    1     -4.028326048257      3.862142964521      8.122783782614
    8     -4.110897037500      3.748967571382      7.161256512930
    1     -4.566488971997      2.872610876788      7.011692296447
    1     -1.770672511499     -0.552431570629      6.407214791886
    8     -2.223777975970     -1.265745376820      5.902937864184
    1     -3.191238916242     -1.245847889061      6.081834383463
    1     -1.228214929460      4.735161496552      6.272483534011
    8     -2.031337521972      5.162201551671      5.940965756143
    1     -2.788646673091      4.595959990879      6.227556594202
    1      8.939282035254      8.261166130872      5.438257707477
    1      7.780794073643      8.467099588438      6.582825732367
    8      8.291666519367      8.919211512589      5.894093186109
    8      5.079206311578     10.750519897502      6.236303714676
    1      4.379944713276     10.991859654141      5.558046152186
    1      5.244099542283     11.519802070678      6.806053749358
    0    0
