   2   1   1 E -1.7585000068775E+04 DE-3.7E-08( 18)
  0.113090807855E+02  0.109621937963E-01  0.000000000000E+00
 -0.564505188630E+01  0.979117848411E+01  0.000000000000E+00
  0.000000000000E+00  0.000000000000E+00  0.500000000000E+03
    1
  0.100000000000E+01  0.000000000000E+00  0.000000000000E+00
  0.000000000000E+00  0.100000000000E+01  0.000000000000E+00
  0.000000000000E+00  0.000000000000E+00  0.100000000000E+01
  0.000000000000E+00  0.000000000000E+00  0.000000000000E+00
  111
    8     -2.019168470035      1.233271757256      4.102188630991
    8     -3.825132444585      4.287611168290      4.016601581599
    8      0.026404087308     -2.216269955830      4.336668677992
    8      0.084224541090      4.388978159785      4.171793687083
    8      3.887024209973     -2.204514683529      4.159512274033
    8     -5.672435490216      1.219075049516      4.161277121861
    8     -7.563632512830      4.273931133625      4.096800478135
    8     -3.858383572446     -2.307202519226      3.946772164988
  258      1.906492583291     -1.160372312139      3.209473100067
  258     -0.096022425645      2.215856073317      3.193267456530
  258      3.768322217831     -4.349759134223      3.315996423852
  258      5.667723862525     -1.108599542423      3.290978894792
  258      3.850302792024      2.253437650703      3.148049406392
  258      7.543434364348     -4.350603511963      3.168183779713
  258     -1.941735033153     -1.063453569359      3.326807909223
  258     -3.775808226013      2.204770781919      3.182852581648
  258      0.015549135566     -4.409975350832      3.237486784701
    8      0.065769854199      0.051887011028      2.588444769419
    8     -1.862951245209      3.335608732399      2.415413282290
    8      1.870901066207     -3.289912726054      2.484339100517
    8      3.722917431076      0.096991308535      2.544981206297
    8      1.897521147039      3.169186445384      2.439054192240
    8      5.595391791808     -3.311294048340      2.403571666065
    8     -3.846604015224      0.014290384635      2.463337847053
    8     -5.668548125588      3.274699601644      2.359300291473
    8     -1.805222765070     -3.304239057345      2.461068463892
    8      1.886356165016     -1.101873611620      0.858332447926
    8     -0.025577653352      2.168770470445      0.855362048564
    8      3.736910573796     -4.334082605010      0.842382562881
    8      5.609048793908     -1.082426075267      0.915247776398
    8      3.786929211352      2.184075952578      0.827905887444
    8      7.549896395586     -4.361610427779      0.888611180571
    8     -1.873756543977     -1.065088294474      0.905813105941
    8     -3.751599955470      2.178418535629      0.858375672274
    8      0.018678456983     -4.355794054865      0.845988501850
  258     -0.010331026718     -0.000181633607      0.051683577425
  258     -1.882886450834      3.276672701720      0.015587118322
  258      1.885335157204     -3.268785610650      0.025479951173
  258      3.766961948042      0.000436444065      0.034140135611
  258      1.884446854557      3.256899477043      0.021086057964
  258      5.630704618373     -3.256588120276      0.045787468632
  258     -3.771698181280     -0.009880649660      0.047951109741
  258     -5.644192323851      3.268509955554     -0.016401419473
  258     -1.872307537261     -3.256402330536      0.050031217760
    8     -1.890188922070      1.078263900583     -0.756854223193
    8     -3.766498934288      4.346549475022     -0.778345825426
    8     -0.013408456102     -2.168429290942     -0.748598567100
    8      1.880847082299      1.088073204414     -0.746416321736
    8      0.010524823550      4.357706439949     -0.749382136115
    8      3.771426841476     -2.160345819144     -0.762341983440
    8     -5.648405560748      1.069398568535     -0.753315293151
    8     -7.538666117534      4.355994086007     -0.757284310550
    8     -3.774633393627     -2.174636083626     -0.725105993176
    8      0.000000000000      0.000000000000     -2.343480358560
    8     -1.881683962096      3.263726161376     -2.343480358560
    8      1.881683962102     -3.263726161371     -2.343480358560
    8      3.769693595136      0.003654064595     -2.343480358560
    8      1.888009633031      3.267380225976     -2.343480358560
    8      5.651377557246     -3.260072096778     -2.343480358560
    8     -3.769693595136     -0.003654064605     -2.343480358560
    8     -5.651377557246      3.260072096778     -2.343480358560
    8     -1.888009633036     -3.267380225972     -2.343480358560
  258     -1.883792519079      1.086690698928     -3.124640478080
  258     -3.765476481173      4.350416860306     -3.124640478080
  258     -0.002108556977     -2.177035462448     -3.124640478080
  258      1.885901076055      1.090344763526     -3.124640478080
  258      0.004217113955      4.354070924900     -3.124640478080
  258      3.767585038161     -2.173381397851     -3.124640478080
  258     -5.653486114254      1.083036634316     -3.124640478080
  258     -7.535170076316      4.346762795713     -3.124640478080
  258     -3.771802152114     -2.180689527048     -3.124640478080
    8      1.883792519079     -1.086690698928     -3.905800597599
    8      0.002108556977      2.177035462448     -3.905800597599
    8      3.765476481173     -4.350416860306     -3.905800597599
    8      5.653486114254     -1.083036634316     -3.905800597599
    8      3.771802152118      2.180689527049     -3.905800597599
    8      7.535170076316     -4.346762795713     -3.905800597599
    8     -1.885901076055     -1.090344763526     -3.905800597599
    8     -3.767585038163      2.173381397851     -3.905800597599
    8     -0.004217113956     -4.354070924900     -3.905800597599
    8     -0.313152133543     -4.440520845929      5.883557433504
    1      5.482326659909      7.326444400648      5.253487521856
    1      0.343626850627     -4.998034861185      6.370527642446
    1     -1.093299054076     -4.994716338588      5.646970874161
    8      2.134542726205      1.539117399869      4.934225253624
    1      2.288613595229      0.709495569349      5.469650101225
    1      1.788424867570      2.244347097333      5.573270906283
    8      6.214630705276     -1.013130913084      6.062959516112
    1      6.006324677184     -0.140965089667      6.494932043664
    1      5.764505227904     -1.710435266162      6.564466574349
    8     -5.573034641990      1.547276402191      6.640387324827
    1     -5.684683024899      1.463507337087      5.591804832760
    1      4.859464975975      1.683944263470      7.037845104699
    1      0.618503509837      3.968951487628      5.523299696875
    8      6.622283930929     -6.326674500584      6.356914078457
    1      7.159342705266     -5.725570317902      6.895799139596
    1     -4.028342791360      3.864273472012      8.118592122284
    8     -4.110532423827      3.750530683631      7.156846371558
    1     -4.566715327546      2.873573520461      7.006594364244
    1     -1.773556710202     -0.554691004550      6.404969853638
    8     -2.225263733512     -1.253548234271      5.892131513842
    1     -3.191079667721     -1.231743493108      6.077687549201
    1     -1.226774316721      4.749478223919      6.262570759603
    8     -2.040311902505      5.171102831078      5.937305919257
    1     -2.793348644078      4.600513519915      6.226254694089
    1      8.934592973069      8.264142520320      5.439231920906
    1      7.773328787158      8.471452223502      6.580457010121
    8      8.288162040798      8.923064363742      5.895013711983
    8      5.134072970682     10.759201704986      6.184084327435
    1      4.384564040870     10.977951672041      5.547476361661
    1      5.304792996440     11.537195155044      6.741518353500
    0    0
