   2   1   1 E -1.7585000746414E+04 DE-1.6E-09( 15)
  0.113066128519E+02  0.115813729413E-01  0.000000000000E+00
 -0.564328351230E+01  0.979110545183E+01  0.000000000000E+00
  0.000000000000E+00  0.000000000000E+00  0.500000000000E+03
    1
  0.100000000000E+01  0.000000000000E+00  0.000000000000E+00
  0.000000000000E+00  0.100000000000E+01  0.000000000000E+00
  0.000000000000E+00  0.000000000000E+00  0.100000000000E+01
  0.000000000000E+00  0.000000000000E+00  0.000000000000E+00
  111
    8     -1.973024330820      1.247054503728      4.116067351016
    8     -3.820744715155      4.285848736016      4.020166205470
    8      0.027857310818     -2.213078841771      4.340531322860
    8      0.086578569068      4.378277294737      4.149728380068
    8      3.881431261497     -2.211273411314      4.163978685948
    8     -5.672324597170      1.225299745138      4.171786973794
    8     -7.572728940500      4.268945592320      4.100274039729
    8     -3.863334207480     -2.309929496162      3.935909876139
  258      1.902654952102     -1.159678641136      3.214584034638
  258     -0.097136415376      2.218298125750      3.158385628932
  258      3.763865193545     -4.350255868310      3.318272948080
  258      5.662872557022     -1.109163649098      3.294707242549
  258      3.846238046361      2.252229874058      3.156343773477
  258      7.540503562792     -4.351526167841      3.166827189591
  258     -1.941090402593     -1.062338243696      3.331409295277
  258     -3.768836854392      2.201978853494      3.195368499201
  258      0.015320937886     -4.411804396134      3.238480829212
    8      0.060180749037      0.052514311255      2.567806915932
    8     -1.870204258090      3.332644044319      2.407325872807
    8      1.866265559969     -3.290451352749      2.483402253811
    8      3.721939604080      0.097733210040      2.555531208085
    8      1.898928671053      3.163601675364      2.430058405929
    8      5.586400425269     -3.307847080246      2.401641882901
    8     -3.839228402436      0.025093370536      2.480627316005
    8     -5.668862038978      3.272736458714      2.368949380377
    8     -1.801087049066     -3.306765873515      2.461732523846
    8      1.891023622194     -1.100596615137      0.856489455915
    8     -0.027200725049      2.173099950568      0.846269886964
    8      3.732873762877     -4.335843425699      0.840070621271
    8      5.611562774270     -1.075214080414      0.921763772600
    8      3.789747550269      2.181100160153      0.832974782114
    8      7.546476306536     -4.361481332973      0.891011066740
    8     -1.880342273053     -1.068506556158      0.902911494048
    8     -3.755194948321      2.177355404613      0.863143530235
    8      0.018046632300     -4.358923535723      0.844939529337
  258     -0.010531102593     -0.004345960948      0.049845308420
  258     -1.888203883007      3.278855337194      0.008740446419
  258      1.884113802322     -3.267022353418      0.029106423471
  258      3.766889798818      0.000936540684      0.035812582713
  258      1.887510118404      3.258189861974      0.014893723257
  258      5.629315988030     -3.256619003769      0.045411602319
  258     -3.771233289294     -0.009044091299      0.051191767513
  258     -5.643021046213      3.265822920981     -0.010922368350
  258     -1.874254996291     -3.256262028325      0.052506459791
    8     -1.891631981870      1.078180954633     -0.755143420726
    8     -3.767450537210      4.345439418293     -0.779495058341
    8     -0.013740007091     -2.168252505305     -0.747314946265
    8      1.880644538681      1.088885302843     -0.745920379589
    8      0.011259215500      4.360165541132     -0.750325226816
    8      3.773386216624     -2.159677399266     -0.761297081953
    8     -5.646777156508      1.069048408784     -0.755101819628
    8     -7.538751967292      4.354777768416     -0.756321450762
    8     -3.777219797124     -2.176083703822     -0.725086167766
    8      0.000000000000      0.000000000000     -2.343480358560
    8     -1.881094504098      3.263701817280     -2.343480358560
    8      1.881094504104     -3.263701817275     -2.343480358560
    8      3.768870950605      0.003860457643     -2.343480358560
    8      1.887776446498      3.267562274929     -2.343480358560
    8      5.649965454716     -3.259841359634     -2.343480358560
    8     -3.768870950605     -0.003860457653     -2.343480358560
    8     -5.649965454716      3.259841359634     -2.343480358560
    8     -1.887776446503     -3.267562274925     -2.343480358560
  258     -1.883321818235      1.086613786546     -3.124640478080
  258     -3.764416322331      4.350315603829     -3.124640478080
  258     -0.002227314132     -2.177088030734     -3.124640478080
  258      1.885549132367      1.090474244193     -3.124640478080
  258      0.004454628266      4.354176061472     -3.124640478080
  258      3.766643636474     -2.173227573088     -3.124640478080
  258     -5.652192768879      1.082753328887     -3.124640478080
  258     -7.533287272943      4.346455146188     -3.124640478080
  258     -3.771098264738     -2.180948488382     -3.124640478080
    8      1.883321818235     -1.086613786546     -3.905800597599
    8      0.002227314132      2.177088030734     -3.905800597599
    8      3.764416322331     -4.350315603829     -3.905800597599
    8      5.652192768879     -1.082753328887     -3.905800597599
    8      3.771098264742      2.180948488383     -3.905800597599
    8      7.533287272943     -4.346455146188     -3.905800597599
    8     -1.885549132367     -1.090474244193     -3.905800597599
    8     -3.766643636476      2.173227573088     -3.905800597599
    8     -0.004454628267     -4.354176061472     -3.905800597599
    8     -0.304993303405     -4.449428527423      5.876410193851
    1      5.474834299618      7.333742488210      5.256747289201
    1      0.341885623148     -5.009526207249      6.374260349516
    1     -1.096723776694     -4.992326079669      5.653874300345
    8      2.054396241346      1.530506384283      4.922526482252
    1      2.212522199783      0.701305351117      5.455998297997
    1      1.695767740826      2.227805341029      5.565100665512
    8      6.157284780229     -1.047738926349      6.042637152434
    1      5.971914210066     -0.177975179180      6.488081904403
    1      5.671764959516     -1.738112044382      6.520213394933
    8     -5.573165681138      1.515092583212      6.660450572308
    1     -5.685222898691      1.450111803895      5.614742374558
    1      4.859967015233      1.656666213047      7.062653982372
    1      0.555170250383      3.943441033242      5.500735506621
    8      6.501311095890     -6.372810300541      6.350160937906
    1      7.026781481334     -5.793211191150      6.923253768869
    1     -4.034608330923      3.852780428558      8.128841251736
    8     -4.124773318538      3.733744138755      7.168562957947
    1     -4.572097520659      2.851867646242      7.027193340986
    1     -1.822342896350     -0.596020275257      6.428181570245
    8     -2.251611474934     -1.297225237426      5.887006498901
    1     -3.218384125545     -1.311471300653      6.057961585605
    1     -1.233786137211      4.665241588033      6.280201387165
    8     -2.020246337690      5.122916028969      5.940795879499
    1     -2.797343986333      4.579509115991      6.215543287769
    1      8.930880257691      8.270853526436      5.435453130174
    1      7.769292556630      8.480947192471      6.576262800714
    8      8.289183625766      8.933759299320      5.894805592148
    8      4.980522936998     10.649614077871      6.355445102848
    1      4.377592346283     10.936059997007      5.607188648800
    1      5.166267842383     11.426496843816      6.906733100039
    0    0
