   2   1   1 E -1.7585000685853E+04 DE-1.3E-08( 16)
  0.113069160970E+02  0.107447025723E-01  0.000000000000E+00
 -0.564416031748E+01  0.979201732009E+01  0.000000000000E+00
  0.000000000000E+00  0.000000000000E+00  0.500000000000E+03
    1
  0.100000000000E+01  0.000000000000E+00  0.000000000000E+00
  0.000000000000E+00  0.100000000000E+01  0.000000000000E+00
  0.000000000000E+00  0.000000000000E+00  0.100000000000E+01
  0.000000000000E+00  0.000000000000E+00  0.000000000000E+00
  111
    8     -1.986037092807      1.239247972819      4.110867838174
    8     -3.820152737079      4.288374386638      4.018684866825
    8      0.025485889556     -2.212772404709      4.335849136596
    8      0.088155634424      4.386939117034      4.158757576826
    8      3.887854524909     -2.208141167671      4.161294838406
    8     -5.670644066666      1.225330556786      4.166446275834
    8     -7.565962486530      4.272993907562      4.099215304642
    8     -3.858592957223     -2.306511949395      3.940852129354
  258      1.904323866072     -1.157026695569      3.216214652495
  258     -0.093115444477      2.219240065749      3.163702746777
  258      3.767096542899     -4.349172712636      3.317322141633
  258      5.665722447286     -1.107381134005      3.293783913909
  258      3.849866415336      2.254340523973      3.152101612846
  258      7.542749803513     -4.350114758416      3.169941214219
  258     -1.939979861401     -1.060456440315      3.326900445148
  258     -3.766787001474      2.203791442044      3.191017290332
  258      0.018572045345     -4.410358960039      3.236617327620
    8      0.058846666091      0.046056405396      2.570792820989
    8     -1.868076225506      3.336678394812      2.410398266514
    8      1.870808532445     -3.287576179106      2.484271685202
    8      3.721446023040      0.098521162174      2.553348669951
    8      1.902633664495      3.167490833288      2.432460006476
    8      5.591754944500     -3.306853267134      2.401125745417
    8     -3.839152044264      0.022153323712      2.473656263644
    8     -5.665974725737      3.275587594652      2.365558810955
    8     -1.801751432529     -3.303878326216      2.460661917478
    8      1.891436265282     -1.099572120840      0.857512217034
    8     -0.025568378836      2.172401571234      0.848014767656
    8      3.734953093174     -4.335285965987      0.841007716233
    8      5.610064601078     -1.075713746562      0.919208144126
    8      3.790967108435      2.182111119239      0.831060509867
    8      7.547920569694     -4.362298472446      0.891024856420
    8     -1.879327714567     -1.067348564085      0.902735015694
    8     -3.752642186868      2.178694473350      0.861513399372
    8      0.019973314640     -4.356925031701      0.845346326883
  258     -0.009702504182     -0.003552131765      0.050350554723
  258     -1.886589664107      3.279488556240      0.009500060247
  258      1.885635032013     -3.265620523054      0.029127327439
  258      3.767346387033      0.000838199371      0.035664850452
  258      1.887424217269      3.258880803022      0.016460214033
  258      5.631128071427     -3.256904211281      0.044958822080
  258     -3.771013252750     -0.008568309141      0.049121793341
  258     -5.642083898100      3.267679868166     -0.012838340743
  258     -1.873476455575     -3.256422404805      0.052551799181
    8     -1.890542561481      1.078797352051     -0.755790748547
    8     -3.766458271397      4.346961062604     -0.779238254754
    8     -0.012633009823     -2.167727793943     -0.747379947336
    8      1.881160506170      1.089370651543     -0.746199796773
    8      0.011432418597      4.360334989557     -0.750064746333
    8      3.773201619700     -2.160424420302     -0.761909726764
    8     -5.645936677882      1.070762296094     -0.755281016867
    8     -7.538168150866      4.356492113490     -0.756257620812
    8     -3.776037885246     -2.175703262770     -0.725104290762
    8      0.000000000000      0.000000000000     -2.343480358560
    8     -1.881386772489      3.264005773368     -2.343480358560
    8      1.881386772495     -3.264005773363     -2.343480358560
    8      3.768972032319      0.003581567520     -2.343480358560
    8      1.887585259821      3.267587340893     -2.343480358560
    8      5.650358804821     -3.260424205844     -2.343480358560
    8     -3.768972032319     -0.003581567530     -2.343480358560
    8     -5.650358804821      3.260424205844     -2.343480358560
    8     -1.887585259826     -3.267587340889     -2.343480358560
  258     -1.883452934937      1.086808068616     -3.124640478080
  258     -3.764839707424      4.350813841987     -3.124640478080
  258     -0.002066162443     -2.177197704751     -3.124640478080
  258      1.885519097379      1.090389636140     -3.124640478080
  258      0.004132324887      4.354395409507     -3.124640478080
  258      3.766905869878     -2.173616137229     -3.124640478080
  258     -5.652424967296      1.083226501080     -3.124640478080
  258     -7.533811739751      4.347232274469     -3.124640478080
  258     -3.771038194763     -2.180779272277     -3.124640478080
    8      1.883452934937     -1.086808068616     -3.905800597599
    8      0.002066162443      2.177197704751     -3.905800597599
    8      3.764839707424     -4.350813841987     -3.905800597599
    8      5.652424967296     -1.083226501080     -3.905800597599
    8      3.771038194767      2.180779272278     -3.905800597599
    8      7.533811739751     -4.347232274469     -3.905800597599
    8     -1.885519097379     -1.090389636140     -3.905800597599
    8     -3.766905869880      2.173616137229     -3.905800597599
    8     -0.004132324888     -4.354395409507     -3.905800597599
    8     -0.306664712163     -4.441397220747      5.880523737083
    1      5.475640808764      7.334659547186      5.253121363402
    1      0.346879489321     -4.997807353983      6.373264070916
    1     -1.091814258464     -4.991546901749      5.652033026993
    8      2.079778417279      1.529574985006      4.923050065662
    1      2.231256568027      0.702077969172      5.460675229975
    1      1.726710409996      2.233630105984      5.562467875002
    8      6.180543268053     -1.024949324204      6.047429205881
    1      5.987211927676     -0.154937381820      6.488680734046
    1      5.716269703527     -1.719319862049      6.539816301816
    8     -5.575163881238      1.537144227379      6.651165179785
    1     -5.684960654817      1.461817944635      5.605100981537
    1      4.857267692189      1.679853572729      7.050384182571
    1      0.580596551847      3.949264902195      5.506705311002
    8      6.551683745096     -6.366088005832      6.346829965251
    1      7.070235571478     -5.778415085714      6.917722737660
    1     -4.029202824458      3.861148856925      8.127042868701
    8     -4.114755547607      3.743530633967      7.166156962547
    1     -4.567846147639      2.864889296613      7.021579491165
    1     -1.796703751947     -0.568224330599      6.415681961957
    8     -2.230939626863     -1.276165532283      5.888604879191
    1     -3.197559900046     -1.279345162210      6.062648679999
    1     -1.228360257762      4.702618893031      6.275884497610
    8     -2.024689928820      5.144052653177      5.939082279085
    1     -2.791742748944      4.588722765619      6.219669722124
    1      8.934006654981      8.265704204082      5.436219424853
    1      7.773091006577      8.472780337684      6.578320007207
    8      8.287574525213      8.925560091888      5.892864116571
    8      5.009279545392     10.686880098658      6.318898183444
    1      4.377791909497     10.956004251174      5.587102679415
    1      5.193214895895     11.464927442601      6.868629934674
    0    0
