   2   1   1 E -1.7585000294363E+04 DE-8.5E-08( 13)
  0.113081630924E+02  0.106389867665E-01  0.000000000000E+00
 -0.564487377970E+01  0.979132569095E+01  0.000000000000E+00
  0.000000000000E+00  0.000000000000E+00  0.500000000000E+03
    1
  0.100000000000E+01  0.000000000000E+00  0.000000000000E+00
  0.000000000000E+00  0.100000000000E+01  0.000000000000E+00
  0.000000000000E+00  0.000000000000E+00  0.100000000000E+01
  0.000000000000E+00  0.000000000000E+00  0.000000000000E+00
  111
    8     -2.015140852649      1.234826921355      4.103568901406
    8     -3.823391606158      4.288982227174      4.016474340478
    8      0.027075407939     -2.215064712611      4.334613584729
    8      0.085464976854      4.389431363247      4.169425832433
    8      3.889520611233     -2.204975895756      4.158801621396
    8     -5.671612712881      1.220642622541      4.162393147847
    8     -7.562198401486      4.274314670338      4.095999122980
    8     -3.856349209315     -2.305829795587      3.946444557853
  258      1.907033677291     -1.159496942026      3.210593936978
  258     -0.094070456763      2.217500891667      3.190275519414
  258      3.768932193695     -4.349059307148      3.315571708527
  258      5.668402239517     -1.108225364918      3.291401874114
  258      3.850112656806      2.254346468695      3.147777309443
  258      7.543896666075     -4.350528498312      3.167900727923
  258     -1.941144472488     -1.062033824540      3.325727719510
  258     -3.773354408566      2.205097009991      3.183562995443
  258      0.017089742785     -4.409379829149      3.236177202392
    8      0.064785856187      0.051401616244      2.586578152036
    8     -1.862788553344      3.336798731758      2.415149965222
    8      1.871634018152     -3.288904699286      2.483700403729
    8      3.722928876364      0.097470448531      2.546289445889
    8      1.899003250158      3.169072423267      2.437867230339
    8      5.595105634098     -3.310062233020      2.402869837237
    8     -3.844788342494      0.015388618588      2.464493066431
    8     -5.667526554173      3.275671281970      2.359666785524
    8     -1.803571863216     -3.303171983526      2.460022418283
    8      1.887834650519     -1.100733477031      0.858363462406
    8     -0.025240023439      2.169739642813      0.854501564544
    8      3.736611785520     -4.334006083042      0.842027703143
    8      5.609164916380     -1.081263933232      0.915961521408
    8      3.787593226761      2.183750169124      0.828234816334
    8      7.549756440090     -4.361658897367      0.888805336018
    8     -1.874071945450     -1.064938916242      0.905744164156
    8     -3.751062485417      2.178842340138      0.858517785996
    8      0.019337470118     -4.355233092162      0.845592910336
  258     -0.010008812815     -0.000448606199      0.051586734369
  258     -1.883144864942      3.277325043874      0.014637291169
  258      1.885524271516     -3.267582286055      0.025871524852
  258      3.767021649966      0.000708599537      0.034387743788
  258      1.884933264707      3.257471276131      0.020459282848
  258      5.631034358521     -3.256661656536      0.045364340427
  258     -3.770947430969     -0.009502528044      0.048332679039
  258     -5.643502075564      3.268702014672     -0.016029332766
  258     -1.872219764723     -3.255998378135      0.050331069609
    8     -1.889726834787      1.078493660622     -0.756550802645
    8     -3.766344791356      4.346906055042     -0.778632096572
    8     -0.013168130155     -2.167921313770     -0.748584361934
    8      1.880851361709      1.088413749750     -0.746414028038
    8      0.010835784912      4.358325158022     -0.749451121330
    8      3.771686096699     -2.160317416136     -0.762555939907
    8     -5.647663858253      1.069829494277     -0.753431534779
    8     -7.538342643652      4.356500414117     -0.757155683796
    8     -3.774473265518     -2.174678948925     -0.724923790700
    8      0.000000000000      0.000000000000     -2.343480358560
    8     -1.881624593229      3.263775230322     -2.343480358560
    8      1.881624593235     -3.263775230317     -2.343480358560
    8      3.769387697425      0.003546328919     -2.343480358560
    8      1.887763104187      3.267321559246     -2.343480358560
    8      5.651012290667     -3.260228901401     -2.343480358560
    8     -3.769387697425     -0.003546328929     -2.343480358560
    8     -5.651012290667      3.260228901401     -2.343480358560
    8     -1.887763104192     -3.267321559242     -2.343480358560
  258     -1.883670763552      1.086742967135     -3.124640478080
  258     -3.765295356779      4.350518197461     -3.124640478080
  258     -0.002046170318     -2.177032263187     -3.124640478080
  258      1.885716933870      1.090289296057     -3.124640478080
  258      0.004092340638      4.354064526378     -3.124640478080
  258      3.767341527109     -2.173485934267     -3.124640478080
  258     -5.653058461016      1.083196638201     -3.124640478080
  258     -7.534683054211      4.346971868544     -3.124640478080
  258     -3.771433867744     -2.180578592111     -3.124640478080
    8      1.883670763552     -1.086742967135     -3.905800597599
    8      0.002046170318      2.177032263187     -3.905800597599
    8      3.765295356779     -4.350518197461     -3.905800597599
    8      5.653058461016     -1.083196638201     -3.905800597599
    8      3.771433867748      2.180578592112     -3.905800597599
    8      7.534683054211     -4.346971868544     -3.905800597599
    8     -1.885716933870     -1.090289296057     -3.905800597599
    8     -3.767341527111      2.173485934267     -3.905800597599
    8     -0.004092340639     -4.354064526378     -3.905800597599
    8     -0.308814535417     -4.439681267302      5.880905383462
    1      5.482178145243      7.326917476116      5.251658678077
    1      0.350556382397     -4.995871832600      6.365969917022
    1     -1.090393184297     -4.993335576846      5.645788533516
    8      2.136862350006      1.543428299158      4.924493447046
    1      2.279727645483      0.709578303534      5.454839858067
    1      1.782759325401      2.244252931189      5.560964727451
    8      6.208535346389     -1.010599347487      6.058529224552
    1      6.002470091204     -0.139937773332      6.492960204819
    1      5.754820749746     -1.707177634275      6.557546853728
    8     -5.573587747662      1.547473113594      6.641537616459
    1     -5.684270727347      1.464677720551      5.593945395550
    1      4.859027811771      1.684880691017      7.039722568434
    1      0.613831745289      3.965505846003      5.519544146144
    8      6.613181508522     -6.337705359501      6.351847019833
    1      7.142471156679     -5.741775840085      6.904022551196
    1     -4.024265739897      3.859255686078      8.121917359567
    8     -4.109866569050      3.747793576006      7.160341073461
    1     -4.566467359492      2.871781541203      7.010400259125
    1     -1.768827539081     -0.568214035947      6.414776384450
    8     -2.226443814210     -1.257331814552      5.888061914852
    1     -3.192996620192     -1.237156946987      6.072719421870
    1     -1.229740583497      4.741499176540      6.269522519928
    8     -2.036314095328      5.162930806443      5.935986617740
    1     -2.791195669553      4.595136851966      6.225613257630
    1      8.937673632229      8.262340788026      5.438307985369
    1      7.776964093925      8.470260703926      6.579889436326
    8      8.291295091607      8.921609995262      5.893489765779
    8      5.091797453849     10.746129698421      6.218651249793
    1      4.375995570386     10.984138242992      5.555296683641
    1      5.267396011088     11.520299854287      6.779639177668
    0    0
