   2   1   1 E -1.7585000731637E+04 DE-2.1E-08( 15)
  0.113068976111E+02  0.116020127318E-01  0.000000000000E+00
 -0.564340781662E+01  0.979115503354E+01  0.000000000000E+00
  0.000000000000E+00  0.000000000000E+00  0.500000000000E+03
    1
  0.100000000000E+01  0.000000000000E+00  0.000000000000E+00
  0.000000000000E+00  0.100000000000E+01  0.000000000000E+00
  0.000000000000E+00  0.000000000000E+00  0.100000000000E+01
  0.000000000000E+00  0.000000000000E+00  0.000000000000E+00
  111
    8     -1.974597031567      1.246140019547      4.114612352991
    8     -3.821466190953      4.287059199343      4.020501666348
    8      0.026512749397     -2.212663367334      4.340370579023
    8      0.084778586353      4.381465622666      4.152698235420
    8      3.882176632420     -2.211027440933      4.162800883213
    8     -5.671446125445      1.225548388004      4.169683631156
    8     -7.571569482822      4.270917520699      4.101069372547
    8     -3.862723220079     -2.308830970478      3.937000338997
  258      1.902391126465     -1.157792891829      3.216322217652
  258     -0.096109841652      2.219243596286      3.157005285895
  258      3.763880879888     -4.349255466029      3.318376197918
  258      5.662895741164     -1.108642795996      3.294545055754
  258      3.847252128679      2.253591338196      3.156039769727
  258      7.540495907255     -4.350601385274      3.168636253000
  258     -1.940789424754     -1.061531968407      3.330598610434
  258     -3.768787458259      2.202836521527      3.195298818781
  258      0.015384046810     -4.410622957779      3.238411101526
    8      0.058442727419      0.049420168887      2.565558295185
    8     -1.870324067271      3.333982928495      2.407963479620
    8      1.867038122439     -3.288699699518      2.483982206119
    8      3.720975360194      0.098277660792      2.555952610492
    8      1.901018818402      3.166156539466      2.430335741860
    8      5.587663265531     -3.306878007301      2.401142470666
    8     -3.839129822847      0.024651464462      2.480610030142
    8     -5.668266815851      3.274206935594      2.368268179341
    8     -1.801739055518     -3.306061695796      2.461906802504
    8      1.891306801667     -1.100380179467      0.856710568572
    8     -0.026195295630      2.173279052707      0.846442979013
    8      3.733534615670     -4.335581262238      0.840405919349
    8      5.611628168380     -1.074237584042      0.921503549055
    8      3.790772406857      2.181547926456      0.832684467033
    8      7.546605949549     -4.361129184319      0.891113123880
    8     -1.881592656040     -1.068818924975      0.901647148414
    8     -3.755017041383      2.177575380829      0.863583936852
    8      0.018462583840     -4.358124714331      0.845663014732
  258     -0.010394412378     -0.004616428794      0.049849020741
  258     -1.888054521071      3.279415412841      0.008368078491
  258      1.884578322043     -3.266560772931      0.029664379751
  258      3.767011217831      0.001133893643      0.036075508552
  258      1.888474325129      3.258894113510      0.014814872413
  258      5.629827561946     -3.256473983768      0.045753124326
  258     -3.771494224804     -0.008823588738      0.050560459778
  258     -5.642759016723      3.266145531079     -0.011082255696
  258     -1.874490957664     -3.256183334928      0.052970856839
    8     -1.891595990428      1.078816440836     -0.754928588186
    8     -3.766943143175      4.345808449348     -0.779496428657
    8     -0.013464323123     -2.168411102399     -0.747045786585
    8      1.881098929125      1.089195676004     -0.745560809272
    8      0.011374838893      4.360136427292     -0.750365770677
    8      3.773446909674     -2.159508403441     -0.761072827038
    8     -5.646653899466      1.069680498658     -0.755670171947
    8     -7.538288275605      4.355250736348     -0.756473102645
    8     -3.777535005252     -2.176231736035     -0.725460019210
    8      0.000000000000      0.000000000000     -2.343480358560
    8     -1.881135938869      3.263718344518     -2.343480358560
    8      1.881135938875     -3.263718344513     -2.343480358560
    8      3.768965870340      0.003867337574     -2.343480358560
    8      1.887829931462      3.267585682097     -2.343480358560
    8      5.650101809222     -3.259851006941     -2.343480358560
    8     -3.768965870340     -0.003867337584     -2.343480358560
    8     -5.650101809222      3.259851006941     -2.343480358560
    8     -1.887829931467     -3.267585682093     -2.343480358560
  258     -1.883367269737      1.086617002315     -3.124640478080
  258     -3.764503208604      4.350335346837     -3.124640478080
  258     -0.002231330863     -2.177101342203     -3.124640478080
  258      1.885598600600      1.090484339892     -3.124640478080
  258      0.004462661728      4.354202684409     -3.124640478080
  258      3.766734539479     -2.173234004627     -3.124640478080
  258     -5.652333140116      1.082749664726     -3.124640478080
  258     -7.533469078951      4.346468009265     -3.124640478080
  258     -3.771197201204     -2.180968679781     -3.124640478080
    8      1.883367269737     -1.086617002315     -3.905800597599
    8      0.002231330863      2.177101342203     -3.905800597599
    8      3.764503208604     -4.350335346837     -3.905800597599
    8      5.652333140116     -1.082749664726     -3.905800597599
    8      3.771197201208      2.180968679782     -3.905800597599
    8      7.533469078951     -4.346468009265     -3.905800597599
    8     -1.885598600600     -1.090484339892     -3.905800597599
    8     -3.766734539481      2.173234004627     -3.905800597599
    8     -0.004462661729     -4.354202684409     -3.905800597599
    8     -0.307913057877     -4.445594638620      5.880374278125
    1      5.474230182837      7.336806565917      5.257464791894
    1      0.339791002746     -5.002693306968      6.380046329982
    1     -1.096526702008     -4.992008840970      5.655962593649
    8      2.059182830968      1.528244718263      4.917810027492
    1      2.217588176236      0.701166874627      5.454418798824
    1      1.700066310175      2.227398130246      5.558726064716
    8      6.160315378480     -1.040076360365      6.046483135030
    1      5.974781188646     -0.169705644747      6.490144681580
    1      5.684382884720     -1.731535802961      6.531935813001
    8     -5.575466315238      1.523754566937      6.657955925935
    1     -5.686118756739      1.455074406486      5.612099437859
    1      4.857389207054      1.666696706686      7.058471759864
    1      0.558592599533      3.941754026875      5.500251389127
    8      6.512226697638     -6.377121780476      6.345403242523
    1      7.037967937744     -5.797662996276      6.918290116908
    1     -4.033293446554      3.856189032124      8.129014116870
    8     -4.123041692837      3.739151153101      7.168474543671
    1     -4.571957472405      2.858305454113      7.025217439480
    1     -1.814980897779     -0.594843253960      6.427186996510
    8     -2.247609979542     -1.294812883205      5.887554746086
    1     -3.214270117462     -1.306557306236      6.059560067181
    1     -1.237517390834      4.683021148358      6.277557946994
    8     -2.027976058198      5.137697412706      5.943546963235
    1     -2.801231368375      4.588352302075      6.218243812761
    1      8.931511491602      8.268961322056      5.436379870814
    1      7.764240263520      8.480026002944      6.571714347252
    8      8.289270030513      8.932217572477      5.893755011178
    8      4.989806514078     10.652362400918      6.345481602014
    1      4.380211426713     10.935731192989      5.601695176048
    1      5.177091717992     11.433249440187      6.891664170355
    0    0
