   2   1   1 E -1.7585000722308E+04 DE-1.3E-07( 10)
  0.113067491698E+02  0.112721710181E-01  0.000000000000E+00
 -0.564361960311E+01  0.979139955170E+01  0.000000000000E+00
  0.000000000000E+00  0.000000000000E+00  0.500000000000E+03
    1
  0.100000000000E+01  0.000000000000E+00  0.000000000000E+00
  0.000000000000E+00  0.100000000000E+01  0.000000000000E+00
  0.000000000000E+00  0.000000000000E+00  0.100000000000E+01
  0.000000000000E+00  0.000000000000E+00  0.000000000000E+00
  111
    8     -1.978543932356      1.244555737928      4.112495370554
    8     -3.820826891030      4.288279614540      4.019963420602
    8      0.026400521781     -2.212116942030      4.338571780551
    8      0.085924418212      4.384314670124      4.155152042135
    8      3.884562284562     -2.209645577960      4.162272170707
    8     -5.670837266214      1.225772645376      4.167935396785
    8     -7.568911334406      4.272390216098      4.100274040422
    8     -3.860682489112     -2.306969153528      3.938761762974
  258      1.903302413615     -1.156945195114      3.216343890044
  258     -0.094881453256      2.219854745279      3.159152757910
  258      3.765242845398     -4.348557037525      3.317985793550
  258      5.663928408114     -1.107781267207      3.294192240171
  258      3.848394398646      2.254378780817      3.154502873084
  258      7.541490580796     -4.349888137874      3.169154645575
  258     -1.939997380860     -1.060415678836      3.329120553348
  258     -3.767954568286      2.203706205001      3.193567650168
  258      0.016643750728     -4.409954393478      3.237563861055
    8      0.058718026607      0.048579376435      2.566959838454
    8     -1.869288728620      3.335355792820      2.408800645238
    8      1.868584898438     -3.287765421394      2.483968794369
    8      3.721236082142      0.098624097905      2.554992676902
    8      1.901863117699      3.167187287968      2.430933446006
    8      5.589224579831     -3.306387503063      2.401119373672
    8     -3.838937068461      0.024180442141      2.478116812581
    8     -5.667119633286      3.275274588960      2.367079964811
    8     -1.801368827818     -3.304825984790      2.461338099963
    8      1.891485525367     -1.099911140119      0.856868069721
    8     -0.025721635413      2.173263872943      0.846977927548
    8      3.734245652210     -4.335153218321      0.840564249774
    8      5.611206540490     -1.074488131158      0.920662950997
    8      3.790991355244      2.182062843454      0.831912928609
    8      7.547156291990     -4.361150400614      0.890963667287
    8     -1.880721734063     -1.068081335602      0.901752539739
    8     -3.754025457097      2.178292685307      0.862785597754
    8      0.019172661408     -4.357360569083      0.845526437553
  258     -0.010061284660     -0.004072568986      0.049891239399
  258     -1.887390858835      3.279714603109      0.008671098992
  258      1.885107004711     -3.266064746262      0.029419644693
  258      3.767207742683      0.001239792434      0.035878588539
  258      1.888331819577      3.259150315564      0.015324071595
  258      5.630339069758     -3.256428205485      0.045508906916
  258     -3.771196775799     -0.008500941692      0.049896583668
  258     -5.642346504859      3.266917528234     -0.011796989672
  258     -1.873966140963     -3.256059978576      0.052765570482
    8     -1.891157489159      1.079029987650     -0.755307099145
    8     -3.766568449076      4.346373878008     -0.779494697788
    8     -0.013065602428     -2.168109027453     -0.747212027500
    8      1.881228709817      1.089390799808     -0.745799401700
    8      0.011454290884      4.360307829778     -0.750293777135
    8      3.773375211875     -2.159658801370     -0.761350242822
    8     -5.646256723212      1.070252196623     -0.755667413341
    8     -7.537980281507      4.355888029695     -0.756499713214
    8     -3.776865022640     -2.175917456105     -0.725427517552
    8      0.000000000000      0.000000000000     -2.343480358560
    8     -1.881206534367      3.263799850571     -2.343480358560
    8      1.881206534373     -3.263799850566     -2.343480358560
    8      3.768916389916      0.003757390336     -2.343480358560
    8      1.887709855540      3.267557240911     -2.343480358560
    8      5.650122924296     -3.260042460232     -2.343480358560
    8     -3.768916389916     -0.003757390346     -2.343480358560
    8     -5.650122924296      3.260042460232     -2.343480358560
    8     -1.887709855545     -3.267557240907     -2.343480358560
  258     -1.883374308095      1.086680820079     -3.124640478080
  258     -3.764580842461      4.350480670653     -3.124640478080
  258     -0.002167773723     -2.177119030492     -3.124640478080
  258      1.885542081817      1.090438210418     -3.124640478080
  258      0.004335547447      4.354238060987     -3.124640478080
  258      3.766748616195     -2.173361640154     -3.124640478080
  258     -5.652290698050      1.082923429727     -3.124640478080
  258     -7.533497232384      4.346723280319     -3.124640478080
  258     -3.771084163640     -2.180876420832     -3.124640478080
    8      1.883374308095     -1.086680820079     -3.905800597599
    8      0.002167773723      2.177119030492     -3.905800597599
    8      3.764580842461     -4.350480670653     -3.905800597599
    8      5.652290698050     -1.082923429727     -3.905800597599
    8      3.771084163644      2.180876420833     -3.905800597599
    8      7.533497232384     -4.346723280319     -3.905800597599
    8     -1.885542081817     -1.090438210418     -3.905800597599
    8     -3.766748616197      2.173361640154     -3.905800597599
    8     -0.004335547448     -4.354238060987     -3.905800597599
    8     -0.300838499284     -4.446545511642      5.876741568991
    1      5.474702119034      7.336794509974      5.255703624222
    1      0.345965791529     -5.005846589685      6.374932149634
    1     -1.091874362816     -4.990424234216      5.652924530896
    8      2.061899177512      1.529987210188      4.921031563742
    1      2.217904663791      0.701145234244      5.455293205422
    1      1.707946090742      2.231600503796      5.561736048351
    8      6.163720949352     -1.035126377528      6.041782051089
    1      5.976859885660     -0.165196192747      6.486065666759
    1      5.690915463138     -1.727772188147      6.528631862629
    8     -5.576376253949      1.528100979126      6.654429566801
    1     -5.686085016843      1.457800531429      5.608581957695
    1      4.856016032656      1.671296997586      7.053857721372
    1      0.566797734181      3.946414298468      5.502885483567
    8      6.527177270131     -6.369703702882      6.346976851735
    1      7.051983732111     -5.787072852193      6.917455503726
    1     -4.030611526754      3.856549417990      8.127220672107
    8     -4.120529802655      3.739436734284      7.166737057029
    1     -4.570934144047      2.859273009904      7.023837663823
    1     -1.812142240902     -0.591614080546      6.419776163022
    8     -2.246555984239     -1.294512278092      5.885287036155
    1     -3.213214787558     -1.301336358773      6.056984278257
    1     -1.235566661041      4.690315673097      6.280667953007
    8     -2.027464214627      5.135067210854      5.938355081116
    1     -2.798746936097      4.584435992531      6.216461800030
    1      8.934308213186      8.266331383704      5.438259318775
    1      7.767961886604      8.473543395991      6.575492832478
    8      8.291422861891      8.927597166225      5.897611179169
    8      4.994218950997     10.658692870449      6.337104810684
    1      4.378899953484     10.942597768908      5.595914447035
    1      5.175949915501     11.433635545250      6.893326725777
    0    0
