   2   1   1 E -1.7585000701101E+04 DE-1.5E-08( 15)
  0.113067628266E+02  0.108827722298E-01  0.000000000000E+00
 -0.564396401112E+01  0.979177942378E+01  0.000000000000E+00
  0.000000000000E+00  0.000000000000E+00  0.500000000000E+03
    1
  0.100000000000E+01  0.000000000000E+00  0.000000000000E+00
  0.000000000000E+00  0.100000000000E+01  0.000000000000E+00
  0.000000000000E+00  0.000000000000E+00  0.100000000000E+01
  0.000000000000E+00  0.000000000000E+00  0.000000000000E+00
  111
    8     -1.982802716329      1.240705657197      4.111331579216
    8     -3.819927761083      4.288275194408      4.019126322319
    8      0.025685991463     -2.212374146164      4.336507379563
    8      0.087987312455      4.386106873989      4.157443816652
    8      3.886956481816     -2.208390518201      4.161683917650
    8     -5.670514178482      1.225646336712      4.167000555177
    8     -7.566723415182      4.272797264008      4.099637472356
    8     -3.859127491036     -2.306499981519      3.940281196906
  258      1.903986414485     -1.156808127869      3.216516353277
  258     -0.093451088750      2.219449616324      3.161176363029
  258      3.766722609855     -4.348942550991      3.317667906545
  258      5.665118976483     -1.107334837965      3.294030516985
  258      3.849566309669      2.254396368070      3.152886341273
  258      7.542403137667     -4.349968897486      3.169930963572
  258     -1.939720701275     -1.060256740464      3.327479953636
  258     -3.766597604856      2.203751921827      3.191931810921
  258      0.018297271591     -4.410198275708      3.236894341296
    8      0.058597934538      0.046314665359      2.569045876996
    8     -1.868550297991      3.336364712130      2.409794009272
    8      1.870375109747     -3.287469960929      2.484325399101
    8      3.721294088700      0.098647668207      2.554079425222
    8      1.902673737354      3.167357328177      2.431811427012
    8      5.591065309878     -3.306522848427      2.401074130672
    8     -3.838760560103      0.022985682514      2.475081835084
    8     -5.666040888652      3.275496722223      2.366222416500
    8     -1.801551937483     -3.304040715701      2.460904409629
    8      1.891612714722     -1.099596800005      0.857307746135
    8     -0.025570961385      2.172699250190      0.847424661720
    8      3.734779849411     -4.335225141419      0.840900979476
    8      5.610333924989     -1.075127402907      0.919670726480
    8      3.791159084626      2.182063669184      0.831371251432
    8      7.547652668117     -4.361983700521      0.891098363775
    8     -1.879839508675     -1.067590707452      0.902332864072
    8     -3.752960915338      2.178613017483      0.861950335443
    8      0.019880482954     -4.357031688746      0.845377603401
  258     -0.009736535881     -0.003800806123      0.050156669622
  258     -1.886884280867      3.279630302796      0.009058650207
  258      1.885564976622     -3.265593213244      0.029366252632
  258      3.767334619261      0.000950156519      0.035773334621
  258      1.887773505355      3.258991669374      0.016010826423
  258      5.630942749717     -3.256740354966      0.045084318751
  258     -3.771031954702     -0.008476705088      0.049286022118
  258     -5.642001321907      3.267454675446     -0.012465370245
  258     -1.873588732695     -3.256329774767      0.052710629382
    8     -1.890703204146      1.078871686443     -0.755690773652
    8     -3.766414331587      4.346792378193     -0.779312255767
    8     -0.012664058859     -2.167787759181     -0.747275793061
    8      1.881216101943      1.089421033305     -0.746119053569
    8      0.011478194533      4.360370959993     -0.750158835881
    8      3.773295767334     -2.160219378899     -0.761726358605
    8     -5.645868363602      1.070712084264     -0.755469198374
    8     -7.538021876654      4.356310275219     -0.756269353359
    8     -3.776241120613     -2.175756762767     -0.725192020321
    8      0.000000000000      0.000000000000     -2.343480358560
    8     -1.881321337036      3.263926474599     -2.343480358560
    8      1.881321337042     -3.263926474594     -2.343480358560
    8      3.768920942173      0.003627590740     -2.343480358560
    8      1.887599605128      3.267554065344     -2.343480358560
    8      5.650242279222     -3.260298883857     -2.343480358560
    8     -3.768920942173     -0.003627590750     -2.343480358560
    8     -5.650242279222      3.260298883857     -2.343480358560
    8     -1.887599605133     -3.267554065340     -2.343480358560
  258     -1.883414093071      1.086766294621     -3.124640478080
  258     -3.764735430105      4.350692769223     -3.124640478080
  258     -0.002092756030     -2.177160179979     -3.124640478080
  258      1.885506849099      1.090393885363     -3.124640478080
  258      0.004185512060      4.354320359961     -3.124640478080
  258      3.766828186145     -2.173532589237     -3.124640478080
  258     -5.652335035282      1.083138703865     -3.124640478080
  258     -7.533656372284      4.347065178485     -3.124640478080
  258     -3.771013698203     -2.180787770723     -3.124640478080
    8      1.883414093071     -1.086766294621     -3.905800597599
    8      0.002092756030      2.177160179979     -3.905800597599
    8      3.764735430105     -4.350692769223     -3.905800597599
    8      5.652335035282     -1.083138703865     -3.905800597599
    8      3.771013698207      2.180787770724     -3.905800597599
    8      7.533656372284     -4.347065178485     -3.905800597599
    8     -1.885506849099     -1.090393885363     -3.905800597599
    8     -3.766828186147      2.173532589237     -3.905800597599
    8     -0.004185512061     -4.354320359961     -3.905800597599
    8     -0.305797663716     -4.441906122786      5.879686441222
    1      5.475257831088      7.335641762446      5.253734418582
    1      0.345288899489     -4.997629453917      6.376612657439
    1     -1.091932762904     -4.991159252755      5.652528543199
    8      2.075486656046      1.527967640344      4.920774264600
    1      2.227492345098      0.699743874511      5.456952214038
    1      1.721769103334      2.231507039308      5.560903448750
    8      6.174744735709     -1.028240028854      6.046360582294
    1      5.983613182797     -0.158097285982      6.488281938490
    1      5.708571946172     -1.721928985171      6.537907352574
    8     -5.575549166551      1.534598260133      6.652448309366
    1     -5.685163496432      1.460801632657      5.606452244620
    1      4.856711345515      1.678019627657      7.051445867195
    1      0.576839778102      3.947086822602      5.504860658315
    8      6.544669611730     -6.369395678064      6.345764315021
    1      7.064072969848     -5.783312063263      6.917607378341
    1     -4.026201813773      3.857562593558      8.128706945567
    8     -4.115285568148      3.741491024010      7.167925382726
    1     -4.568207808646      2.862791675661      7.023245163280
    1     -1.802287319705     -0.575028327096      6.419196108367
    8     -2.235450255343     -1.280859392828      5.888114510788
    1     -3.201983249888     -1.286260382675      6.061276897897
    1     -1.232536724872      4.700390798688      6.266707823987
    8     -2.029654476098      5.145109053405      5.936038715280
    1     -2.796255477767      4.589784969072      6.217543569239
    1      8.933033220662      8.266872035546      5.435968995243
    1      7.774201421621      8.475831293822      6.579525556968
    8      8.287248240275      8.927511976782      5.892316169916
    8      5.005703046032     10.679598758271      6.325010732919
    1      4.379830149960     10.951909164265      5.589486941249
    1      5.189529496546     11.458144544154      6.874337384319
    0    0
