   2   1   1 E -1.7585000646780E+04 DE-4.2E-09( 15)
  0.113069690768E+02  0.104891719065E-01  0.000000000000E+00
 -0.564440818576E+01  0.979214975230E+01  0.000000000000E+00
  0.000000000000E+00  0.000000000000E+00  0.500000000000E+03
    1
  0.100000000000E+01  0.000000000000E+00  0.000000000000E+00
  0.000000000000E+00  0.100000000000E+01  0.000000000000E+00
  0.000000000000E+00  0.000000000000E+00  0.100000000000E+01
  0.000000000000E+00  0.000000000000E+00  0.000000000000E+00
  111
    8     -1.992603802699      1.237185531024      4.109878974939
    8     -3.820495872635      4.288936528029      4.017701122055
    8      0.025801266477     -2.213123363587      4.334217715310
    8      0.088162692774      4.388463431464      4.161118667644
    8      3.889578645645     -2.207273206384      4.160396371441
    8     -5.670706258048      1.224648367796      4.165382223171
    8     -7.564021701897      4.273590585848      4.097921424443
    8     -3.856958025363     -2.306166142406      3.942036545997
  258      1.905375384703     -1.157285321944      3.215438856476
  258     -0.092404247484      2.219316778227      3.169808010271
  258      3.767923868246     -4.349251692513      3.316423836629
  258      5.667058494385     -1.107302665238      3.293242753536
  258      3.850328102135      2.254402362166      3.150566465677
  258      7.543418354925     -4.350218352827      3.169464799349
  258     -1.940165233095     -1.060635660656      3.325783329821
  258     -3.767316827252      2.204148995682      3.189065197936
  258      0.019063161643     -4.410179464986      3.235776374089
    8      0.059952059196      0.046588465578      2.574887656140
    8     -1.866568358041      3.337330724769      2.411597790890
    8      1.871622297918     -3.287570172484      2.483894964913
    8      3.721947314907      0.098436265251      2.551858746394
    8      1.902421181545      3.167862625730      2.433803706620
    8      5.593030262858     -3.307325897554      2.401274367894
    8     -3.839831285714      0.020496623066      2.470989503758
    8     -5.665827449762      3.275865830088      2.363985176433
    8     -1.801798249073     -3.303206608246      2.459920646611
    8      1.891115590837     -1.099364171315      0.857944419232
    8     -0.025422268367      2.171923660569      0.849429824966
    8      3.735312786857     -4.335097944539      0.841108246186
    8      5.609685306453     -1.076869220858      0.918366688455
    8      3.790418645040      2.182276718813      0.830395151767
    8      7.548444656213     -4.362494246816      0.890660540526
    8     -1.877929156504     -1.066622689852      0.903626814958
    8     -3.751826552514      2.178894567091      0.860560382730
    8      0.020160771098     -4.356374306389      0.845151592992
  258     -0.009570305977     -0.002776897676      0.050743867352
  258     -1.885715894637      3.279134004158      0.010541400863
  258      1.885765367156     -3.265629581298      0.028411169332
  258      3.767343841310      0.000803412276      0.035413957845
  258      1.886743361763      3.258640392938      0.017409168550
  258      5.631385382202     -3.257025061531      0.044750619214
  258     -3.770720691836     -0.008675617195      0.048911845058
  258     -5.642141772641      3.268084514597     -0.013671568346
  258     -1.873106010326     -3.256301359332      0.052035829101
    8     -1.890070261180      1.078728997692     -0.755939458174
    8     -3.766400776841      4.347195493199     -0.779160778282
    8     -0.012598242349     -2.167499662002     -0.747698014520
    8      1.881050721616      1.089264281108     -0.746307021972
    8      0.011395960328      4.360121230004     -0.749906181276
    8      3.772952267474     -2.160588858063     -0.762285465385
    8     -5.646029929805      1.070771031576     -0.754813510907
    8     -7.538221010258      4.356781489909     -0.756375149845
    8     -3.775487150214     -2.175442711673     -0.724953497090
    8      0.000000000000      0.000000000000     -2.343480358560
    8     -1.881469395250      3.264049917439     -2.343480358560
    8      1.881469395256     -3.264049917434     -2.343480358560
    8      3.768989692242      0.003496390632     -2.343480358560
    8      1.887520296983      3.267546308076     -2.343480358560
    8      5.650459087504     -3.260553526804     -2.343480358560
    8     -3.768989692242     -0.003496390642     -2.343480358560
    8     -5.650459087504      3.260553526804     -2.343480358560
    8     -1.887520296988     -3.267546308072     -2.343480358560
  258     -1.883486362498      1.086851175603     -3.124640478080
  258     -3.764955757746      4.350901093045     -3.124640478080
  258     -0.002016967243     -2.177198741836     -3.124640478080
  258      1.885503329740      1.090347566238     -3.124640478080
  258      0.004033934488      4.354397483676     -3.124640478080
  258      3.766972725000     -2.173702351202     -3.124640478080
  258     -5.652476054779      1.083354784955     -3.124640478080
  258     -7.533945449994      4.347404702415     -3.124640478080
  258     -3.771006659486     -2.180695132473     -3.124640478080
    8      1.883486362498     -1.086851175603     -3.905800597599
    8      0.002016967243      2.177198741836     -3.905800597599
    8      3.764955757746     -4.350901093045     -3.905800597599
    8      5.652476054779     -1.083354784955     -3.905800597599
    8      3.771006659490      2.180695132474     -3.905800597599
    8      7.533945449994     -4.347404702415     -3.905800597599
    8     -1.885503329740     -1.090347566238     -3.905800597599
    8     -3.766972725002      2.173702351202     -3.905800597599
    8     -0.004033934489     -4.354397483676     -3.905800597599
    8     -0.301832732670     -4.442108740688      5.876254279166
    1      5.477021913706      7.332572440246      5.251438399840
    1      0.347568397112     -4.998332181951      6.374622073693
    1     -1.088686001573     -4.990315285984      5.648151690516
    8      2.074945241942      1.526815488875      4.917483468037
    1      2.224528562651      0.697390739852      5.452114637624
    1      1.729287096949      2.232252978062      5.558379337821
    8      6.185923291918     -1.022096680671      6.047774682126
    1      5.989546232049     -0.152135858363      6.488234679663
    1      5.723267359164     -1.717161915483      6.540762314745
    8     -5.576339855009      1.539171862801      6.648905766092
    1     -5.685336877792      1.462642770776      5.602491653361
    1      4.855799730334      1.680455291701      7.047647862787
    1      0.587497471052      3.953484718979      5.510086059467
    8      6.564540044246     -6.361611582685      6.347367161723
    1      7.086252451433     -5.773879947707      6.915334155467
    1     -4.029808628705      3.857285968077      8.131184826732
    8     -4.114637764644      3.742632648430      7.169891003341
    1     -4.569080141394      2.865080773331      7.022134379007
    1     -1.791415048565     -0.573014926634      6.418600375450
    8     -2.230132212693     -1.275961409004      5.889200379861
    1     -3.196870577652     -1.272556614113      6.064577258995
    1     -1.229172816953      4.712014862922      6.277747318102
    8     -2.029217617435      5.150286520397      5.945985422868
    1     -2.792818640030      4.590695750496      6.227583441319
    1      8.935287518167      8.264199925703      5.436641882016
    1      7.774606363979      8.468167893848      6.579795711943
    8      8.286561911959      8.922089299020      5.893138381090
    8      5.016622386905     10.697897540855      6.304551480147
    1      4.374230997249     10.965845671128      5.581249862892
    1      5.208074632137     11.476805599408      6.851730314392
    0    0
