   2   1   1 E -1.7585000485903E+04 DE-3.8E-08( 16)
  0.113075842687E+02  0.103622426867E-01  0.000000000000E+00
 -0.564482542954E+01  0.979237969142E+01  0.000000000000E+00
  0.000000000000E+00  0.000000000000E+00  0.500000000000E+03
    1
  0.100000000000E+01  0.000000000000E+00  0.000000000000E+00
  0.000000000000E+00  0.100000000000E+01  0.000000000000E+00
  0.000000000000E+00  0.000000000000E+00  0.100000000000E+01
  0.000000000000E+00  0.000000000000E+00  0.000000000000E+00
  111
    8     -2.002193442173      1.236090102245      4.107900657838
    8     -3.821073955080      4.289963663038      4.017131604375
    8      0.026638804816     -2.213738218579      4.333233189998
    8      0.088556121625      4.389867493408      4.165101087694
    8      3.891678196249     -2.205767266544      4.159536609740
    8     -5.670934895954      1.223787767504      4.164131633342
    8     -7.562041295314      4.274570236050      4.096475175452
    8     -3.854919286603     -2.305524888985      3.944250784007
  258      1.906781323692     -1.157840106324      3.214211227149
  258     -0.091980271641      2.219308283705      3.178940358100
  258      3.769129671683     -4.349028355802      3.316048107999
  258      5.668972877156     -1.107162383367      3.292774920232
  258      3.851020410995      2.254760002622      3.149010923418
  258      7.544699886005     -4.350294161877      3.168962730420
  258     -1.940351541679     -1.060718595036      3.325262177928
  258     -3.768861895092      2.204869643427      3.186620425896
  258      0.019321637743     -4.409781964525      3.235388396706
    8      0.061773742590      0.048238874483      2.580584900533
    8     -1.864479191587      3.338092668228      2.413585818782
    8      1.872472830161     -3.287742400091      2.483755165420
    8      3.722916799794      0.098441747009      2.549960225570
    8      1.902006681801      3.168578729807      2.435834482931
    8      5.594761057936     -3.308056502805      2.402062890661
    8     -3.841179078234      0.018409065057      2.468090128086
    8     -5.666111767814      3.276354931254      2.362034622944
    8     -1.801892048116     -3.302528929520      2.459515742919
    8      1.890544363643     -1.099313953860      0.858539203906
    8     -0.025138585787      2.171411212743      0.851743292414
    8      3.736031503227     -4.334749719253      0.841584118343
    8      5.609723414757     -1.078457169580      0.917535449538
    8      3.789751723311      2.182801130599      0.829672544721
    8      7.549485394566     -4.362411671491      0.890247447285
    8     -1.876062928146     -1.065690595324      0.904997435586
    8     -3.751066658086      2.179237649660      0.859519626896
    8      0.020270581747     -4.355676587415      0.845254232706
  258     -0.009485383522     -0.001661764527      0.051373770922
  258     -1.884526673712      3.278720644363      0.012273888989
  258      1.885957096033     -3.265963873156      0.027520953107
  258      3.767514971774      0.000900937121      0.035169350156
  258      1.886095788386      3.258452823924      0.018829749873
  258      5.631822116583     -3.257051773671      0.044866654098
  258     -3.770495927684     -0.008839536910      0.048890999569
  258     -5.642526623753      3.268636690833     -0.014619059743
  258     -1.872661606491     -3.256092087071      0.051460502770
    8     -1.889594800984      1.078750633035     -0.755975298202
    8     -3.766401555714      4.347510578601     -0.778940445337
    8     -0.012666388661     -2.167396594382     -0.748042863924
    8      1.881057467098      1.089126695878     -0.746265977833
    8      0.011373547781      4.359835966337     -0.749551073735
    8      3.772739354304     -2.160630650278     -0.762542248828
    8     -5.646554485927      1.070633605808     -0.754082399518
    8     -7.538465726126      4.357144320273     -0.756538040872
    8     -3.774974490030     -2.175155403275     -0.724690442486
    8      0.000000000000      0.000000000000     -2.343480358560
    8     -1.881608476509      3.264126563812     -2.343480358560
    8      1.881608476515     -3.264126563807     -2.343480358560
    8      3.769194756216      0.003454080892     -2.343480358560
    8      1.887586279698      3.267580644709     -2.343480358560
    8      5.650803232738     -3.260672482917     -2.343480358560
    8     -3.769194756216     -0.003454080902     -2.343480358560
    8     -5.650803232738      3.260672482917     -2.343480358560
    8     -1.887586279703     -3.267580644705     -2.343480358560
  258     -1.883601077576      1.086890827641     -3.124640478080
  258     -3.765209554083      4.351017391456     -3.124640478080
  258     -0.001992601062     -2.177235736171     -3.124640478080
  258      1.885593678637      1.090344908536     -3.124640478080
  258      0.003985202125      4.354471472347     -3.124640478080
  258      3.767202155156     -2.173781655278     -3.124640478080
  258     -5.652795833831      1.083436746733     -3.124640478080
  258     -7.534404310306      4.347563310566     -3.124640478080
  258     -3.771187357279     -2.180689817068     -3.124640478080
    8      1.883601077576     -1.086890827641     -3.905800597599
    8      0.001992601062      2.177235736171     -3.905800597599
    8      3.765209554083     -4.351017391456     -3.905800597599
    8      5.652795833831     -1.083436746733     -3.905800597599
    8      3.771187357283      2.180689817069     -3.905800597599
    8      7.534404310306     -4.347563310566     -3.905800597599
    8     -1.885593678637     -1.090344908536     -3.905800597599
    8     -3.767202155158      2.173781655278     -3.905800597599
    8     -0.003985202126     -4.354471472347     -3.905800597599
    8     -0.294467610777     -4.445657848877      5.869481479185
    1      5.479618243056      7.330129494038      5.250295805267
    1      0.342608324416     -5.002428093955      6.383366004354
    1     -1.085237910970     -4.988849080468      5.642673334220
    8      2.105472383843      1.529939543616      4.923272029023
    1      2.258115194587      0.702560133376      5.460727148086
    1      1.755128479675      2.236323660108      5.559904999661
    8      6.195490025792     -1.016243879770      6.054928695047
    1      5.995355440372     -0.144973496634      6.492129033255
    1      5.736883756425     -1.711702956682      6.551144303142
    8     -5.575096547002      1.545228866652      6.645676958552
    1     -5.684770583119      1.464833593467      5.599024623774
    1      4.857758994997      1.685938151712      7.045092494550
    1      0.601640454568      3.959361098218      5.513882427226
    8      6.589345182384     -6.351228747490      6.348702360554
    1      7.111346820985     -5.758652184338      6.910843225883
    1     -4.024713886649      3.863434814154      8.122651647686
    8     -4.110535197726      3.746782467551      7.161614078622
    1     -4.566438622723      2.869365329513      7.015775010131
    1     -1.782792412868     -0.568779352504      6.408101239479
    8     -2.229440027068     -1.271152101596      5.885885073480
    1     -3.194907523427     -1.258647227459      6.067501354600
    1     -1.225664542057      4.728194587077      6.275933668102
    8     -2.029407040465      5.150489612478      5.929437139619
    1     -2.789795270533      4.589637326550      6.217522128756
    1      8.938371694746      8.265861181113      5.435955968384
    1      7.773775415150      8.484428574127      6.571526206521
    8      8.296312978118      8.932147594584      5.889099191457
    8      5.024005590290     10.710134800984      6.290380720656
    1      4.367592055000     10.979996513822      5.575115381137
    1      5.229795412768     11.495660475908      6.825220210636
    0    0
