   2   1   1 E -1.7585000730131E+04 DE-2.6E-08( 16)
  0.113068071807E+02  0.114265244275E-01  0.000000000000E+00
 -0.564351475147E+01  0.979125880032E+01  0.000000000000E+00
  0.000000000000E+00  0.000000000000E+00  0.500000000000E+03
    1
  0.100000000000E+01  0.000000000000E+00  0.000000000000E+00
  0.000000000000E+00  0.100000000000E+01  0.000000000000E+00
  0.000000000000E+00  0.000000000000E+00  0.100000000000E+01
  0.000000000000E+00  0.000000000000E+00  0.000000000000E+00
  111
    8     -1.977171729644      1.244877844636      4.113429566654
    8     -3.821035537622      4.287738258446      4.020310324137
    8      0.026399416378     -2.212341437280      4.339332816670
    8      0.085409849193      4.383088744581      4.154245059436
    8      3.883531093023     -2.210089280725      4.162427023263
    8     -5.671263459862      1.225597018358      4.168630624219
    8     -7.569946505903      4.271682682643      4.100741351155
    8     -3.861591609058     -2.307771287697      3.938094806435
  258      1.902922584119     -1.157286207295      3.216352422926
  258     -0.095382093682      2.219516788278      3.158400132305
  258      3.764693541953     -4.348832256157      3.318242635944
  258      5.663424329528     -1.108142507373      3.294339311775
  258      3.847886558897      2.254012757977      3.155155961000
  258      7.541049159711     -4.350191324284      3.169035681470
  258     -1.940415982469     -1.060939325710      3.329726565471
  258     -3.768334079697      2.203281935824      3.194344463479
  258      0.016143772353     -4.410243559786      3.237973665132
    8      0.058553374129      0.048832667944      2.566428525699
    8     -1.869716673168      3.334737778521      2.408584459967
    8      1.867969093668     -3.288142688342      2.484033443632
    8      3.721068812170      0.098465592911      2.555370636332
    8      1.901523749133      3.166733188315      2.430756897815
    8      5.588578360004     -3.306593192942      2.401154968295
    8     -3.839091708338      0.024303057177      2.479137680700
    8     -5.667580916362      3.274795747044      2.367610417604
    8     -1.801549567773     -3.305353463654      2.461604585841
    8      1.891388563366     -1.100116906141      0.856822610912
    8     -0.025912595042      2.173222820792      0.846818026615
    8      3.733950114871     -4.335335936884      0.840553306031
    8      5.611335956178     -1.074391063327      0.921001216173
    8      3.790895650782      2.181844146996      0.832240338663
    8      7.546913030053     -4.361147799596      0.891058856961
    8     -1.881118104428     -1.068409305310      0.901721857700
    8     -3.754430418749      2.177966355526      0.863152450277
    8      0.018879487666     -4.357677111332      0.845618163144
  258     -0.010213178706     -0.004317222636      0.049896550811
  258     -1.887659088170      3.279559897243      0.008586381272
  258      1.884886033637     -3.266267373494      0.029550662967
  258      3.767110719544      0.001187296307      0.035969684680
  258      1.888392298184      3.259024567909      0.015149096308
  258      5.630117951186     -3.256446432060      0.045632735441
  258     -3.771344877943     -0.008658780438      0.050172391547
  258     -5.642509010347      3.266574729724     -0.011486182858
  258     -1.874194027399     -3.256128581832      0.052876465528
    8     -1.891344026011      1.078925291661     -0.755133007613
    8     -3.766707007404      4.346114097142     -0.779468431650
    8     -0.013233924437     -2.168240048702     -0.747125606618
    8      1.881171157068      1.089301299270     -0.745687580390
    8      0.011423603123      4.360206390825     -0.750296339986
    8      3.773387981642     -2.159600103290     -0.761222260534
    8     -5.646421141054      1.070004103913     -0.755660657443
    8     -7.538093164294      4.355594577955     -0.756471560573
    8     -3.777148992867     -2.176061010916     -0.725428139197
    8      0.000000000000      0.000000000000     -2.343480358560
    8     -1.881171583820      3.263752933445     -2.343480358560
    8      1.881171583826     -3.263752933440     -2.343480358560
    8      3.768935726872      0.003808841472     -2.343480358560
    8      1.887764143042      3.267561774922     -2.343480358560
    8      5.650107310705     -3.259944091969     -2.343480358560
    8     -3.768935726872     -0.003808841482     -2.343480358560
    8     -5.650107310705      3.259944091969     -2.343480358560
    8     -1.887764143047     -3.267561774918     -2.343480358560
  258     -1.883369103565      1.086648030658     -3.124640478080
  258     -3.764540687383      4.350400964106     -3.124640478080
  258     -0.002197519740     -2.177104902786     -3.124640478080
  258      1.885566623304      1.090456872133     -3.124640478080
  258      0.004395039480      4.354209805577     -3.124640478080
  258      3.766738207134     -2.173296061312     -3.124640478080
  258     -5.652304830476      1.082839189170     -3.124640478080
  258     -7.533476414262      4.346592122636     -3.124640478080
  258     -3.771133246612     -2.180913744264     -3.124640478080
    8      1.883369103565     -1.086648030658     -3.905800597599
    8      0.002197519740      2.177104902786     -3.905800597599
    8      3.764540687383     -4.350400964106     -3.905800597599
    8      5.652304830476     -1.082839189170     -3.905800597599
    8      3.771133246616      2.180913744265     -3.905800597599
    8      7.533476414262     -4.346592122636     -3.905800597599
    8     -1.885566623304     -1.090456872133     -3.905800597599
    8     -3.766738207136      2.173296061312     -3.905800597599
    8     -0.004395039481     -4.354209805577     -3.905800597599
    8     -0.303852874538     -4.446968986097      5.879518738662
    1      5.474489721427      7.336771418566      5.256451826569
    1      0.344883167164     -5.006304334938      6.375136076770
    1     -1.093810546598     -4.991774961811      5.654862336019
    8      2.059266562058      1.527838595165      4.918286197275
    1      2.216912622544      0.700013346340      5.453801269227
    1      1.703825093443      2.228597371630      5.559248197303
    8      6.158413959838     -1.037604570448      6.045483832342
    1      5.972791862837     -0.167031807404      6.488865848160
    1      5.684803811858     -1.729147697649      6.533067897683
    8     -5.577667942664      1.526602614179      6.655926421842
    1     -5.687107544910      1.456705098893      5.610012972510
    1      4.854752475920      1.670734309919      7.055122060325
    1      0.563438512480      3.944123110559      5.501763668795
    8      6.521110634122     -6.373719917103      6.345875535310
    1      7.046714533793     -5.792945888581      6.917577873513
    1     -4.034670681580      3.858576863806      8.126416599834
    8     -4.122380052404      3.738946400492      7.166047704089
    1     -4.572250091662      2.858358914636      7.024345321635
    1     -1.816909829794     -0.593975413812      6.422458160669
    8     -2.250986726820     -1.295031698956      5.885437892393
    1     -3.217540643640     -1.304074406939      6.058172689420
    1     -1.233578033542      4.676343581043      6.275002572794
    8     -2.024087180317      5.129907027770      5.940151993313
    1     -2.797630117204      4.581585578760      6.216590750299
    1      8.932675358313      8.268358144974      5.436801032037
    1      7.775184013175      8.480614589844      6.581988758379
    8      8.289440605226      8.930487826743      5.894401371180
    8      4.990538190175     10.652655525151      6.341480573969
    1      4.378382070135     10.938191385273      5.598788338222
    1      5.174282333243     11.428448409846      6.895795486132
    0    0
