   2   1   1 E -1.7585000564769E+04 DE-2.1E-08( 11)
  0.113075085356E+02  0.103485128055E-01  0.000000000000E+00
 -0.564479962754E+01  0.979250429226E+01  0.000000000000E+00
  0.000000000000E+00  0.000000000000E+00  0.500000000000E+03
    1
  0.100000000000E+01  0.000000000000E+00  0.000000000000E+00
  0.000000000000E+00  0.100000000000E+01  0.000000000000E+00
  0.000000000000E+00  0.000000000000E+00  0.100000000000E+01
  0.000000000000E+00  0.000000000000E+00  0.000000000000E+00
  111
    8     -1.999924712954      1.236110697871      4.108554218229
    8     -3.820910932866      4.289775163251      4.017280785796
    8      0.026452262831     -2.213469929206      4.333460833567
    8      0.088288715076      4.390013925691      4.164350700706
    8      3.891305998994     -2.206274493665      4.159745353910
    8     -5.670892967762      1.224027575870      4.164425382246
    8     -7.562625861099      4.274430620401      4.097131556024
    8     -3.855327062703     -2.305712736754      3.943802696494
  258      1.906545322458     -1.157667075934      3.214639076210
  258     -0.092051618640      2.219395764039      3.176827661164
  258      3.768858073600     -4.349133148953      3.316071277297
  258      5.668622987064     -1.107173589811      3.292958254108
  258      3.850986099802      2.254615526242      3.149512702503
  258      7.544439905297     -4.350248904367      3.169277443646
  258     -1.940284731848     -1.060721773651      3.325479625264
  258     -3.768475418694      2.204736498294      3.187262596553
  258      0.019380900118     -4.409903938637      3.235567283997
    8      0.061355562019      0.047774212540      2.579369275838
    8     -1.865003321443      3.338003254766      2.413130027514
    8      1.872392481450     -3.287668276060      2.483770543313
    8      3.722784312808      0.098434334908      2.550473717641
    8      1.902129531142      3.168494285021      2.435564963897
    8      5.594486404582     -3.307870943388      2.401891875323
    8     -3.840828926673      0.018954705333      2.468829581402
    8     -5.666019060383      3.276287615382      2.362596088774
    8     -1.801882496683     -3.302676029596      2.459704191935
    8      1.890743543636     -1.099301490471      0.858458253461
    8     -0.025201081468      2.171580832576      0.851232177805
    8      3.735909374036     -4.334902300953      0.841460470739
    8      5.609756527866     -1.078076078596      0.917748906006
    8      3.789969673419      2.182689776830      0.829907155287
    8      7.549306905048     -4.362529802325      0.890457992533
    8     -1.876501258431     -1.065898682386      0.904738917146
    8     -3.751248705663      2.179210725751      0.859792790627
    8      0.020288216528     -4.355903065533      0.845239557703
  258     -0.009462044959     -0.001897996361      0.051277447384
  258     -1.884818573013      3.278890637515      0.011874050716
  258      1.885966729657     -3.265895552650      0.027760532625
  258      3.767530548213      0.000869674736      0.035266193631
  258      1.886235379582      3.258539395530      0.018543678706
  258      5.631793632699     -3.257095918457      0.044841211232
  258     -3.770572973440     -0.008760285349      0.048911772371
  258     -5.642445741121      3.268579998993     -0.014362072758
  258     -1.872757885380     -3.256188257114      0.051642134485
    8     -1.889709025249      1.078770652712     -0.755938609332
    8     -3.766422543854      4.347526866966     -0.778976212280
    8     -0.012609410785     -2.167412887765     -0.747928651083
    8      1.881072587475      1.089193628670     -0.746250251111
    8      0.011382154156      4.359996810627     -0.749607689869
    8      3.772853676115     -2.160673461956     -0.762487666615
    8     -5.646429106384      1.070726836906     -0.754237415112
    8     -7.538469649060      4.357152335913     -0.756451810838
    8     -3.775098004039     -2.175221075928     -0.724717396761
    8      0.000000000000      0.000000000000     -2.343480358560
    8     -1.881599875843      3.264168097424     -2.343480358560
    8      1.881599875849     -3.264168097419     -2.343480358560
    8      3.769169511833      0.003449504265     -2.343480358560
    8      1.887569635981      3.267617601694     -2.343480358560
    8      5.650769387688     -3.260718593156     -2.343480358560
    8     -3.769169511833     -0.003449504275     -2.343480358560
    8     -5.650769387688      3.260718593156     -2.343480358560
    8     -1.887569635986     -3.267617601690     -2.343480358560
  258     -1.883589795893      1.086906197720     -3.124640478080
  258     -3.765189671734      4.351074295147     -3.124640478080
  258     -0.001989920045     -2.177261899704     -3.124640478080
  258      1.885579715937      1.090355701988     -3.124640478080
  258      0.003979840091      4.354523799411     -3.124640478080
  258      3.767179591790     -2.173812395437     -3.124640478080
  258     -5.652759307764      1.083456693439     -3.124640478080
  258     -7.534359183573      4.347624790884     -3.124640478080
  258     -3.771159431878     -2.180711403973     -3.124640478080
    8      1.883589795893     -1.086906197720     -3.905800597599
    8      0.001989920045      2.177261899704     -3.905800597599
    8      3.765189671734     -4.351074295147     -3.905800597599
    8      5.652759307764     -1.083456693439     -3.905800597599
    8      3.771159431882      2.180711403974     -3.905800597599
    8      7.534359183573     -4.347624790884     -3.905800597599
    8     -1.885579715937     -1.090355701988     -3.905800597599
    8     -3.767179591792      2.173812395437     -3.905800597599
    8     -0.003979840092     -4.354523799411     -3.905800597599
    8     -0.299126343505     -4.443488945875      5.874177169700
    1      5.479017174260      7.331071551789      5.250538743503
    1      0.342584630934     -4.999100928635      6.383233564388
    1     -1.087183093467     -4.989755651193      5.645584089925
    8      2.098888340512      1.532364221631      4.926361267210
    1      2.252206254834      0.705597000627      5.464591034350
    1      1.749012590385      2.238747383461      5.563759322626
    8      6.195406697894     -1.017145718527      6.051148031817
    1      5.995183578526     -0.146804792848      6.489941089759
    1      5.736200841364     -1.713445721609      6.545617301633
    8     -5.575015368708      1.543398511588      6.646455638223
    1     -5.684736126975      1.464186506134      5.599837994535
    1      4.857768712479      1.683802360571      7.046008761613
    1      0.597171229912      3.959525329639      5.513835473097
    8      6.581949471547     -6.350590984018      6.350301882443
    1      7.102483374927     -5.757626209752      6.913440055045
    1     -4.025607982243      3.862091141185      8.124164963845
    8     -4.111311079863      3.745515988613      7.163106915728
    1     -4.566717552869      2.867854898797      7.017316618174
    1     -1.784344190378     -0.566304055438      6.412226635913
    8     -2.227021158475     -1.268703378924      5.886930405624
    1     -3.192901016000     -1.259373882901      6.066278731217
    1     -1.225016256455      4.717290340460      6.267256717542
    8     -2.028775900449      5.148702565640      5.932308395868
    1     -2.790109823951      4.588606295787      6.219067883146
    1      8.938114590982      8.263994683226      5.436903706395
    1      7.779629347777      8.474504159210      6.580271408322
    8      8.292298867755      8.925110148357      5.892286407653
    8      5.021896228479     10.708310629730      6.293112453560
    1      4.368520867927     10.976187334694      5.576444159047
    1      5.215809548564     11.488868306071      6.838054098025
    0    0
