   2   1   1 E -1.7585000738226E+04 DE-3.6E-08( 11)
  0.113067223245E+02  0.115716905191E-01  0.000000000000E+00
 -0.564334648542E+01  0.979105670013E+01  0.000000000000E+00
  0.000000000000E+00  0.000000000000E+00  0.500000000000E+03
    1
  0.100000000000E+01  0.000000000000E+00  0.000000000000E+00
  0.000000000000E+00  0.100000000000E+01  0.000000000000E+00
  0.000000000000E+00  0.000000000000E+00  0.100000000000E+01
  0.000000000000E+00  0.000000000000E+00  0.000000000000E+00
  111
    8     -1.975291439401      1.245601945379      4.114582664835
    8     -3.821278444702      4.286934961446      4.020270821899
    8      0.026568008357     -2.212660610027      4.339887826178
    8      0.084954689261      4.381238721098      4.152652845616
    8      3.882298692743     -2.210677043344      4.162802688922
    8     -5.671763522069      1.225527850717      4.169805126761
    8     -7.571379625513      4.270622026212      4.100596072758
    8     -3.862634284761     -2.308792247646      3.937127662324
  258      1.902381240538     -1.157880757164      3.215977615608
  258     -0.096244870863      2.219000657139      3.157761949875
  258      3.763878196038     -4.349352769136      3.318199476894
  258      5.662933935498     -1.108518350857      3.294530083911
  258      3.846990794305      2.253406266473      3.155633914574
  258      7.540375120022     -4.350676902889      3.168358786719
  258     -1.940962347930     -1.061527306711      3.330310042909
  258     -3.768632601175      2.202713466294      3.194980635823
  258      0.015471552826     -4.410688287438      3.238194236966
    8      0.058544618674      0.049710892435      2.566286252172
    8     -1.870199894855      3.333931848621      2.407993878425
    8      1.866995578850     -3.288788503923      2.483847598400
    8      3.720974025090      0.098324694079      2.555645307447
    8      1.900624012122      3.165847300155      2.430370877157
    8      5.587539849820     -3.306930107704      2.401223811878
    8     -3.839197504173      0.024498134859      2.480098953212
    8     -5.668304857741      3.274000146744      2.368152291859
    8     -1.801764030140     -3.305897886194      2.461689798613
    8      1.891185191913     -1.100228927423      0.856741580479
    8     -0.026410617702      2.173181583889      0.846502792073
    8      3.733328757654     -4.335516454826      0.840385649999
    8      5.611351060830     -1.074422232701      0.921436760481
    8      3.790457168029      2.181458042232      0.832623038483
    8      7.546458281509     -4.361169962868      0.891086347662
    8     -1.881292735640     -1.068613719344      0.901937743070
    8     -3.754877637002      2.177556007422      0.863342528586
    8      0.018402634823     -4.358053793822      0.845489541002
  258     -0.010430788224     -0.004437976818      0.049893191964
  258     -1.887980416288      3.279242918638      0.008524125923
  258      1.884447532146     -3.266459383683      0.029511290409
  258      3.766864911128      0.001122385159      0.035998210529
  258      1.888097409844      3.258741261070      0.014918880795
  258      5.629687579834     -3.256460566213      0.045622541459
  258     -3.771402179385     -0.008833911954      0.050597033523
  258     -5.642739796181      3.266127811998     -0.011191667192
  258     -1.874469021034     -3.256118091775      0.052834364955
    8     -1.891517065798      1.078701651725     -0.754995094360
    8     -3.767015426891      4.345758217643     -0.779464445878
    8     -0.013522684460     -2.168252922636     -0.747143517250
    8      1.880927406762      1.089166301827     -0.745679752087
    8      0.011330465880      4.360100337690     -0.750352407008
    8      3.773321616937     -2.159540221936     -0.761191587008
    8     -5.646619194052      1.069616072512     -0.755523026021
    8     -7.538340438135      4.355178871523     -0.756436139146
    8     -3.777428088376     -2.176137883226     -0.725374408061
    8      0.000000000000      0.000000000000     -2.343480358560
    8     -1.881115495136      3.263685566716     -2.343480358560
    8      1.881115495142     -3.263685566711     -2.343480358560
    8      3.768907441463      0.003857230169     -2.343480358560
    8      1.887791946317      3.267542796890     -2.343480358560
    8      5.650022936612     -3.259828336544     -2.343480358560
    8     -3.768907441463     -0.003857230179     -2.343480358560
    8     -5.650022936612      3.259828336544     -2.343480358560
    8     -1.887791946322     -3.267542796886     -2.343480358560
  258     -1.883340978867      1.086609445516     -3.124640478080
  258     -3.764456474002      4.350295012235     -3.124640478080
  258     -0.002225483726     -2.177076121200     -3.124640478080
  258      1.885566462592      1.090466675689     -3.124640478080
  258      0.004450967453      4.354152242404     -3.124640478080
  258      3.766681957739     -2.173218891028     -3.124640478080
  258     -5.652248420369      1.082752215331     -3.124640478080
  258     -7.533363915472      4.346437782068     -3.124640478080
  258     -3.771132925190     -2.180933351374     -3.124640478080
    8      1.883340978867     -1.086609445516     -3.905800597599
    8      0.002225483726      2.177076121200     -3.905800597599
    8      3.764456474002     -4.350295012235     -3.905800597599
    8      5.652248420369     -1.082752215331     -3.905800597599
    8      3.771132925194      2.180933351375     -3.905800597599
    8      7.533363915472     -4.346437782068     -3.905800597599
    8     -1.885566462592     -1.090466675689     -3.905800597599
    8     -3.766681957741      2.173218891028     -3.905800597599
    8     -0.004450967454     -4.354152242404     -3.905800597599
    8     -0.305899737995     -4.445459980452      5.877101346940
    1      5.474307627146      7.335937715973      5.256750540284
    1      0.342730418099     -5.003469597020      6.374800432045
    1     -1.095547281959     -4.991101330385      5.654018274501
    8      2.059919296862      1.528740012140      4.920646743727
    1      2.216640127329      0.700173566110      5.455155531353
    1      1.700748243587      2.227902144290      5.561725717270
    8      6.159565581753     -1.040201570434      6.045471769219
    1      5.973702055574     -0.169960927553      6.489450188346
    1      5.682681623858     -1.731402164255      6.530329128711
    8     -5.576555405753      1.523397957160      6.657722029819
    1     -5.686832918503      1.454819555209      5.611957991387
    1      4.856053331799      1.665900221669      7.058148571694
    1      0.558450187751      3.942200455236      5.501109256247
    8      6.511711345240     -6.375578555723      6.347073257961
    1      7.036247734528     -5.795203483301      6.920111336019
    1     -4.040309999792      3.861539108461      8.126970045482
    8     -4.126208977297      3.740098546183      7.166615974682
    1     -4.573780387658      2.858253278365      7.025244136964
    1     -1.817808221476     -0.593620254132      6.427031215809
    8     -2.249110714201     -1.294638821841      5.887418541226
    1     -3.215719142614     -1.306061683587      6.059199941895
    1     -1.237208990780      4.677498454238      6.279173548451
    8     -2.026057660604      5.133125872436      5.942778824844
    1     -2.800702301280      4.585660664840      6.217318694241
    1      8.931289431289      8.269141325003      5.436459694302
    1      7.765425108738      8.478088639308      6.573106748564
    8      8.288116544545      8.931466088429      5.894215334442
    8      4.988705770671     10.651996654839      6.346285239881
    1      4.379444413745     10.936646250222      5.601806436656
    1      5.176079415471     11.430128190327      6.895717833325
    0    0
