   2   1   1 E -1.7585000711490E+04 DE-3.4E-08( 16)
  0.113066057818E+02  0.110783977911E-01  0.000000000000E+00
 -0.564371594205E+01  0.979150552918E+01  0.000000000000E+00
  0.000000000000E+00  0.000000000000E+00  0.500000000000E+03
    1
  0.100000000000E+01  0.000000000000E+00  0.000000000000E+00
  0.000000000000E+00  0.100000000000E+01  0.000000000000E+00
  0.000000000000E+00  0.000000000000E+00  0.100000000000E+01
  0.000000000000E+00  0.000000000000E+00  0.000000000000E+00
  111
    8     -1.979729411241      1.243346815040      4.111750577034
    8     -3.820160537336      4.288492407902      4.019564746227
    8      0.026207165636     -2.212091410816      4.337564847130
    8      0.087454260927      4.385287889755      4.156026594832
    8      3.885790514878     -2.208846932297      4.162097427297
    8     -5.670254104180      1.226167916402      4.167552730030
    8     -7.567466598365      4.272872895556      4.099665652814
    8     -3.859608361284     -2.306412193914      3.939507135117
  258      1.903732911974     -1.156655736640      3.216563190235
  258     -0.093992956730      2.219951522962      3.159413352706
  258      3.766171323719     -4.348517461090      3.317884679807
  258      5.664565962613     -1.107312423463      3.294206636272
  258      3.849138393938      2.254646279783      3.153719140280
  258      7.542081686858     -4.349696181234      3.169490171970
  258     -1.939452914827     -1.060019515419      3.328342778106
  258     -3.766956875197      2.203966994552      3.192792090745
  258      0.017565609960     -4.409882532647      3.237122328275
    8      0.058743010187      0.047527746027      2.567584653760
    8     -1.868825119404      3.336023432885      2.409094895134
    8      1.869574609649     -3.287429776528      2.484184320324
    8      3.721327643123      0.098815733143      2.554746142856
    8      1.902495007905      3.167426853292      2.431111000223
    8      5.590180687750     -3.306210238409      2.401101088431
    8     -3.838504038141      0.023926906825      2.476786912215
    8     -5.666343265233      3.275556443983      2.366656947007
    8     -1.801232575075     -3.304245262971      2.461081888855
    8      1.891689132062     -1.099662306818      0.857045260524
    8     -0.025526953839      2.173138801053      0.847008642430
    8      3.734589744508     -4.335042875521      0.840696549381
    8      5.610850491221     -1.074577349806      0.920228323546
    8      3.791209150767      2.182142830083      0.831630849972
    8      7.547404357250     -4.361382838422      0.890986370766
    8     -1.880231315547     -1.067762244630      0.901918454964
    8     -3.753391372983      2.178569743091      0.862386157465
    8      0.019639883092     -4.357076822485      0.845420320389
  258     -0.009808608037     -0.003907227048      0.049951198134
  258     -1.887089033203      3.279793062882      0.008724323244
  258      1.885413852073     -3.265716345544      0.029433439974
  258      3.767321429931      0.001182138216      0.035842006463
  258      1.888187145358      3.259166764468      0.015542710114
  258      5.630656685050     -3.256469053930      0.045298951429
  258     -3.770991841584     -0.008367070991      0.049560306445
  258     -5.642012139268      3.267231001954     -0.012120587563
  258     -1.873683317371     -3.256090546414      0.052739210098
    8     -1.890874518952      1.079030246045     -0.755531919780
    8     -3.766374724704      4.346611238213     -0.779444025122
    8     -0.012788628040     -2.167895352617     -0.747235954018
    8      1.881283573958      1.089468482029     -0.745972544938
    8      0.011527348733      4.360388385380     -0.750275474926
    8      3.773368417032     -2.159852367440     -0.761503147678
    8     -5.645911496374      1.070562744551     -0.755634852222
    8     -7.537826148318      4.356128910215     -0.756415950738
    8     -3.776465938592     -2.175769301291     -0.725344808809
    8      0.000000000000      0.000000000000     -2.343480358560
    8     -1.881238647346      3.263835176397     -2.343480358560
    8      1.881238647352     -3.263835176392     -2.343480358560
    8      3.768868593914      0.003692799260     -2.343480358560
    8      1.887629946559      3.267527975662     -2.343480358560
    8      5.650107241273     -3.260142377134     -2.343480358560
    8     -3.768868593914     -0.003692799270     -2.343480358560
    8     -5.650107241273      3.260142377134     -2.343480358560
    8     -1.887629946564     -3.267527975658     -2.343480358560
  258     -1.883369080421      1.086714125713     -3.124640478080
  258     -3.764607727765      4.350549302113     -3.124640478080
  258     -0.002130433070     -2.177121050684     -3.124640478080
  258      1.885499513490      1.090406924976     -3.124640478080
  258      0.004260866141      4.354242101372     -3.124640478080
  258      3.766738160846     -2.173428251422     -3.124640478080
  258     -5.652237674374      1.083021326437     -3.124640478080
  258     -7.533476321686      4.346856502855     -3.124640478080
  258     -3.770999026985     -2.180813849949     -3.124640478080
    8      1.883369080421     -1.086714125713     -3.905800597599
    8      0.002130433070      2.177121050684     -3.905800597599
    8      3.764607727765     -4.350549302113     -3.905800597599
    8      5.652237674374     -1.083021326437     -3.905800597599
    8      3.770999026989      2.180813849950     -3.905800597599
    8      7.533476321686     -4.346856502855     -3.905800597599
    8     -1.885499513490     -1.090406924976     -3.905800597599
    8     -3.766738160848      2.173428251422     -3.905800597599
    8     -0.004260866142     -4.354242101372     -3.905800597599
    8     -0.297411830642     -4.445408224483      5.872168161300
    1      5.474862668056      7.336420076925      5.254697327119
    1      0.348797322596     -5.004616597041      6.371521053432
    1     -1.089185303171     -4.988906713392      5.649901707805
    8      2.074664302885      1.530434206724      4.924440603722
    1      2.226295854463      0.701169385363      5.458828091067
    1      1.718568969261      2.233115950382      5.563877743563
    8      6.170882088534     -1.030057831007      6.047048972174
    1      5.982010045753     -0.159466031598      6.489067332369
    1      5.702121891924     -1.722619023825      6.537703359843
    8     -5.574610493768      1.533621816859      6.653450774408
    1     -5.684694636045      1.460584709564      5.607665128623
    1      4.857658682215      1.677098161841      7.052794131673
    1      0.572546491432      3.946805074532      5.503444109744
    8      6.536720433414     -6.368209491222      6.346741812602
    1      7.057621695014     -5.782488662591      6.917607157234
    1     -4.027124481512      3.857690403045      8.129125130215
    8     -4.115811152261      3.742734907176      7.168223383167
    1     -4.568357161175      2.864022624679      7.022549337356
    1     -1.805128048223     -0.581789887083      6.421644111682
    8     -2.239222864985     -1.285505370319      5.888098426332
    1     -3.205552408647     -1.292003052403      6.061071278270
    1     -1.229226994548      4.692421000435      6.273915263376
    8     -2.023552873790      5.142041042735      5.943009154350
    1     -2.793426693431      4.589304939716      6.220752759578
    1      8.933189268046      8.266743916511      5.437122714721
    1      7.774771336876      8.473718285256      6.581606675000
    8      8.287618575485      8.926485996032      5.894966583650
    8      5.002771753926     10.673207253967      6.329838547672
    1      4.381566933206     10.949085698961      5.591801436886
    1      5.186255713375     11.452681282120      6.878839076717
    0    0
