   2   1   1 E -1.7585000579357E+04 DE-1.9E-08( 16)
  0.113071791143E+02  0.103535572022E-01  0.000000000000E+00
 -0.564463068754E+01  0.979237131571E+01  0.000000000000E+00
  0.000000000000E+00  0.000000000000E+00  0.500000000000E+03
    1
  0.100000000000E+01  0.000000000000E+00  0.000000000000E+00
  0.000000000000E+00  0.100000000000E+01  0.000000000000E+00
  0.000000000000E+00  0.000000000000E+00  0.100000000000E+01
  0.000000000000E+00  0.000000000000E+00  0.000000000000E+00
  111
    8     -1.996657622141      1.236379074661      4.109189827324
    8     -3.820672100439      4.289456044269      4.017136217321
    8      0.026243712798     -2.212959999738      4.333220981003
    8      0.087812701046      4.389508245722      4.162835402695
    8      3.890673488251     -2.206721671788      4.159889723720
    8     -5.670913662194      1.224346147736      4.164806542282
    8     -7.563259974792      4.273798326291      4.097625486612
    8     -3.855814595214     -2.305886104471      3.943136161924
  258      1.906087170454     -1.157382499046      3.214892282434
  258     -0.092138739682      2.219487049369      3.173761414681
  258      3.768343292357     -4.349205580890      3.315926942031
  258      5.668001070942     -1.107197845289      3.293050637695
  258      3.850560482768      2.254413197574      3.149778097549
  258      7.543875897730     -4.350300883923      3.169387815635
  258     -1.940178207811     -1.060639328240      3.325354095368
  258     -3.767837156408      2.204508945561      3.187908734755
  258      0.019439713317     -4.409953307002      3.235472321188
    8      0.060706394254      0.047201214759      2.577391013012
    8     -1.865690148600      3.337812650689      2.412360414220
    8      1.872149781504     -3.287506790700      2.483589001332
    8      3.722404379464      0.098421936822      2.550922897497
    8      1.902192671750      3.168193349334      2.434802142453
    8      5.593850974847     -3.307569906640      2.401498601461
    8     -3.840317104123      0.019569254896      2.469645902233
    8     -5.665913509898      3.276122102284      2.363132605698
    8     -1.801794254501     -3.302805499974      2.459685522249
    8      1.890967494449     -1.099219309277      0.858195795666
    8     -0.025341375666      2.171750720705      0.850377613815
    8      3.735582415382     -4.334988566078      0.841188432451
    8      5.609646819344     -1.077556698298      0.917964984548
    8      3.790111055351      2.182456960782      0.830058403403
    8      7.548883159696     -4.362578625981      0.890555251884
    8     -1.877083859494     -1.066169992210      0.904268324224
    8     -3.751436632589      2.179087451616      0.860018544224
    8      0.020257902472     -4.356053274342      0.845079806761
  258     -0.009496731574     -0.002251012808      0.051004000723
  258     -1.885214492604      3.279002558043      0.011224565785
  258      1.885874004928     -3.265687960971      0.027963448843
  258      3.767416474709      0.000839010313      0.035282954731
  258      1.886364578189      3.258581437400      0.018033985137
  258      5.631615937312     -3.257093687375      0.044706287229
  258     -3.770588048039     -0.008711251809      0.048885548286
  258     -5.642285258738      3.268388869039     -0.014122061640
  258     -1.872901875844     -3.256225398432      0.051777215665
    8     -1.889822325200      1.078745436422     -0.755971416360
    8     -3.766419610685      4.347411959750     -0.779109290590
    8     -0.012594353647     -2.167390408829     -0.747886852150
    8      1.881017638352      1.089235762786     -0.746334148297
    8      0.011372483076      4.360077352083     -0.749769790889
    8      3.772881207039     -2.160662929269     -0.762498500003
    8     -5.646209392324      1.070775751082     -0.754488589780
    8     -7.538366507276      4.357034743552     -0.756425028102
    8     -3.775228791062     -2.175304734878     -0.724808246716
    8      0.000000000000      0.000000000000     -2.343480358560
    8     -1.881543562509      3.264123771908     -2.343480358560
    8      1.881543562515     -3.264123771903     -2.343480358560
    8      3.769059704739      0.003451185730     -2.343480358560
    8      1.887516142221      3.267574957643     -2.343480358560
    8      5.650603267261     -3.260672586175     -2.343480358560
    8     -3.769059704739     -0.003451185740     -2.343480358560
    8     -5.650603267261      3.260672586175     -2.343480358560
    8     -1.887516142226     -3.267574957639     -2.343480358560
  258     -1.883534422417      1.086890862060     -3.124640478080
  258     -3.765077984924      4.351014633971     -3.124640478080
  258     -0.001990859903     -2.177232909848     -3.124640478080
  258      1.885525282319      1.090342047793     -3.124640478080
  258      0.003981719807      4.354465819700     -3.124640478080
  258      3.767068844838     -2.173781724116     -3.124640478080
  258     -5.652594127195      1.083439676313     -3.124640478080
  258     -7.534137689670      4.347563448242     -3.124640478080
  258     -3.771050564643     -2.180684095584     -3.124640478080
    8      1.883534422417     -1.086890862060     -3.905800597599
    8      0.001990859903      2.177232909848     -3.905800597599
    8      3.765077984924     -4.351014633971     -3.905800597599
    8      5.652594127195     -1.083439676313     -3.905800597599
    8      3.771050564647      2.180684095585     -3.905800597599
    8      7.534137689670     -4.347563448242     -3.905800597599
    8     -1.885525282319     -1.090342047793     -3.905800597599
    8     -3.767068844840      2.173781724116     -3.905800597599
    8     -0.003981719808     -4.354465819700     -3.905800597599
    8     -0.301576808471     -4.449469066789      5.882309261691
    1      5.478262528727      7.332029444678      5.250375133689
    1      0.344182626088     -5.011020001115      6.379279104429
    1     -1.090361623328     -4.993255625584      5.650067927356
    8      2.074581487959      1.526011743539      4.913750285161
    1      2.227592672402      0.696865650435      5.448064189307
    1      1.731826647213      2.231923319654      5.555476537884
    8      6.190525698818     -1.018864892640      6.050753066047
    1      5.991796676557     -0.148528128168      6.489834678958
    1      5.730254832833     -1.714475378009      6.545179730270
    8     -5.576837312816      1.542295659735      6.647346867395
    1     -5.685677106039      1.463857979894      5.600844000934
    1      4.855375903393      1.682866785619      7.046091051600
    1      0.591208826537      3.956102621409      5.512306734149
    8      6.571783332032     -6.359087313615      6.347707406992
    1      7.095073815199     -5.771305108345      6.914016727171
    1     -4.032043380782      3.860685202963      8.129429845400
    8     -4.114904891003      3.745590271824      7.168007911906
    1     -4.569778740056      2.868125015549      7.019727614258
    1     -1.787456311117     -0.572548962551      6.421617374523
    8     -2.229047879413     -1.270349801911      5.888559047075
    1     -3.195304533175     -1.263938989258      6.066382529653
    1     -1.227584920481      4.720531450927      6.283719329922
    8     -2.028878043021      5.153595665261      5.946898863025
    1     -2.791616596021      4.592782365773      6.228589332232
    1      8.936638353928      8.263379779999      5.436934417440
    1      7.769394024027      8.467620349584      6.573212339173
    8      8.289050373117      8.922490966199      5.893134877161
    8      5.018207470964     10.701884340586      6.298160283668
    1      4.371381604445     10.972768824134      5.577946524170
    1      5.222448589164     11.485875084377      6.835611278052
    0    0
