   2   1   1 E -1.7585000744791E+04 DE-2.5E-08( 15)
  0.113066866138E+02  0.116179362573E-01  0.000000000000E+00
 -0.564328857435E+01  0.979101671692E+01  0.000000000000E+00
  0.000000000000E+00  0.000000000000E+00  0.500000000000E+03
    1
  0.100000000000E+01  0.000000000000E+00  0.000000000000E+00
  0.000000000000E+00  0.100000000000E+01  0.000000000000E+00
  0.000000000000E+00  0.000000000000E+00  0.100000000000E+01
  0.000000000000E+00  0.000000000000E+00  0.000000000000E+00
  111
    8     -1.975365268361      1.245887295666      4.115102154559
    8     -3.821241930083      4.286471830779      4.020149068302
    8      0.027022553968     -2.212867416530      4.339995005870
    8      0.085227022900      4.380057193574      4.151794670602
    8      3.881848089156     -2.210830546044      4.163045618251
    8     -5.672177258579      1.225341071007      4.170576126352
    8     -7.572007663173      4.269845747986      4.100305147307
    8     -3.863023122126     -2.309340245567      3.936741612997
  258      1.902371326784     -1.158581450759      3.215214148116
  258     -0.096795195584      2.218557006654      3.158805078872
  258      3.763708021412     -4.349746539688      3.318084309366
  258      5.662868014595     -1.108774996485      3.294535033507
  258      3.846470188239      2.252907826519      3.155742165063
  258      7.540221380967     -4.351097513412      3.167634782206
  258     -1.941287725244     -1.061941275677      3.330616353722
  258     -3.768966210312      2.202378419931      3.194961213416
  258      0.015209665982     -4.411089042199      3.238253614554
    8      0.059116447209      0.050938509252      2.567282282002
    8     -1.870150189300      3.333366708017      2.407810444906
    8      1.866513544881     -3.289462154644      2.483602984174
    8      3.721252149944      0.098121064638      2.555394694105
    8      1.899699430437      3.165008520150      2.430381150916
    8      5.587015618418     -3.307369257096      2.401407176783
    8     -3.839459896949      0.024471217538      2.480118126876
    8     -5.668736730314      3.273424807424      2.368313770566
    8     -1.801702787488     -3.306223537556      2.461620899244
    8      1.890956612379     -1.100336332272      0.856671948443
    8     -0.026793535047      2.173072988068      0.846574015403
    8      3.733016085307     -4.335613229991      0.840273563223
    8      5.611327948997     -1.074831302941      0.921544506077
    8      3.789966248081      2.181299018510      0.832729207512
    8      7.546359359458     -4.361259774335      0.891007387212
    8     -1.880889169413     -1.068528727936      0.902404582913
    8     -3.755029892252      2.177392517210      0.863195880997
    8      0.018130451100     -4.358335491551      0.845260049210
  258     -0.010544989963     -0.004299814980      0.049923686955
  258     -1.888009028484      3.278956905223      0.008759759935
  258      1.884183893905     -3.266706666226      0.029246180648
  258      3.766753179653      0.001060082268      0.035889576158
  258      1.887687943478      3.258463258706      0.014984945575
  258      5.629430771318     -3.256507386164      0.045538946489
  258     -3.771367636899     -0.008964973128      0.050861589215
  258     -5.642928327290      3.265960507753     -0.011155856795
  258     -1.874467785276     -3.256138562784      0.052626892102
    8     -1.891562635342      1.078473259727     -0.755025650814
    8     -3.767251272727      4.345577366854     -0.779443028287
    8     -0.013704345359     -2.168230344525     -0.747265409204
    8      1.880723253971      1.089029351461     -0.745782216877
    8      0.011258254442      4.360049571526     -0.750339689799
    8      3.773250439383     -2.159569633274     -0.761268037243
    8     -5.646781657981      1.069311020320     -0.755286290254
    8     -7.538557895724      4.354952539296     -0.756409656190
    8     -3.777413172225     -2.176111973974     -0.725263486960
    8      0.000000000000      0.000000000000     -2.343480358560
    8     -1.881096191448      3.263672238980     -2.343480358560
    8      1.881096191454     -3.263672238975     -2.343480358560
    8      3.768895537896      0.003872645415     -2.343480358560
    8      1.887799346439      3.267544884400     -2.343480358560
    8      5.649991729357     -3.259799593561     -2.343480358560
    8     -3.768895537896     -0.003872645425     -2.343480358560
    8     -5.649991729357      3.259799593561     -2.343480358560
    8     -1.887799346444     -3.267544884396     -2.343480358560
  258     -1.883330576449      1.086599864522     -3.124640478080
  258     -3.764426767895      4.350272103505     -3.124640478080
  258     -0.002234384996     -2.177072374458     -3.124640478080
  258      1.885564961444      1.090472509941     -3.124640478080
  258      0.004468769994      4.354144748919     -3.124640478080
  258      3.766661152902     -2.173199729040     -3.124640478080
  258     -5.652226114384      1.082727219091     -3.124640478080
  258     -7.533322305798      4.346399458091     -3.124640478080
  258     -3.771129922893     -2.180945019878     -3.124640478080
    8      1.883330576449     -1.086599864522     -3.905800597599
    8      0.002234384996      2.177072374458     -3.905800597599
    8      3.764426767895     -4.350272103505     -3.905800597599
    8      5.652226114384     -1.082727219091     -3.905800597599
    8      3.771129922897      2.180945019879     -3.905800597599
    8      7.533322305798     -4.346399458091     -3.905800597599
    8     -1.885564961444     -1.090472509941     -3.905800597599
    8     -3.766661152904      2.173199729040     -3.905800597599
    8     -0.004468769995     -4.354144748919     -3.905800597599
    8     -0.305315787440     -4.447882017878      5.876855465663
    1      5.474536853775      7.334756773804      5.256517513526
    1      0.341945130191     -5.007593383691      6.374649700647
    1     -1.096502722955     -4.991490858660      5.653773467652
    8      2.057601894861      1.529369057139      4.922048203152
    1      2.214593359378      0.700300549990      5.455843765370
    1      1.699062394701      2.227904154615      5.563703091582
    8      6.158400966683     -1.042791119705      6.044186767772
    1      5.972541013442     -0.172796489316      6.488850223355
    1      5.678143156113     -1.733708277360      6.526178987935
    8     -5.575505327569      1.520363504340      6.658605496431
    1     -5.686452347593      1.453079508398      5.612896166050
    1      4.857347787746      1.662510424624      7.059770447286
    1      0.557218600912      3.942999416962      5.501336781155
    8      6.508212339684     -6.373716055850      6.348664451617
    1      7.033571111235     -5.793489853400      6.921089856793
    1     -4.035724662684      3.855924680170      8.128285426773
    8     -4.124891119381      3.737032314657      7.167894533828
    1     -4.572978444411      2.855627385845      7.025920038523
    1     -1.820032140780     -0.594851619370      6.426207455467
    8     -2.251115690989     -1.296028464904      5.886686724789
    1     -3.217737273852     -1.307675844354      6.058438461815
    1     -1.235986359681      4.674954904460      6.282212630608
    8     -2.023857836216      5.128688649261      5.941285101273
    1     -2.799036747741      4.582617518239      6.216617804883
    1      8.931216135004      8.269572616870      5.436292103388
    1      7.770159483548      8.478700308957      6.577651146514
    8      8.288118445274      8.931532478860      5.894786549714
    8      4.985645366951     10.651132978732      6.348998525569
    1      4.377720484190     10.936589972348      5.603798294749
    1      5.172254192004     11.427818959908      6.900413023650
    0    0
