   2   1   1 E -1.7585000613681E+04 DE-1.3E-07( 10)
  0.113069961416E+02  0.103978929185E-01  0.000000000000E+00
 -0.564450079214E+01  0.979219890003E+01  0.000000000000E+00
  0.000000000000E+00  0.000000000000E+00  0.500000000000E+03
    1
  0.100000000000E+01  0.000000000000E+00  0.000000000000E+00
  0.000000000000E+00  0.100000000000E+01  0.000000000000E+00
  0.000000000000E+00  0.000000000000E+00  0.100000000000E+01
  0.000000000000E+00  0.000000000000E+00  0.000000000000E+00
  111
    8     -1.994732771360      1.236578072518      4.109436129180
    8     -3.820487751817      4.289171061053      4.017219424556
    8      0.026122272004     -2.212916539032      4.333347596984
    8      0.088042708562      4.388910792891      4.162015747592
    8      3.890249676022     -2.206850002276      4.160012822351
    8     -5.670785403180      1.224442366403      4.164985651328
    8     -7.563485529168      4.273539921331      4.097756799289
    8     -3.856191508118     -2.306047391187      3.942616282469
  258      1.905821731746     -1.157296455407      3.215039146096
  258     -0.092173878670      2.219385593299      3.171918486036
  258      3.768182960663     -4.349242596505      3.316037558565
  258      5.667623192078     -1.107236478972      3.293069402794
  258      3.850423522174      2.254329978586      3.149988082450
  258      7.543650207674     -4.350315963400      3.169373015030
  258     -1.940086217203     -1.060650701901      3.325358861529
  258     -3.767470955600      2.204312937600      3.188309658848
  258      0.019406232047     -4.410023940041      3.235495912038
    8      0.060395159790      0.046854033583      2.576229653356
    8     -1.866017924760      3.337594796561      2.411957723105
    8      1.871992563454     -3.287497233981      2.483633869516
    8      3.722207256755      0.098425375450      2.551223917705
    8      1.902309931349      3.167972213055      2.434305710014
    8      5.593521021002     -3.307452962038      2.401328265775
    8     -3.840009824066      0.019900222438      2.470105323362
    8     -5.665810594281      3.275953232055      2.363451432881
    8     -1.801740958617     -3.302935341925      2.459697985569
    8      1.891065085893     -1.099247945669      0.858047578554
    8     -0.025373709183      2.171789011741      0.849890694350
    8      3.735449262282     -4.335018944471      0.841101751739
    8      5.609613977702     -1.077273452576      0.918081256906
    8      3.790227431084      2.182327192844      0.830160178038
    8      7.548663202198     -4.362558888263      0.890573539789
    8     -1.877393301037     -1.066360774657      0.903961542690
    8     -3.751528798184      2.178971876409      0.860179955967
    8      0.020251910786     -4.356155090757      0.845040136238
  258     -0.009505450147     -0.002477458005      0.050846819682
  258     -1.885396925537      3.279015364507      0.010887174759
  258      1.885835143583     -3.265615458296      0.028111586321
  258      3.767367210789      0.000811816821      0.035297877459
  258      1.886495666475      3.258560959274      0.017737948282
  258      5.631506921169     -3.257066480502      0.044667334121
  258     -3.770588293215     -0.008709308391      0.048855659275
  258     -5.642162866342      3.268223863554     -0.013972981876
  258     -1.872960271280     -3.256247611028      0.051847992949
    8     -1.889886730777      1.078711004631     -0.755996565604
    8     -3.766378816137      4.347281928746     -0.779157756682
    8     -0.012578857160     -2.167406071727     -0.747844594806
    8      1.881018081907      1.089234488569     -0.746367624587
    8      0.011393569690      4.360056819150     -0.749860288441
    8      3.772896983023     -2.160635154154     -0.762457106011
    8     -5.646072734852      1.070764107382     -0.754642149632
    8     -7.538252510444      4.356888742347     -0.756418815239
    8     -3.775289830179     -2.175355688173     -0.724884917326
    8      0.000000000000      0.000000000000     -2.343480358560
    8     -1.881500264043      3.264066300016     -2.343480358560
    8      1.881500264049     -3.264066300011     -2.343480358560
    8      3.768998713822      0.003465964303     -2.343480358560
    8      1.887498449769      3.267532264323     -2.343480358560
    8      5.650498977878     -3.260600335710     -2.343480358560
    8     -3.768998713822     -0.003465964313     -2.343480358560
    8     -5.650498977878      3.260600335710     -2.343480358560
    8     -1.887498449774     -3.267532264319     -2.343480358560
  258     -1.883499659289      1.086866778572     -3.124640478080
  258     -3.764999923330      4.350933078590     -3.124640478080
  258     -0.001999395241     -2.177199521444     -3.124640478080
  258      1.885499054529      1.090332742877     -3.124640478080
  258      0.003998790483      4.354399042892     -3.124640478080
  258      3.766999318582     -2.173733557139     -3.124640478080
  258     -5.652498373150      1.083400814253     -3.124640478080
  258     -7.533998637159      4.347467114290     -3.124640478080
  258     -3.770998109064     -2.180665485751     -3.124640478080
    8      1.883499659289     -1.086866778572     -3.905800597599
    8      0.001999395241      2.177199521444     -3.905800597599
    8      3.764999923330     -4.350933078590     -3.905800597599
    8      5.652498373150     -1.083400814253     -3.905800597599
    8      3.770998109068      2.180665485752     -3.905800597599
    8      7.533998637159     -4.347467114290     -3.905800597599
    8     -1.885499054529     -1.090332742877     -3.905800597599
    8     -3.766999318584      2.173733557139     -3.905800597599
    8     -0.003998790484     -4.354399042892     -3.905800597599
    8     -0.302647798986     -4.447661134011      5.882222313426
    1      5.477827649992      7.332265468006      5.250537964555
    1      0.346375642858     -5.008572880648      6.375626840313
    1     -1.090435379183     -4.993023319673      5.650383757679
    8      2.077381307716      1.526559631690      4.915616094742
    1      2.227979380885      0.696815538972      5.449401950683
    1      1.732021340684      2.231808577604      5.556720945848
    8      6.189916600024     -1.019894624069      6.050123020400
    1      5.991429020739     -0.149733919291      6.489450726569
    1      5.729334896433     -1.715478649976      6.544290443952
    8     -5.576537135669      1.541303030119      6.647828380118
    1     -5.685487801837      1.463404243434      5.601420780287
    1      4.855586400716      1.682028176842      7.046652379534
    1      0.589639447394      3.954227738263      5.511262774857
    8      6.568627301615     -6.361161735795      6.347363765502
    1      7.090181999451     -5.773235741921      6.915313541535
    1     -4.030893444149      3.860046221376      8.129340545848
    8     -4.115120667943      3.745201513987      7.168015070213
    1     -4.569584644612      2.867519551547      7.020183589293
    1     -1.788555132492     -0.567965173796      6.421063856694
    8     -2.227781379314     -1.269292295009      5.890089906100
    1     -3.194336153134     -1.265252065034      6.066667996695
    1     -1.229719422489      4.721334406174      6.281828081608
    8     -2.030534957862      5.154147351566      5.944440005252
    1     -2.793206301024      4.593475317454      6.226583190626
    1      8.935641937193      8.264295526731      5.436354351368
    1      7.768946655670      8.469486787380      6.573180796387
    8      8.287891237120      8.923726758719      5.892061666107
    8      5.019452843541     10.701738101364      6.299311211165
    1      4.373746150835     10.970379433782      5.578627771401
    1      5.217189735823     11.483080811805      6.841919191733
    0    0
