   2   1   1 E -1.7585000339646E+04 DE-3.7E-08( 17)
  0.113076463398E+02  0.104118261343E-01  0.000000000000E+00
 -0.564481270057E+01  0.979152370325E+01  0.000000000000E+00
  0.000000000000E+00  0.000000000000E+00  0.500000000000E+03
    1
  0.100000000000E+01  0.000000000000E+00  0.000000000000E+00
  0.000000000000E+00  0.100000000000E+01  0.000000000000E+00
  0.000000000000E+00  0.000000000000E+00  0.100000000000E+01
  0.000000000000E+00  0.000000000000E+00  0.000000000000E+00
  111
    8     -2.010546016227      1.236379831213      4.104109266894
    8     -3.822124782508      4.289732873861      4.015960094320
    8      0.027786741217     -2.214169047368      4.332970549761
    8      0.086420271826      4.389647791924      4.167573800059
    8      3.891045204091     -2.205334292303      4.158483521552
    8     -5.670892534463      1.221611589154      4.163063370448
    8     -7.561519068886      4.274391868117      4.095639212018
    8     -3.854883930876     -2.305105752942      3.945986425861
  258      1.907433488922     -1.158854286136      3.211137629582
  258     -0.092774204752      2.218632266786      3.186990885397
  258      3.769343986938     -4.348800465574      3.315031092312
  258      5.669039567374     -1.107943785285      3.291584780148
  258      3.850178880878      2.254776548797      3.147511793878
  258      7.544321297783     -4.350544765341      3.167688978276
  258     -1.940210646670     -1.061005855061      3.324739055203
  258     -3.771298902307      2.205315796763      3.183946631909
  258      0.018365347595     -4.409102782871      3.235254725490
    8      0.064291373624      0.050887526840      2.584551481996
    8     -1.862737760871      3.337627506589      2.414413162098
    8      1.872262301661     -3.288294409456      2.483102763433
    8      3.723099152111      0.097814099432      2.547037416142
    8      1.900110548788      3.169000642850      2.436784298416
    8      5.595109073724     -3.309262801174      2.402222559271
    8     -3.843188115131      0.016236683686      2.465169142049
    8     -5.666797112418      3.276214240898      2.360012543295
    8     -1.802402252260     -3.302550581930      2.459362205686
    8      1.888965682128     -1.100023856364      0.858197383223
    8     -0.025003484918      2.170432666761      0.853492161363
    8      3.736508107973     -4.334029403512      0.841606996782
    8      5.609391855927     -1.080446209703      0.916334044012
    8      3.788199037190      2.183479231713      0.828418756208
    8      7.549782196949     -4.361774199840      0.888920256673
    8     -1.874216557774     -1.064911500271      0.905443827297
    8     -3.750673431160      2.179115719374      0.858497729540
    8      0.019865346626     -4.354994635473      0.845221335889
  258     -0.009698500146     -0.000682699110      0.051323796609
  258     -1.883345585146      3.277804489000      0.013758007698
  258      1.885747847784     -3.266831698836      0.026066758027
  258      3.767175592799      0.000852641146      0.034456304162
  258      1.885316832902      3.257862058209      0.019859817204
  258      5.631371917347     -3.256746225430      0.044973117785
  258     -3.770399179496     -0.009235340751      0.048454658291
  258     -5.643009490647      3.268810482890     -0.015812419322
  258     -1.872110766980     -3.255794107989      0.050474353707
    8     -1.889410929626      1.078638520131     -0.756493544395
    8     -3.766247025485      4.347161197196     -0.778904251932
    8     -0.012930076755     -2.167620554953     -0.748646161505
    8      1.880927356442      1.088649939011     -0.746530782885
    8      0.011077977933      4.358797188645     -0.749627349261
    8      3.771984088871     -2.160343440216     -0.762781098155
    8     -5.647142063822      1.070136269850     -0.753608279824
    8     -7.538169160357      4.356846248680     -0.757093846524
    8     -3.774353208631     -2.174730368421     -0.724892083689
    8      0.000000000000      0.000000000000     -2.343480358560
    8     -1.881604233519      3.263841234423     -2.343480358560
    8      1.881604233525     -3.263841234418     -2.343480358560
    8      3.769215446562      0.003470608708     -2.343480358560
    8      1.887611213034      3.267311843136     -2.343480358560
    8      5.650819680094     -3.260370625712     -2.343480358560
    8     -3.769215446562     -0.003470608718     -2.343480358560
    8     -5.650819680094      3.260370625712     -2.343480358560
    8     -1.887611213039     -3.267311843132     -2.343480358560
  258     -1.883606560028      1.086790208572     -3.124640478080
  258     -3.765210793545      4.350631442998     -3.124640478080
  258     -0.002002326504     -2.177051025851     -3.124640478080
  258      1.885608886531      1.090260817283     -3.124640478080
  258      0.004004653009      4.354102051705     -3.124640478080
  258      3.767213120060     -2.173580417141     -3.124640478080
  258     -5.652822006629      1.083319599849     -3.124640478080
  258     -7.534426240114      4.347160834293     -3.124640478080
  258     -3.771217773067     -2.180521634563     -3.124640478080
    8      1.883606560028     -1.086790208572     -3.905800597599
    8      0.002002326504      2.177051025851     -3.905800597599
    8      3.765210793545     -4.350631442998     -3.905800597599
    8      5.652822006629     -1.083319599849     -3.905800597599
    8      3.771217773071      2.180521634564     -3.905800597599
    8      7.534426240114     -4.347160834293     -3.905800597599
    8     -1.885608886531     -1.090260817283     -3.905800597599
    8     -3.767213120062      2.173580417141     -3.905800597599
    8     -0.004004653010     -4.354102051705     -3.905800597599
    8     -0.309735594508     -4.440913156278      5.884133068015
    1      5.482300446095      7.327691026769      5.250152780470
    1      0.349036510058     -4.996660767748      6.370447471062
    1     -1.091175798705     -4.994231561009      5.647356185903
    8      2.122928483971      1.535126803324      4.930868038802
    1      2.249633366209      0.698469082068      5.459942841222
    1      1.770411756701      2.239056435219      5.563592627823
    8      6.205375327252     -1.011113248849      6.060807994368
    1      6.000828922488     -0.140060821195      6.494645478736
    1      5.745433610485     -1.705720282844      6.556826482500
    8     -5.573362980584      1.547851207313      6.642386984220
    1     -5.683683497030      1.465093397542      5.595426158880
    1      4.859359521025      1.685999443055      7.041090052019
    1      0.609055742741      3.963084287556      5.517676667135
    8      6.604432459110     -6.342135944200      6.351550273367
    1      7.131588571882     -5.748254436295      6.908009389007
    1     -4.026062237221      3.860328101251      8.123039817447
    8     -4.110122132493      3.748221380766      7.161502517250
    1     -4.566386114040      2.872271847392      7.011687299313
    1     -1.773080128637     -0.557103788230      6.410697056729
    8     -2.226717603700     -1.269918923383      5.906533116919
    1     -3.194398704230     -1.248332714224      6.084436132934
    1     -1.228770538553      4.736361086154      6.272009274972
    8     -2.032177974800      5.161897091780      5.939437261835
    1     -2.788921536179      4.595376832930      6.226927310906
    1      8.939205640587      8.261307097860      5.438172106232
    1      7.779658350548      8.467741612887      6.581510300359
    8      8.291947023458      8.919754401569      5.893788496484
    8      5.080878797790     10.750894847305      6.233814031040
    1      4.379626439223     10.991579002505      5.557474786867
    1      5.248146240746     11.521451319981      6.801306725418
    0    0
