   2   1   1 E -1.7585000511000E+04 DE 1.2E-08( 11)
  0.113076096744E+02  0.103751674936E-01  0.000000000000E+00
 -0.564482696210E+01  0.979242637783E+01  0.000000000000E+00
  0.000000000000E+00  0.000000000000E+00  0.500000000000E+03
    1
  0.100000000000E+01  0.000000000000E+00  0.000000000000E+00
  0.000000000000E+00  0.100000000000E+01  0.000000000000E+00
  0.000000000000E+00  0.000000000000E+00  0.100000000000E+01
  0.000000000000E+00  0.000000000000E+00  0.000000000000E+00
  111
    8     -2.001787592109      1.236038989061      4.108158879867
    8     -3.821079856084      4.289918299736      4.017290756818
    8      0.026527209365     -2.213751992921      4.333444947073
    8      0.088618383587      4.389882868435      4.165029176843
    8      3.891587891418     -2.205827334535      4.159640114792
    8     -5.670981500228      1.223867167118      4.164220627718
    8     -7.562144625799      4.274565227061      4.096654647476
    8     -3.855038136588     -2.305606383000      3.944189908920
  258      1.906718958870     -1.157817488908      3.214426016895
  258     -0.092020354056      2.219300548066      3.178503963790
  258      3.769079002841     -4.349040717698      3.316167290203
  258      5.668896463497     -1.107139696223      3.292886624104
  258      3.851073080907      2.254720722783      3.149217049611
  258      7.544694415251     -4.350257926979      3.169117771238
  258     -1.940376252978     -1.060758941195      3.325453772007
  258     -3.768833212147      2.204832240580      3.186851499884
  258      0.019295098698     -4.409844869843      3.235521940392
    8      0.061660501592      0.048101568865      2.580412393494
    8     -1.864625365322      3.338063356997      2.413559279649
    8      1.872442931813     -3.287736987856      2.483858937499
    8      3.722893406058      0.098450686811      2.550164564983
    8      1.902061890874      3.168565397094      2.435851635005
    8      5.594735178344     -3.308015996999      2.402107405803
    8     -3.841127727169      0.018549817802      2.468338756318
    8     -5.666103324883      3.276321310511      2.362218380047
    8     -1.801928112643     -3.302583931107      2.459635211486
    8      1.890580341535     -1.099324994210      0.858577363495
    8     -0.025155317796      2.171445354357      0.851674618210
    8      3.736014195628     -4.334792215834      0.841610487137
    8      5.609746488146     -1.078356903946      0.917620646537
    8      3.789826677574      2.182780246114      0.829770529049
    8      7.549464703136     -4.362439738768      0.890351822774
    8     -1.876186344653     -1.065750215489      0.904989027972
    8     -3.751132564543      2.179230240130      0.859632826502
    8      0.020265700091     -4.355754813046      0.845302896177
  258     -0.009480448645     -0.001718212058      0.051399340860
  258     -1.884601234393      3.278765309879      0.012222212163
  258      1.885963090384     -3.265961657203      0.027626467361
  258      3.767533924266      0.000893455851      0.035229994604
  258      1.886139737608      3.258473100069      0.018795545212
  258      5.631828471555     -3.257057922017      0.044902937220
  258     -3.770542344817     -0.008820426954      0.048925739353
  258     -5.642520047074      3.268618159928     -0.014524513043
  258     -1.872697492754     -3.256130286493      0.051541781849
    8     -1.889636381769      1.078754761922     -0.755935485358
    8     -3.766412118141      4.347517199328     -0.778915990240
    8     -0.012654003526     -2.167406404104     -0.747978117041
    8      1.881070163656      1.089147228449     -0.746230973438
    8      0.011381087763      4.359882135178     -0.749532763418
    8      3.772778964582     -2.160643202772     -0.762493050055
    8     -5.646538744775      1.070653490778     -0.754101782214
    8     -7.538484293749      4.357138716412     -0.756492858903
    8     -3.775021516816     -2.175175650785     -0.724672933479
    8      0.000000000000      0.000000000000     -2.343480358560
    8     -1.881608987364      3.264142125949     -2.343480358560
    8      1.881608987370     -3.264142125944     -2.343480358560
    8      3.769203224766      0.003458389161     -2.343480358560
    8      1.887594237393      3.267600515115     -2.343480358560
    8      5.650812212143     -3.260683736785     -2.343480358560
    8     -3.769203224766     -0.003458389171     -2.343480358560
    8     -5.650812212143      3.260683736785     -2.343480358560
    8     -1.887594237398     -3.267600515111     -2.343480358560
  258     -1.883604070711      1.086894578930     -3.124640478080
  258     -3.765213058073      4.351036704882     -3.124640478080
  258     -0.001995083342     -2.177247547019     -3.124640478080
  258      1.885599154052      1.090352968094     -3.124640478080
  258      0.003990166685      4.354495094042     -3.124640478080
  258      3.767208141426     -2.173789157856     -3.124640478080
  258     -5.652807295516      1.083436189753     -3.124640478080
  258     -7.534416282846      4.347578315723     -3.124640478080
  258     -3.771198308109     -2.180705936185     -3.124640478080
    8      1.883604070711     -1.086894578930     -3.905800597599
    8      0.001995083342      2.177247547019     -3.905800597599
    8      3.765213058073     -4.351036704882     -3.905800597599
    8      5.652807295516     -1.083436189753     -3.905800597599
    8      3.771198308113      2.180705936186     -3.905800597599
    8      7.534416282846     -4.347578315723     -3.905800597599
    8     -1.885599154052     -1.090352968094     -3.905800597599
    8     -3.767208141428      2.173789157856     -3.905800597599
    8     -0.003990166686     -4.354495094042     -3.905800597599
    8     -0.293794523285     -4.445577780598      5.868828657019
    1      5.479414368506      7.330348376993      5.250503523494
    1      0.344175724565     -5.002948856258      6.380829840840
    1     -1.084814421936     -4.988633624974      5.642605658281
    8      2.100715283718      1.528166391784      4.920873025730
    1      2.255625501051      0.701620700161      5.459131310617
    1      1.752441268722      2.235071043835      5.558509569331
    8      6.196627347419     -1.016177476987      6.053322818112
    1      5.995898145830     -0.145380957087      6.491221123438
    1      5.738304814348     -1.712348618415      6.548805815848
    8     -5.575588881196      1.544599113195      6.646008400307
    1     -5.685037144038      1.464680334009      5.599287141415
    1      4.857101600678      1.684647419141      7.045305347116
    1      0.601253608765      3.959205362616      5.513663846247
    8      6.588541081107     -6.352031363087      6.348238103407
    1      7.111509660068     -5.760131907879      6.910146005134
    1     -4.027036581846      3.863561860638      8.123952521130
    8     -4.112668674132      3.747014912241      7.162871004710
    1     -4.567805652764      2.869199789710      7.016916783194
    1     -1.782456196071     -0.566366535379      6.408456754380
    8     -2.227601604411     -1.268656477817      5.885256940997
    1     -3.193100943156     -1.257354706485      6.066467561655
    1     -1.227477995778      4.727559474171      6.277441108659
    8     -2.031244751044      5.150903772735      5.931666852462
    1     -2.791873807297      4.590186719057      6.219213619517
    1      8.938249926739      8.265850099739      5.435957692115
    1      7.774688702886      8.484108095611      6.572502185468
    8      8.295995432322      8.931846780417      5.889195541299
    8      5.022568391753     10.709846531131      6.291839427545
    1      4.366956349989     10.978712975162      5.575880878308
    1      5.221658926436     11.492917739353      6.831894229665
    0    0
