   2   1   1 E -1.7585000195443E+04 DE-8.7E-08( 13)
  0.113087920059E+02  0.108820388974E-01  0.000000000000E+00
 -0.564497715335E+01  0.979119705919E+01  0.000000000000E+00
  0.000000000000E+00  0.000000000000E+00  0.500000000000E+03
    1
  0.100000000000E+01  0.000000000000E+00  0.000000000000E+00
  0.000000000000E+00  0.100000000000E+01  0.000000000000E+00
  0.000000000000E+00  0.000000000000E+00  0.100000000000E+01
  0.000000000000E+00  0.000000000000E+00  0.000000000000E+00
  111
    8     -2.018536529415      1.233315264182      4.102817972670
    8     -3.824598189363      4.288072871535      4.016738246397
    8      0.026515466682     -2.215953608264      4.336086981126
    8      0.084549712243      4.389186521726      4.171217926823
    8      3.887879534757     -2.204597275604      4.159213442226
    8     -5.672186414619      1.219554681669      4.161584023780
    8     -7.563050167348      4.274091370897      4.096518751090
    8     -3.857817997804     -2.306736618675      3.946673900516
  258      1.906657633723     -1.160112427025      3.209888627573
  258     -0.095384288173      2.216289952749      3.192789117195
  258      3.768521640186     -4.349497677776      3.315962018971
  258      5.667889297722     -1.108492855259      3.291097383685
  258      3.850256925859      2.253771793299      3.147991320784
  258      7.543575945164     -4.350552503482      3.168131479324
  258     -1.941775055262     -1.063085338183      3.326502091598
  258     -3.775138824581      2.204805920363      3.183132004914
  258      0.015975311125     -4.409778743373      3.237076203712
    8      0.065384301461      0.051735478272      2.588087574454
    8     -1.862872221992      3.335916182979      2.415558265032
    8      1.871108350988     -3.289584627594      2.484178080536
    8      3.722895554623      0.097137204103      2.545418112116
    8      1.897994031047      3.169136375005      2.438815653663
    8      5.595253389521     -3.310911431190      2.403404619346
    8     -3.846162095724      0.014573504076      2.463704020024
    8     -5.668204146898      3.275019118547      2.359384315176
    8     -1.804717714231     -3.303898530303      2.460690700399
    8      1.886792851775     -1.101502762729      0.858395652636
    8     -0.025456886773      2.169042783755      0.855253889931
    8      3.736796230918     -4.334065278291      0.842335742521
    8      5.609053529035     -1.082067527997      0.915492482838
    8      3.787127092841      2.183986810457      0.828021494603
    8      7.549830520415     -4.361614146330      0.888694663350
    8     -1.873903025146     -1.065043782113      0.905844092081
    8     -3.751431084823      2.178530105806      0.858464643140
    8      0.018867728114     -4.355597911452      0.845889323911
  258     -0.010255370684     -0.000266132333      0.051717886247
  258     -1.882954044562      3.276849131150      0.015370662476
  258      1.885373959627     -3.268396401877      0.025631511223
  258      3.766962875989      0.000532701717      0.034244428349
  258      1.884605612530      3.257072209637      0.020948625499
  258      5.630787291480     -3.256612378546      0.045686837925
  258     -3.771488021279     -0.009782231015      0.048100414765
  258     -5.643976348879      3.268558703097     -0.016269795634
  258     -1.872304772059     -3.256274518457      0.050140138304
    8     -1.890047270205      1.078327737104     -0.756705894681
    8     -3.766442458873      4.346644551595     -0.778409736314
    8     -0.013353163462     -2.168264638559     -0.748574173839
    8      1.880836309600      1.088178067436     -0.746372490661
    8      0.010625992387      4.357879692200     -0.749349986027
    8      3.771485206725     -2.160331712179     -0.762385395663
    8     -5.648183163041      1.069516992385     -0.753333869873
    8     -7.538559295143      4.356136688956     -0.757234359287
    8     -3.774603888959     -2.174663694175     -0.725028464785
    8      0.000000000000      0.000000000000     -2.343480358560
    8     -1.881659051115      3.263732353069     -2.343480358560
    8      1.881659051121     -3.263732353064     -2.343480358560
    8      3.769597335255      0.003627346296     -2.343480358560
    8      1.887938284131      3.267359699370     -2.343480358560
    8      5.651256386383     -3.260105006771     -2.343480358560
    8     -3.769597335255     -0.003627346306     -2.343480358560
    8     -5.651256386383      3.260105006771     -2.343480358560
    8     -1.887938284136     -3.267359699366     -2.343480358560
  258     -1.883752128791      1.086701668925     -3.124640478080
  258     -3.765411179904      4.350434021997     -3.124640478080
  258     -0.002093077671     -2.177030684144     -3.124640478080
  258      1.885845206461      1.090329015224     -3.124640478080
  258      0.004186155343      4.354061368292     -3.124640478080
  258      3.767504257586     -2.173403337846     -3.124640478080
  258     -5.653349464085      1.083074322614     -3.124640478080
  258     -7.535008515166      4.346806675704     -3.124640478080
  258     -3.771690412927     -2.180658030444     -3.124640478080
    8      1.883752128791     -1.086701668925     -3.905800597599
    8      0.002093077671      2.177030684144     -3.905800597599
    8      3.765411179904     -4.350434021997     -3.905800597599
    8      5.653349464085     -1.083074322614     -3.905800597599
    8      3.771690412931      2.180658030445     -3.905800597599
    8      7.535008515166     -4.346806675704     -3.905800597599
    8     -1.885845206461     -1.090329015224     -3.905800597599
    8     -3.767504257588      2.173403337846     -3.905800597599
    8     -0.004186155344     -4.354061368292     -3.905800597599
    8     -0.308839739315     -4.441934136327      5.881086823430
    1      5.482212177305      7.326392345110      5.252952742172
    1      0.344155309674     -4.998764193139      6.373955846111
    1     -1.091340181654     -4.993781559394      5.645863538066
    8      2.130468110229      1.537329337774      4.935526343173
    1      2.275157545883      0.706142597136      5.470166667700
    1      1.783891377177      2.243208518230      5.572492593939
    8      6.214633745887     -1.011625152534      6.059048814601
    1      6.005827659252     -0.140719388611      6.492684160935
    1      5.763017137901     -1.709625361344      6.558147740619
    8     -5.573170414756      1.546771853181      6.640674047432
    1     -5.684493356838      1.463767494099      5.592399718014
    1      4.859369194869      1.683204330934      7.038470411821
    1      0.616780382717      3.968538807430      5.522542894829
    8      6.619101473300     -6.328239079496      6.356482881100
    1      7.154906262723     -5.728531316577      6.898105039279
    1     -4.026027206356      3.861047823721      8.120266586738
    8     -4.110411212071      3.748706657064      7.158588887133
    1     -4.566699647298      2.872112966217      7.008397069734
    1     -1.771466650719     -0.552104399387      6.407027360824
    8     -2.223003966350     -1.251366559905      5.892408678393
    1     -3.189468850399     -1.231088896470      6.076208938314
    1     -1.228540680550      4.744576915985      6.262490472892
    8     -2.039842766574      5.166965152088      5.936065641559
    1     -2.793279966371      4.597429113786      6.225922777501
    1      8.935856390112      8.264054101860      5.438537677033
    1      7.773428335757      8.473999871085      6.578019767880
    8      8.290615683794      8.924550601685      5.893526386165
    8      5.112778026816     10.746048631003      6.199128332846
    1      4.377908142327     10.976953856667      5.551640846060
    1      5.294431452748     11.524425253669      6.753035115153
    0    0
