   2   1   1 E -1.7659348674554E+04 DE 1.1E-08( 10)
  0.112559796547E+02 -0.118990267609E-01  0.000000000000E+00
 -0.563832506364E+01  0.980069776764E+01  0.000000000000E+00
  0.000000000000E+00  0.000000000000E+00  0.500000000000E+03
    1
  0.100000000000E+01  0.000000000000E+00  0.000000000000E+00
  0.000000000000E+00  0.100000000000E+01  0.000000000000E+00
  0.000000000000E+00  0.000000000000E+00  0.100000000000E+01
  0.000000000000E+00  0.000000000000E+00  0.000000000000E+00
  110
    8     -1.847512147492      1.097156569647      4.071589229592
    8     -3.669196827607      4.370207417125      4.059169724663
    8      0.031627979923     -2.199770171598      4.004650005206
    8      1.912041029019      1.092439086087      3.998030910747
    8     -0.012141968331      4.332206143719      3.957217999577
    8      3.752525023577     -2.105186247606      4.048649222975
    8     -5.647432412643      1.156823775991      4.074654832384
    8     -7.563971967997      4.403173533248      4.026787731691
    8     -3.740626945176     -2.084504998001      4.052424327642
  258      1.895048964621     -1.097581807268      3.270438788284
  258      0.006666307560      2.165274388164      3.255805186604
  258      3.769677663794     -4.361886210048      3.272061142488
  258      5.622887489952     -1.072008431576      3.256270624373
  258      3.745020384097      2.177297906913      3.242272776186
  258      7.508906946505     -4.355264032173      3.257315954580
  258     -1.882737399177     -1.061798957957      3.271861525770
  258     -3.753716530976      2.199446131677      3.251523263616
  258      0.010506650046     -4.352619046219      3.314695660376
    8     -0.001275185887     -0.001209253254      2.427233013516
    8     -1.886644015551      3.245662333200      2.398374092482
    8      1.900110645188     -3.274916264151      2.429140750661
    8      3.778835383593      0.013163784273      2.397276542866
    8      1.882295997609      3.262174406017      2.400893841665
    8      5.639159332118     -3.238028966534      2.439566969455
    8     -3.758079459296      0.044361040669      2.425952615604
    8     -5.621562870400      3.301050552786      2.440898650164
    8     -1.881618075936     -3.241060758986      2.433282859362
    8      1.882019972933     -1.090495097268      0.864279391937
    8      0.003353452652      2.169712100927      0.852543579614
    8      3.770918760596     -4.356763161893      0.859948686653
    8      5.639157718039     -1.091332067728      0.851870626798
    8      3.762071301865      2.182029482493      0.850068191833
    8      7.505058821280     -4.356039910633      0.858198983044
    8     -1.882474538164     -1.074253744980      0.870285901235
    8     -3.767826820755      2.190194798438      0.845815074455
    8      0.003337227234     -4.343340923616      0.863395122956
  258      0.002938462739      0.000454681907      0.062333236037
  258     -1.876647225775      3.269946875653      0.059623672758
  258      1.881462524654     -3.264671499463      0.071586240335
  258      3.756858035622     -0.000717933442      0.053407124537
  258      1.874978688136      3.266150411525      0.056807559891
  258      5.634711618482     -3.266643555335      0.059784554879
  258     -3.751396441189      0.011722693255      0.054980537800
  258     -5.630122290052      3.285693762384      0.057376376717
  258     -1.869046021382     -3.255081917274      0.072457689863
    8     -1.875773881655      1.093129620493     -0.784887686409
    8     -3.753685964350      4.367711504256     -0.784244552095
    8      0.002295367417     -2.169131968291     -0.779569005020
    8      1.879360857611      1.087507488025     -0.785630679943
    8     -0.001038113201      4.355998155402     -0.786328242828
    8      3.757125131508     -2.177710087496     -0.783145809694
    8     -5.628415845134      1.099286768532     -0.790585061208
    8     -7.507064384233      4.371014689444     -0.784369290284
    8     -3.745048916437     -2.167500594286     -0.784911338842
    8      0.000000000000      0.000000000000     -2.343480358560
    8     -1.879441687881      3.266899255884     -2.343480358560
    8      1.879441687886     -3.266899255879     -2.343480358560
    8      3.751993218215     -0.003966342258     -2.343480358560
    8      1.872551530328      3.262932913629     -2.343480358560
    8      5.631434906110     -3.270865598137     -2.343480358560
    8     -3.751993218215      0.003966342249     -2.343480358560
    8     -5.631434906110      3.270865598137     -2.343480358560
    8     -1.872551530334     -3.262932913624     -2.343480358560
  258     -1.877144968701      1.090288532712     -3.124640478080
  258     -3.756586656576      4.357187788600     -3.124640478080
  258      0.002296719184     -2.176610723168     -3.124640478080
  258      1.874848249515      1.086322190457     -3.124640478080
  258     -0.004593438367      4.353221446342     -3.124640478080
  258      3.754289937401     -2.180577065425     -3.124640478080
  258     -5.629138186957      1.094254874953     -3.124640478080
  258     -7.508579874798      4.361154130859     -3.124640478080
  258     -3.749696499033     -2.172644380918     -3.124640478080
    8      1.877144968701     -1.090288532712     -3.905800597599
    8     -0.002296719184      2.176610723168     -3.905800597599
    8      3.756586656576     -4.357187788600     -3.905800597599
    8      5.629138186957     -1.094254874953     -3.905800597599
    8      3.749696499037      2.172644380918     -3.905800597599
    8      7.508579874798     -4.361154130859     -3.905800597599
    8     -1.874848249515     -1.086322190457     -3.905800597599
    8     -3.754289937404      2.180577065424     -3.905800597599
    8      0.004593438366     -4.353221446342     -3.905800597599
    8     12.751871029572      5.851991318921      5.870037828967
    1     12.797901390024      6.772409783343      5.506500686519
    8     14.856940089980      2.666064237602      5.953140420397
    1     15.729319450373      2.424675026952      6.304016147916
    1     14.962981551985      3.582840987526      5.572914305834
    1     12.942909325641      0.282987330743      5.629920430656
    8     12.823106205772     -0.627915805466      5.986510413614
    1     11.877068059997     -0.705009945927      6.235006418177
    8     14.933549842316      6.021288918527      7.153870742801
    1     14.918182786392      5.722240948996      8.072212987019
    8     17.210973961418     -0.626076664106      5.968115338812
    1     17.139562611194      0.284883937660      5.572035616222
    1     18.164432096444     -0.812065621012      6.021709588226
    8     11.766779761977      2.659407649343      5.949227815591
    1     12.731025888153      2.543359813427      6.062003528186
    1     11.648455148614      3.583630693891      5.628114733989
    8      9.822068429751      5.867190363593      5.917072334509
    1     10.796756834060      5.777220231271      6.033457701232
    1      9.669289958795      6.812971434261      5.681907339164
    1     13.616052046218      5.812861462356      6.453998408353
    8     16.885771287470      5.157038228468      5.838988377360
    1     17.734215620829      5.464289823585      6.190956404676
    1     16.087800840550      5.519701016783      6.436996862538
    1     21.896770715619     -1.907936529528      5.460611493821
    8     21.263243199809     -1.446592912731      6.081366070839
    1     20.912495848986     -2.208347581629      6.633115502239
    8     19.120526069814      2.311148286789      5.923784071683
    1     19.986059864535      1.883318280079      5.727202345371
    1     19.220994461512      3.273416796182      5.760029031437
    0    0
