   2   1   1 E -1.7659348426715E+04 DE-8.4E-08(  7)
  0.112569443305E+02 -0.118537884466E-01  0.000000000000E+00
 -0.563877030206E+01  0.979941430284E+01  0.000000000000E+00
  0.000000000000E+00  0.000000000000E+00  0.500000000000E+03
    1
  0.100000000000E+01  0.000000000000E+00  0.000000000000E+00
  0.000000000000E+00  0.100000000000E+01  0.000000000000E+00
  0.000000000000E+00  0.000000000000E+00  0.100000000000E+01
  0.000000000000E+00  0.000000000000E+00  0.000000000000E+00
  110
    8     -1.836529941735      1.087748326142      4.079978779584
    8     -3.675512404902      4.367488111080      4.034055963560
    8      0.023576095775     -2.197086916855      4.006985343416
    8      1.911732310594      1.091203555426      3.996328602475
    8     -0.018729010181      4.342604866369      3.966005763365
    8      3.760046292018     -2.112495297975      4.059702734421
    8     -5.649282069924      1.157927702155      4.080254186839
    8     -7.560332856699      4.398368185775      4.021639062236
    8     -3.738235377052     -2.081572666072      4.051590042871
  258      1.894211395146     -1.097781482569      3.275367918907
  258      0.008204684523      2.165184330796      3.257295857903
  258      3.768561374114     -4.362997615893      3.263256945559
  258      5.624822092814     -1.072798597631      3.260728702949
  258      3.744778575878      2.175240930066      3.241987179357
  258      7.509256480121     -4.353734657767      3.260350626624
  258     -1.881991716041     -1.062383985136      3.265321312431
  258     -3.757785324109      2.203296239406      3.256103879370
  258      0.008085254731     -4.352998637465      3.310895242329
    8      0.001801954999     -0.000606059937      2.423247541949
    8     -1.882341366554      3.236906767916      2.401422315197
    8      1.900581343748     -3.263750068830      2.427725348817
    8      3.779892827751      0.007886788662      2.401302703063
    8      1.877378566402      3.264201558712      2.404224296004
    8      5.640296874341     -3.237328303396      2.437610596254
    8     -3.757319961332      0.049429216098      2.427712676555
    8     -5.626124958797      3.293972974280      2.436964542788
    8     -1.881263464539     -3.241997105241      2.431098838822
    8      1.883780733775     -1.088136339259      0.861930021984
    8      0.004132169616      2.170778604392      0.850485731964
    8      3.769926335011     -4.359349017611      0.861652052642
    8      5.641397008251     -1.090691841685      0.853305849579
    8      3.758818923721      2.179610744067      0.850629504723
    8      7.506473586986     -4.354472082943      0.858433130369
    8     -1.883896279762     -1.074575111370      0.869781370445
    8     -3.767822225397      2.191791734183      0.845227947045
    8      0.004780429671     -4.344617791547      0.863407427605
  258      0.003558944892      0.000793828230      0.062688691806
  258     -1.877416221846      3.268115811271      0.059004506027
  258      1.881333210212     -3.263343728525      0.070204497941
  258      3.756389715904     -0.001449885003      0.053920278740
  258      1.874531272123      3.265784408676      0.057038966001
  258      5.636043090639     -3.265699825556      0.059993511873
  258     -3.752759871854      0.012904864881      0.056025882638
  258     -5.630829714829      3.284440998925      0.057622554043
  258     -1.869774887687     -3.255390256946      0.071543684031
    8     -1.876112645785      1.092908557781     -0.784947379727
    8     -3.754185465128      4.367346189553     -0.784431645706
    8      0.002614542434     -2.169365842034     -0.778134074123
    8      1.879360328981      1.087590561838     -0.786458837566
    8     -0.000666890863      4.356372242159     -0.786592272158
    8      3.758442066796     -2.178457150634     -0.782628121284
    8     -5.629130219741      1.098742876709     -0.790400782474
    8     -7.508081249317      4.369991678986     -0.784400752054
    8     -3.745664840816     -2.167620187720     -0.786168335831
    8      0.000000000000      0.000000000000     -2.343480358560
    8     -1.879590100686      3.266471434283     -2.343480358560
    8      1.879590100691     -3.266471434278     -2.343480358560
    8      3.752314776828     -0.003951262820     -2.343480358560
    8      1.872724676136      3.262520171466     -2.343480358560
    8      5.631904877529     -3.270422697098     -2.343480358560
    8     -3.752314776828      0.003951262811     -2.343480358560
    8     -5.631904877529      3.270422697098     -2.343480358560
    8     -1.872724676142     -3.262520171461     -2.343480358560
  258     -1.877301625840      1.090140899032     -3.124640478080
  258     -3.756891726520      4.356612333319     -3.124640478080
  258      0.002288474850     -2.176330535247     -3.124640478080
  258      1.875013150988      1.086189636216     -3.124640478080
  258     -0.004576949699      4.352661070499     -3.124640478080
  258      3.754603251679     -2.180281798066     -3.124640478080
  258     -5.629616402710      1.094092161835     -3.124640478080
  258     -7.509206503356      4.360563596140     -3.124640478080
  258     -3.750026301980     -2.172379272434     -3.124640478080
    8      1.877301625840     -1.090140899032     -3.905800597599
    8     -0.002288474850      2.176330535247     -3.905800597599
    8      3.756891726520     -4.356612333319     -3.905800597599
    8      5.629616402710     -1.094092161835     -3.905800597599
    8      3.750026301984      2.172379272434     -3.905800597599
    8      7.509206503356     -4.360563596140     -3.905800597599
    8     -1.875013150988     -1.086189636216     -3.905800597599
    8     -3.754603251682      2.180281798065     -3.905800597599
    8      0.004576949698     -4.352661070499     -3.905800597599
    8     12.792840078057      5.830572122535      5.869441987902
    1     12.820744399675      6.759566917559      5.532025991579
    8     14.856884592676      2.666383098575      5.953719775005
    1     15.730622648465      2.419473088610      6.298263125522
    1     14.966607270691      3.581040196610      5.569510178571
    1     12.946176151553      0.274308801597      5.648822514232
    8     12.837520093516     -0.646474795098      5.978800265106
    1     11.895367773446     -0.739278720630      6.241460631795
    8     14.967940955232      5.996099557887      7.172342901965
    1     14.947590512997      5.635210215439      8.068197111054
    8     17.221109809102     -0.626830255255      5.971556062790
    1     17.149103990787      0.284583630553      5.577077609339
    1     18.174831826729     -0.810216507562      6.029303259232
    8     11.780534594370      2.665717113536      5.945191867769
    1     12.744150719037      2.548202689788      6.061251914262
    1     11.664979507320      3.590552623211      5.624796752093
    8      9.777053350216      5.861459290652      5.929929596379
    1     10.747682699850      5.769510697582      6.044906109326
    1      9.628884091178      6.799928605138      5.650833404800
    1     13.662475743077      5.786815908488      6.446338633374
    8     16.899762973099      5.141467047825      5.827555162797
    1     17.753010105295      5.435680617962      6.180044872152
    1     16.104250531664      5.502939411433      6.435509618169
    1     21.901954802832     -1.915450076403      5.469274655135
    8     21.298687965247     -1.453508473478      6.119786455012
    1     20.954864659477     -2.213485990458      6.674675468672
    8     19.159020321064      2.264661627428      5.915155816418
    1     20.005646683406      1.813051092858      5.673382544422
    1     19.300004787698      3.228470023137      5.816868201749
    0    0
