   2   1   1 E -1.7659348532693E+04 DE-8.5E-09( 10)
  0.112559637627E+02 -0.120440916560E-01  0.000000000000E+00
 -0.563844418122E+01  0.979998758999E+01  0.000000000000E+00
  0.000000000000E+00  0.000000000000E+00  0.500000000000E+03
    1
  0.100000000000E+01  0.000000000000E+00  0.000000000000E+00
  0.000000000000E+00  0.100000000000E+01  0.000000000000E+00
  0.000000000000E+00  0.000000000000E+00  0.100000000000E+01
  0.000000000000E+00  0.000000000000E+00  0.000000000000E+00
  110
    8     -1.839944635266      1.091258256881      4.077896765967
    8     -3.672487389386      4.366422449994      4.044690888814
    8      0.025741992830     -2.198637046578      4.008274832458
    8      1.912507714970      1.089449060558      3.996598317858
    8     -0.015716911930      4.339447449209      3.962136756529
    8      3.760831311699     -2.110231383253      4.057445152872
    8     -5.647916290012      1.158269394182      4.079451439662
    8     -7.561986271035      4.400488131755      4.023908879340
    8     -3.739649300082     -2.084243966435      4.050037389916
  258      1.894882958229     -1.098723740082      3.276031689271
  258      0.008177066802      2.164907521860      3.257546545925
  258      3.771945768758     -4.362867219714      3.265681583185
  258      5.624313570317     -1.072820290326      3.259291703424
  258      3.744959531618      2.175033464628      3.242423368265
  258      7.507894739177     -4.354531178381      3.260066797189
  258     -1.880837739295     -1.062153103737      3.266831776839
  258     -3.757454661699      2.201388716086      3.255066357768
  258      0.008711229948     -4.353045726446      3.314021873163
    8      0.001451711750     -0.002206004250      2.425604455703
    8     -1.882326562979      3.238536879162      2.401225270921
    8      1.900670787686     -3.266387701914      2.430791713020
    8      3.779236337207      0.008246325473      2.400583622490
    8      1.877704608576      3.263772835331      2.404766290587
    8      5.640792588826     -3.237592892436      2.436299595529
    8     -3.756261796136      0.049157663833      2.426452905333
    8     -5.624902265247      3.295183331825      2.437792250950
    8     -1.880908045108     -3.241648860372      2.431788675618
    8      1.883058456029     -1.089133301021      0.862659201257
    8      0.004429432797      2.169909561648      0.851075423389
    8      3.769965112369     -4.359128107824      0.862062084197
    8      5.640914832812     -1.090471058722      0.852682516783
    8      3.758814193601      2.180041960053      0.851127043369
    8      7.505752201989     -4.355764638787      0.858220250503
    8     -1.882662094693     -1.074682915854      0.870682577706
    8     -3.767307483673      2.192367374405      0.845433388082
    8      0.005487763528     -4.344602791868      0.864639981322
  258      0.003907824106      0.000469017826      0.062971086568
  258     -1.876939111826      3.268298818679      0.059203447076
  258      1.881219766847     -3.263895118944      0.071085651178
  258      3.756239630990     -0.001484469992      0.054131069671
  258      1.874207853069      3.265672383818      0.057075480994
  258      5.636121845914     -3.265963420687      0.059937628470
  258     -3.751950085902      0.012996011813      0.056078024977
  258     -5.630183009661      3.284907236830      0.057880559538
  258     -1.869384670185     -3.255563430205      0.071815258576
    8     -1.875873399843      1.092750567555     -0.784783722385
    8     -3.753797878504      4.367684165319     -0.784419919462
    8      0.002389763870     -2.169711504512     -0.778566324985
    8      1.879321073718      1.087400542758     -0.786140753290
    8     -0.001087354400      4.356328969130     -0.786805120438
    8      3.757828265223     -2.178717522507     -0.782522229109
    8     -5.628551419507      1.099215919122     -0.790284264649
    8     -7.507285867720      4.370454308928     -0.783926749039
    8     -3.744740472838     -2.167388723999     -0.785587930650
    8      0.000000000000      0.000000000000     -2.343480358560
    8     -1.879481393741      3.266662530000     -2.343480358560
    8      1.879481393746     -3.266662529995     -2.343480358560
    8      3.751987920898     -0.004014697223     -2.343480358560
    8      1.872506527152      3.262647832781     -2.343480358560
    8      5.631469314653     -3.270677227218     -2.343480358560
    8     -3.751987920898      0.004014697214     -2.343480358560
    8     -5.631469314653      3.270677227218     -2.343480358560
    8     -1.872506527158     -3.262647832776     -2.343480358560
  258     -1.877156438215      1.090225742405     -3.124640478080
  258     -3.756637831950      4.356888272409     -3.124640478080
  258      0.002324955530     -2.176436787591     -3.124640478080
  258      1.874831482683      1.086211045186     -3.124640478080
  258     -0.004649911059      4.352873575187     -3.124640478080
  258      3.754312876429     -2.180451484813     -3.124640478080
  258     -5.629144359155      1.094240439612     -3.124640478080
  258     -7.508625752856      4.360902969634     -3.124640478080
  258     -3.749662965371     -2.172422090375     -3.124640478080
    8      1.877156438215     -1.090225742405     -3.905800597599
    8     -0.002324955530      2.176436787591     -3.905800597599
    8      3.756637831950     -4.356888272409     -3.905800597599
    8      5.629144359155     -1.094240439612     -3.905800597599
    8      3.749662965375      2.172422090375     -3.905800597599
    8      7.508625752856     -4.360902969634     -3.905800597599
    8     -1.874831482683     -1.086211045186     -3.905800597599
    8     -3.754312876432      2.180451484812     -3.905800597599
    8      0.004649911058     -4.352873575187     -3.905800597599
    8     12.767901654575      5.837428993146      5.870644121121
    1     12.800999735981      6.762904989307      5.523753475745
    8     14.853085910310      2.666750172825      5.953754843547
    1     15.725407017357      2.417149446404      6.296591574057
    1     14.965056277402      3.581969991903      5.570622656296
    1     12.946554337141      0.274059830222      5.646297126175
    8     12.834993878937     -0.644536202597      5.982363091400
    1     11.891540861223     -0.733731383477      6.238426433951
    8     14.954157630209      5.993970456706      7.160246107654
    1     14.935377634435      5.647811059667      8.061417499766
    8     17.217854778950     -0.623643923507      5.973461778983
    1     17.144326680849      0.286987923019      5.578116749300
    1     18.171821629003     -0.806494206325      6.028789534919
    8     11.776985711037      2.664264627174      5.945222693256
    1     12.741248870988      2.547536102847      6.057890892719
    1     11.657936901507      3.589057645940      5.624286695588
    8      9.797738533695      5.866436608031      5.923349094611
    1     10.770870566161      5.767289431436      6.040758753958
    1      9.655320101011      6.806843525800      5.654022006096
    1     13.638419536056      5.798263891428      6.444630362016
    8     16.896164719896      5.151996809651      5.822343703092
    1     17.746024660962      5.449445894668      6.178795696173
    1     16.096680367739      5.505892720423      6.428386535992
    1     21.896375304538     -1.911894995279      5.466870024274
    8     21.283820407484     -1.451242668403      6.107795410423
    1     20.938417122579     -2.211195653032      6.662179661052
    8     19.148929138758      2.283322443755      5.925696845350
    1     19.996635803973      1.836774263737      5.683947249280
    1     19.272846450522      3.245078154831      5.795844937423
    0    0
