   2   1   1 E -1.7659348461183E+04 DE-1.4E-08(  9)
  0.112566231099E+02 -0.119008388612E-01  0.000000000000E+00
 -0.563865021263E+01  0.979955074401E+01  0.000000000000E+00
  0.000000000000E+00  0.000000000000E+00  0.500000000000E+03
    1
  0.100000000000E+01  0.000000000000E+00  0.000000000000E+00
  0.000000000000E+00  0.100000000000E+01  0.000000000000E+00
  0.000000000000E+00  0.000000000000E+00  0.100000000000E+01
  0.000000000000E+00  0.000000000000E+00  0.000000000000E+00
  110
    8     -1.837414989438      1.088550477555      4.079438519615
    8     -3.674786782923      4.367070969305      4.037117978063
    8      0.023833886650     -2.197722182191      4.007425204435
    8      1.911859614538      1.090695488138      3.996371737528
    8     -0.017964151133      4.341762229419      3.964888331330
    8      3.760496982323     -2.112064759876      4.059208591274
    8     -5.648970407931      1.157923288526      4.080090956438
    8     -7.560811436741      4.398702708777      4.022075624033
    8     -3.738595745383     -2.082245082696      4.051184580967
  258      1.894386981735     -1.098078468800      3.275648647211
  258      0.008192587554      2.165111917507      3.257354066762
  258      3.769602582331     -4.363000684364      3.263904209880
  258      5.624642757991     -1.072898843787      3.260330261171
  258      3.744727658526      2.175084935367      3.242064731099
  258      7.508799761533     -4.354038854110      3.260251571404
  258     -1.881693254141     -1.062345609105      3.265644851274
  258     -3.757799575367      2.202612243335      3.255854868996
  258      0.008033508760     -4.353149992318      3.311722594648
    8      0.001700590925     -0.001060245787      2.423903408698
    8     -1.882282405602      3.237211047225      2.401414773013
    8      1.900584023206     -3.264448293257      2.428594294295
    8      3.779680429461      0.007879686023      2.401136391762
    8      1.877347527841      3.264065407916      2.404358943839
    8      5.640442876687     -3.237435206025      2.437235644254
    8     -3.757031341567      0.049333972048      2.427301488647
    8     -5.625864600175      3.294116806728      2.437137528181
    8     -1.881217766364     -3.241940587501      2.431209868888
    8      1.883576730571     -1.088418733078      0.862115626251
    8      0.004199250804      2.170535910847      0.850606179535
    8      3.769931199905     -4.359336951441      0.861787187644
    8      5.641247411862     -1.090662570472      0.853131961366
    8      3.758754089113      2.179666236410      0.850741370443
    8      7.506205221456     -4.354834230906      0.858320754339
    8     -1.883567641316     -1.074631843766      0.870021009252
    8     -3.767689993412      2.191895813080      0.845263074087
    8      0.004942796329     -4.344683015317      0.863739737096
  258      0.003653072169      0.000699702551      0.062762093421
  258     -1.877273304982      3.268102728799      0.059039571786
  258      1.881280117410     -3.263500783008      0.070429192291
  258      3.756315868036     -0.001493349175      0.053978513055
  258      1.874391149123      3.265729739561      0.057020835719
  258      5.636061693399     -3.265784152625      0.059974493660
  258     -3.752540496175      0.012912391544      0.056029800293
  258     -5.630654779256      3.284491194317      0.057679892174
  258     -1.869706298372     -3.255462589903      0.071579284911
    8     -1.876047013367      1.092847422174     -0.784918144010
    8     -3.754065543145      4.367390646197     -0.784429421508
    8      0.002535980255     -2.169475543934     -0.778256827955
    8      1.879322970104      1.087525330956     -0.786376294019
    8     -0.000789283424      4.356336603356     -0.786678627031
    8      3.758253466446     -2.178550490576     -0.782599319855
    8     -5.628954490255      1.098837126345     -0.790385996933
    8     -7.507856803752      4.370076355407     -0.784287727996
    8     -3.745402234562     -2.167567449360     -0.786044853197
    8      0.000000000000      0.000000000000     -2.343480358560
    8     -1.879550070876      3.266516914674     -2.343480358560
    8      1.879550070881     -3.266516914669     -2.343480358560
    8      3.752207703294     -0.003966946292     -2.343480358560
    8      1.872657632412      3.262549968386     -2.343480358560
    8      5.631757774184     -3.270483860961     -2.343480358560
    8     -3.752207703294      0.003966946283     -2.343480358560
    8     -5.631757774184      3.270483860961     -2.343480358560
    8     -1.872657632418     -3.262549968381     -2.343480358560
  258     -1.877252591392      1.090161286986     -3.124640478080
  258     -3.756802662262      4.356678201664     -3.124640478080
  258      0.002297479488     -2.176355627684     -3.124640478080
  258      1.874955111902      1.086194340698     -3.124640478080
  258     -0.004594958975      4.352711255373     -3.124640478080
  258      3.754505182783     -2.180322573974     -3.124640478080
  258     -5.629460294727      1.094128233261     -3.124640478080
  258     -7.509010365563      4.360645147957     -3.124640478080
  258     -3.749910223808     -2.172388681400     -3.124640478080
    8      1.877252591392     -1.090161286986     -3.905800597599
    8     -0.002297479488      2.176355627684     -3.905800597599
    8      3.756802662262     -4.356678201664     -3.905800597599
    8      5.629460294727     -1.094128233261     -3.905800597599
    8      3.749910223812      2.172388681400     -3.905800597599
    8      7.509010365563     -4.360645147957     -3.905800597599
    8     -1.874955111902     -1.086194340698     -3.905800597599
    8     -3.754505182786      2.180322573973     -3.905800597599
    8      0.004594958974     -4.352711255373     -3.905800597599
    8     12.786871856068      5.833037510927      5.870829578576
    1     12.815714776741      6.760765210929      5.530354962577
    8     14.856994565326      2.665783990833      5.953507518724
    1     15.729237230559      2.421491898221      6.302073697717
    1     14.966183561932      3.580891941417      5.569656938979
    1     12.946065024214      0.273693636490      5.647858254614
    8     12.836340262411     -0.646641747053      5.978872395744
    1     11.890234608230     -0.742360387479      6.225438940160
    8     14.965822882453      5.998450738753      7.169944579497
    1     14.945407781569      5.643037493217      8.067715997610
    8     17.220908014616     -0.625670176564      5.972313950793
    1     17.147686293153      0.285403111954      5.577564250257
    1     18.174964276473     -0.807151746254      6.031503567442
    8     11.779710968398      2.664580300496      5.944593263742
    1     12.743150025238      2.548724773524      6.064567951036
    1     11.662938440088      3.589723604016      5.624366615379
    8      9.777770469989      5.862255620911      5.928817727251
    1     10.748689519704      5.762156699931      6.045117610611
    1      9.636101993425      6.801612161839      5.651574063977
    1     13.657101340297      5.792334033286      6.446785419818
    8     16.901903882374      5.144743033125      5.830294321099
    1     17.753385329276      5.442675772047      6.183111797514
    1     16.104296836572      5.505058574459      6.436067618330
    1     21.899198753955     -1.915627302023      5.468533640027
    8     21.291574800747     -1.456337649514      6.116178624766
    1     20.951755705727     -2.216780144439      6.672776780654
    8     19.155877553184      2.266697277055      5.921104787583
    1     20.003500102966      1.818490353057      5.677112274137
    1     19.288908444052      3.229923468814      5.812955488332
    0    0
