   2   1   1 E -1.7659348660768E+04 DE-1.5E-07(  7)
  0.112560088879E+02 -0.120982288645E-01  0.000000000000E+00
 -0.563851318628E+01  0.980066830485E+01  0.000000000000E+00
  0.000000000000E+00  0.000000000000E+00  0.500000000000E+03
    1
  0.100000000000E+01  0.000000000000E+00  0.000000000000E+00
  0.000000000000E+00  0.100000000000E+01  0.000000000000E+00
  0.000000000000E+00  0.000000000000E+00  0.100000000000E+01
  0.000000000000E+00  0.000000000000E+00  0.000000000000E+00
  110
    8     -1.845784106922      1.095149254154      4.073774345163
    8     -3.669276868036      4.369092718239      4.055637715956
    8      0.030465597387     -2.199923006501      4.005563342086
    8      1.912508418317      1.090912099702      3.997222641659
    8     -0.012714243864      4.333088247699      3.958308513260
    8      3.753940253411     -2.105924216267      4.050642181432
    8     -5.647213064802      1.157732688979      4.075636912494
    8     -7.563268211120      4.403170835697      4.026183303038
    8     -3.739561121742     -2.085595806383      4.051448716700
  258      1.895056490150     -1.098268006733      3.272018570735
  258      0.006952298580      2.164390659438      3.256453331655
  258      3.770160282827     -4.362558502709      3.270189707806
  258      5.623726505374     -1.072267608254      3.257046305575
  258      3.745165001108      2.176843127611      3.241888983795
  258      7.509280992743     -4.355383910047      3.258180617660
  258     -1.881936291694     -1.062329256434      3.270338485640
  258     -3.754462703892      2.200200132115      3.252009766514
  258      0.010853625619     -4.352867434336      3.314577174983
    8     -0.000910219497     -0.002252855214      2.426834200100
    8     -1.885617101755      3.244102393593      2.398757489381
    8      1.900227117815     -3.273577513593      2.430199760805
    8      3.779346425228      0.011879439828      2.398106898360
    8      1.881599737680      3.262069973426      2.401922871344
    8      5.639552957359     -3.237979018792      2.438152657718
    8     -3.757394210359      0.045390697142      2.426019693841
    8     -5.622255812647      3.300089307695      2.439728157137
    8     -1.880835768928     -3.241468036152      2.432748060321
    8      1.882231257629     -1.090487387041      0.863739807374
    8      0.003782125889      2.169132684898      0.852364425929
    8      3.770366209064     -4.357500287830      0.860627101070
    8      5.639779557087     -1.091076227943      0.851935788109
    8      3.761109136019      2.181429902247      0.850447971055
    8      7.505526050668     -4.356646969158      0.858106175309
    8     -1.882523139356     -1.074508709832      0.870461815657
    8     -3.767566936360      2.191121067165      0.845535992678
    8      0.004414739296     -4.343593678463      0.863768958034
  258      0.003257848355      0.000242444271      0.062382661422
  258     -1.876748115777      3.269578535190      0.059533828453
  258      1.881477039334     -3.264749886074      0.071598500515
  258      3.756866457752     -0.001018546934      0.053664709569
  258      1.874917704670      3.265815910959      0.056915833399
  258      5.635191760852     -3.266635395794      0.059713031267
  258     -3.751497241783      0.011980187377      0.055287921118
  258     -5.630098007876      3.285787117839      0.057366656498
  258     -1.868911843213     -3.255418131144      0.072290872153
    8     -1.875852780713      1.092869067472     -0.784824443381
    8     -3.753707969590      4.367950298935     -0.784634200026
    8      0.002309627106     -2.169509849831     -0.779596535531
    8      1.879527170089      1.087338498112     -0.785903211301
    8     -0.001243574021      4.356075551304     -0.786319931938
    8      3.757420619765     -2.178175564678     -0.782819327700
    8     -5.628466304267      1.099456127295     -0.790400836684
    8     -7.506916994490      4.371003277153     -0.784201573977
    8     -3.744812361430     -2.167477273693     -0.784753839793
    8      0.000000000000      0.000000000000     -2.343480358560
    8     -1.879504395427      3.266889434953     -2.343480358560
    8      1.879504395432     -3.266889434948     -2.343480358560
    8      3.752002962604     -0.004032742960     -2.343480358560
    8      1.872498567171      3.262856691997     -2.343480358560
    8      5.631507358045     -3.270922177907     -2.343480358560
    8     -3.752002962604      0.004032742951     -2.343480358560
    8     -5.631507358045      3.270922177907     -2.343480358560
    8     -1.872498567177     -3.262856691992     -2.343480358560
  258     -1.877169119346      1.090307392635     -3.124640478080
  258     -3.756673514766      4.357196827592     -3.124640478080
  258      0.002335276085     -2.176582042314     -3.124640478080
  258      1.874833843258      1.086274649680     -3.124640478080
  258     -0.004670552169      4.353164084633     -3.124640478080
  258      3.754338238690     -2.180614785272     -3.124640478080
  258     -5.629172081990      1.094340135578     -3.124640478080
  258     -7.508676477377      4.361229570552     -3.124640478080
  258     -3.749667686521     -2.172549299362     -3.124640478080
    8      1.877169119346     -1.090307392635     -3.905800597599
    8     -0.002335276085      2.176582042314     -3.905800597599
    8      3.756673514766     -4.357196827592     -3.905800597599
    8      5.629172081990     -1.094340135578     -3.905800597599
    8      3.749667686525      2.172549299362     -3.905800597599
    8      7.508676477377     -4.361229570552     -3.905800597599
    8     -1.874833843258     -1.086274649680     -3.905800597599
    8     -3.754338238693      2.180614785271     -3.905800597599
    8      0.004670552168     -4.353164084633     -3.905800597599
    8     12.756382695198      5.847254152776      5.868085570833
    1     12.798889756072      6.769528565436      5.509450139357
    8     14.855658821121      2.664711345587      5.951654081716
    1     15.726774056814      2.421822565957      6.303998893378
    1     14.964160513090      3.581520681184      5.571778108150
    1     12.943105940258      0.279083976304      5.633730003869
    8     12.826773610423     -0.634297785614      5.984294572233
    1     11.881950433214     -0.716449472151      6.236100836414
    8     14.939614224270      6.008136436550      7.153365039839
    1     14.921630215807      5.696960492944      8.067469918328
    8     17.214183098937     -0.624408173955      5.970363040599
    1     17.141007235803      0.286233333040      5.574052552260
    1     18.168270548132     -0.805332429090      6.030935319414
    8     11.768012160113      2.660951564973      5.950679798320
    1     12.732092265990      2.546045132727      6.066168703887
    1     11.649406754069      3.585038656143      5.629028043253
    8      9.817747254964      5.868415512812      5.919299608787
    1     10.791991198365      5.776948722108      6.035055995472
    1      9.666304077946      6.812842415725      5.675820942340
    1     13.622456317413      5.806144344212      6.449267273995
    8     16.893910469685      5.154201791513      5.836883927383
    1     17.741714262150      5.459849378831      6.192002164672
    1     16.093610611963      5.513303275927      6.436131263483
    1     21.897168603440     -1.910977392492      5.463043697748
    8     21.268689478435     -1.450724944345      6.089559999741
    1     20.919222971192     -2.213205101624      6.640756727511
    8     19.129419525140      2.300934096731      5.925757966233
    1     19.991001748800      1.869266024825      5.716059546882
    1     19.235239168566      3.263694662312      5.771806534079
    0    0
