   2   1   1 E -1.7659348607529E+04 DE-2.4E-07(  7)
  0.112558265519E+02 -0.122006461899E-01  0.000000000000E+00
 -0.563851127090E+01  0.980043836202E+01  0.000000000000E+00
  0.000000000000E+00  0.000000000000E+00  0.500000000000E+03
    1
  0.100000000000E+01  0.000000000000E+00  0.000000000000E+00
  0.000000000000E+00  0.100000000000E+01  0.000000000000E+00
  0.000000000000E+00  0.000000000000E+00  0.100000000000E+01
  0.000000000000E+00  0.000000000000E+00  0.000000000000E+00
  110
    8     -1.842868586513      1.093489935201      4.075941562929
    8     -3.669635329813      4.367402308037      4.050986024727
    8      0.028911080010     -2.199533556653      4.006865532992
    8      1.913207181244      1.088849164992      3.996350420620
    8     -0.013251013065      4.335348285586      3.959481069027
    8      3.757534894118     -2.107307503600      4.054041657590
    8     -5.646780310113      1.158928594058      4.077686915552
    8     -7.562433955314      4.402882060895      4.025371026245
    8     -3.738742460742     -2.085976685842      4.050117594804
  258      1.895005981186     -1.099140275296      3.274603041554
  258      0.007860978318      2.163996445137      3.257211959773
  258      3.772112396323     -4.362708421728      3.267732529006
  258      5.624422190297     -1.072233064504      3.258205608953
  258      3.745597262324      2.175906217705      3.242130139300
  258      7.508824529847     -4.355164637629      3.259340261883
  258     -1.880052533060     -1.062305520453      3.268233812113
  258     -3.755908513752      2.201137423324      3.253322875643
  258      0.010863012328     -4.352548585354      3.314886615450
    8      0.000526499455     -0.003404612246      2.426418388492
    8     -1.883559322826      3.241342690258      2.399981621965
    8      1.900509820291     -3.269881040994      2.431775486782
    8      3.779193363115      0.009792826929      2.399503615383
    8      1.879734168537      3.262828434110      2.403884290014
    8      5.640687455988     -3.237745106584      2.436077732724
    8     -3.755802345354      0.048029966102      2.426004806607
    8     -5.623177303108      3.297984405982      2.438317766874
    8     -1.879932436279     -3.241398167988      2.432158807920
    8      1.882485575455     -1.090052880571      0.863045919367
    8      0.004489160067      2.168987174435      0.851768627993
    8      3.769926681393     -4.358425639229      0.861721106176
    8      5.640635987797     -1.090389248629      0.852162392622
    8      3.759658070406      2.180774112701      0.851129462694
    8      7.505947516110     -4.356791264522      0.858102916925
    8     -1.882012093912     -1.074676069229      0.870913797067
    8     -3.767043585109      2.192648675419      0.845414272934
    8      0.005903599746     -4.344017989681      0.864626365932
  258      0.003900602633      0.000106765794      0.062748688964
  258     -1.876825452158      3.268958082426      0.059353438207
  258      1.881317407079     -3.264466377857      0.071586807482
  258      3.756540055795     -0.001287687270      0.054026124193
  258      1.874617776654      3.265601798074      0.057017989523
  258      5.635982605342     -3.266249449229      0.059727730072
  258     -3.751415007421      0.012800583499      0.055857037065
  258     -5.629812172401      3.285767034965      0.057694625542
  258     -1.868735034680     -3.255607484433      0.072031251169
    8     -1.875808067866      1.092664403808     -0.784752253429
    8     -3.753696036540      4.368147460906     -0.784690472469
    8      0.002356890987     -2.169861288525     -0.779267329677
    8      1.879556219857      1.087254859238     -0.786093820910
    8     -0.001329284648      4.356282205901     -0.786719265132
    8      3.757576224587     -2.178666353998     -0.782535024669
    8     -5.628339626955      1.099668883750     -0.790213331408
    8     -7.506747746186      4.370954138495     -0.783857353947
    8     -3.744313181241     -2.167273900539     -0.784913057830
    8      0.000000000000      0.000000000000     -2.343480358560
    8     -1.879503756967      3.266812787344     -2.343480358560
    8      1.879503756972     -3.266812787339     -2.343480358560
    8      3.751942183966     -0.004066882068     -2.343480358560
    8      1.872438426993      3.262745905280     -2.343480358560
    8      5.631445940947     -3.270879669407     -2.343480358560
    8     -3.751942183966      0.004066882059     -2.343480358560
    8     -5.631445940947      3.270879669407     -2.343480358560
    8     -1.872438426999     -3.262745905275     -2.343480358560
  258     -1.877148646980      1.090293223135     -3.124640478080
  258     -3.756652403941      4.357106010483     -3.124640478080
  258      0.002355109991     -2.176519564205     -3.124640478080
  258      1.874793536986      1.086226341071     -3.124640478080
  258     -0.004710219982      4.353039128416     -3.124640478080
  258      3.754297293958     -2.180586446272     -3.124640478080
  258     -5.629090830986      1.094360105186     -3.124640478080
  258     -7.508594587913      4.361172892552     -3.124640478080
  258     -3.749587073976     -2.172452682145     -3.124640478080
    8      1.877148646980     -1.090293223135     -3.905800597599
    8     -0.002355109991      2.176519564205     -3.905800597599
    8      3.756652403941     -4.357106010483     -3.905800597599
    8      5.629090830986     -1.094360105186     -3.905800597599
    8      3.749587073980      2.172452682145     -3.905800597599
    8      7.508594587913     -4.361172892552     -3.905800597599
    8     -1.874793536986     -1.086226341071     -3.905800597599
    8     -3.754297293961      2.180586446271     -3.905800597599
    8      0.004710219981     -4.353039128416     -3.905800597599
    8     12.762290306974      5.845375915551      5.870717901850
    1     12.796333335096      6.768895442643      5.515922016443
    8     14.856150463852      2.664431050785      5.949293326905
    1     15.726919105135      2.420111867877      6.304131014684
    1     14.965351153330      3.581302778140      5.569965712179
    1     12.945503512701      0.276052093897      5.640212889032
    8     12.825611161899     -0.639868331207      5.981546080068
    1     11.881600623413     -0.718989571089      6.238959975169
    8     14.946295612729      6.000437164512      7.155967943302
    1     14.925234115053      5.674360015467      8.065102387097
    8     17.216026307224     -0.625895803741      5.970144329813
    1     17.142038904060      0.285578263952      5.575901124684
    1     18.170154020178     -0.805404977014      6.031895244111
    8     11.770273734014      2.661565936793      5.947126385544
    1     12.734348575983      2.544089770905      6.059047766561
    1     11.652662713979      3.585458219883      5.626208388017
    8      9.809845799266      5.867517374382      5.920337192608
    1     10.782018478557      5.772251344983      6.037123910196
    1      9.665570320581      6.810999860465      5.663449005914
    1     13.631082304007      5.801280175599      6.445982545089
    8     16.895914745160      5.148409008014      5.836654091934
    1     17.744968205795      5.457493229243      6.186086130306
    1     16.095529394554      5.507013469943      6.437352103134
    1     21.896723105434     -1.913136062378      5.465744692341
    8     21.274733393704     -1.455865161450      6.101619841186
    1     20.928398754468     -2.221115127206      6.649991843746
    8     19.139536548126      2.289208786412      5.927853953918
    1     19.994036561333      1.854648938051      5.696408837478
    1     19.249466923881      3.252536327790      5.785164276479
    0    0
