   2   1   1 E -1.7659348290283E+04 DE 8.2E-09( 11)
  0.112575455991E+02 -0.119377206336E-01  0.000000000000E+00
 -0.563914449473E+01  0.979946627808E+01  0.000000000000E+00
  0.000000000000E+00  0.000000000000E+00  0.500000000000E+03
    1
  0.100000000000E+01  0.000000000000E+00  0.000000000000E+00
  0.000000000000E+00  0.100000000000E+01  0.000000000000E+00
  0.000000000000E+00  0.000000000000E+00  0.100000000000E+01
  0.000000000000E+00  0.000000000000E+00  0.000000000000E+00
  110
    8     -1.835349483591      1.086783456371      4.080505110639
    8     -3.675872179377      4.368511787820      4.031072161291
    8      0.024373048840     -2.196044443810      4.006404667006
    8      1.911839441685      1.091363879444      3.995830249517
    8     -0.018963475290      4.343324556773      3.966881955740
    8      3.759131178798     -2.112072789339      4.059946737633
    8     -5.649332692809      1.158203466507      4.080573817078
    8     -7.560058423754      4.398762533585      4.021534242804
    8     -3.737568460451     -2.081727647434      4.051438414969
  258      1.894293629837     -1.097244963877      3.274715340516
  258      0.008501421760      2.165194551312      3.257085798740
  258      3.767992194840     -4.362821424130      3.262755145684
  258      5.625335517077     -1.072684063524      3.261111303289
  258      3.745179742924      2.175444539848      3.241991131329
  258      7.510058502506     -4.353443439692      3.260220799293
  258     -1.881946750485     -1.062471099415      3.265055206355
  258     -3.757490082891      2.204235123598      3.256443606825
  258      0.008761669594     -4.352460562133      3.310213661197
    8      0.002158577898     -0.000124779971      2.422373311481
    8     -1.882248615301      3.236842967397      2.401414082457
    8      1.900915994824     -3.262944263991      2.426867716075
    8      3.780324518881      0.008008301023      2.401384393114
    8      1.877731282957      3.264421741302      2.404053301441
    8      5.640582268239     -3.237206311128      2.437864827545
    8     -3.757460766916      0.049528393361      2.428221389708
    8     -5.626252647762      3.294243016071      2.437036565451
    8     -1.881054884518     -3.241991532194      2.430982540704
    8      1.884184500309     -1.087814044196      0.861681965699
    8      0.004209853778      2.171062937238      0.850329791860
    8      3.770221030536     -4.359324143954      0.861486799735
    8      5.641797499843     -1.090715335207      0.853452070224
    8      3.759156266955      2.179638935081      0.850556787107
    8      7.507152742424     -4.354211130282      0.858622548167
    8     -1.884057852971     -1.074463174251      0.869509946870
    8     -3.767904851865      2.191856592639      0.845244843086
    8      0.004883598159     -4.344446812313      0.863128391005
  258      0.003585775587      0.000919799514      0.062567871506
  258     -1.877520921221      3.268280394003      0.058989661796
  258      1.881611444063     -3.263181044432      0.069993813465
  258      3.756666911314     -0.001376759642      0.053836034686
  258      1.874830350549      3.265892874470      0.057068295355
  258      5.636284493801     -3.265660120656      0.059995531381
  258     -3.752942750088      0.012976166640      0.056035029483
  258     -5.631024259059      3.284613331044      0.057619037954
  258     -1.869679027814     -3.255264898148      0.071530319565
    8     -1.876146294510      1.093031764999     -0.784973168405
    8     -3.754361889666      4.367476889371     -0.784405631901
    8      0.002819602400     -2.169238827351     -0.778024745145
    8      1.879530533670      1.087686147631     -0.786571760288
    8     -0.000496790200      4.356502079746     -0.786499155394
    8      3.758827761243     -2.178377588231     -0.782683737051
    8     -5.629377242683      1.098787448086     -0.790379944908
    8     -7.508428405876      4.370113837119     -0.784482365837
    8     -3.745902755250     -2.167630080661     -0.786283491293
    8      0.000000000000      0.000000000000     -2.343480358560
    8     -1.879714831577      3.266488759364     -2.343480358560
    8      1.879714831582     -3.266488759359     -2.343480358560
    8      3.752515199688     -0.003979240216     -2.343480358560
    8      1.872800368105      3.262509519152     -2.343480358560
    8      5.632230031278     -3.270467999575     -2.343480358560
    8     -3.752515199688      0.003979240207     -2.343480358560
    8     -5.632230031278      3.270467999575     -2.343480358560
    8     -1.872800368111     -3.262509519147     -2.343480358560
  258     -1.877410010423      1.090155999858     -3.124640478080
  258     -3.757124841994      4.356644759226     -3.124640478080
  258      0.002304821157     -2.176332759502     -3.124640478080
  258      1.875105189264      1.086176759646     -3.124640478080
  258     -0.004609642314      4.352665519011     -3.124640478080
  258      3.754820020846     -2.180311999717     -3.124640478080
  258     -5.629925210152      1.094135240057     -3.124640478080
  258     -7.509640041689      4.360623999443     -3.124640478080
  258     -3.750210378532     -2.172353519294     -3.124640478080
    8      1.877410010423     -1.090155999858     -3.905800597599
    8     -0.002304821157      2.176332759502     -3.905800597599
    8      3.757124841994     -4.356644759226     -3.905800597599
    8      5.629925210152     -1.094135240057     -3.905800597599
    8      3.750210378536      2.172353519294     -3.905800597599
    8      7.509640041689     -4.360623999443     -3.905800597599
    8     -1.875105189264     -1.086176759646     -3.905800597599
    8     -3.754820020849      2.180311999716     -3.905800597599
    8      0.004609642313     -4.352665519011     -3.905800597599
    8     12.813685408406      5.819922389616      5.858206032969
    1     12.827887884246      6.751522019374      5.527268866133
    8     14.856249667068      2.667802788100      5.953670197413
    1     15.730827261310      2.418402278295      6.297434894413
    1     14.967522468314      3.581763678714      5.569448208572
    1     12.945180070418      0.271322692963      5.647576525876
    8     12.838400001216     -0.651017334726      5.974209818732
    1     11.897813727936     -0.746962068770      6.242172577275
    8     14.977707721125      5.994830761512      7.175415171789
    1     14.954787289999      5.624237781499      8.067753097085
    8     17.223247534423     -0.627096518006      5.971601854363
    1     17.151492485807      0.284415612748      5.576982378184
    1     18.176724350567     -0.812070509304      6.026687947698
    8     11.776970677991      2.668037597575      5.948329710738
    1     12.739728947086      2.546668112164      6.066392039793
    1     11.666689038972      3.592114309909      5.626081376639
    8      9.750089932497      5.865667782989      5.939908873984
    1     10.716778945206      5.763797849657      6.063074013310
    1      9.617865725441      6.803841670927      5.653483849942
    1     13.678510941381      5.785780631313      6.442163466340
    8     16.903569724613      5.139995189628      5.823649850167
    1     17.758790753640      5.439364489019      6.167592087266
    1     16.111601242356      5.502646152481      6.435392121813
    1     21.908834417881     -1.915140490432      5.470929799190
    8     21.309286340028     -1.452348898219      6.125117743704
    1     20.971559958847     -2.213497669613      6.682319472657
    8     19.157690605990      2.243176988519      5.915179006036
    1     20.010198638243      1.805234563865      5.670597278049
    1     19.286573732163      3.211266761430      5.822657957557
    0    0
