   2   1   1 E -1.7659348498639E+04 DE-2.0E-07(  7)
  0.112563400045E+02 -0.119591267207E-01  0.000000000000E+00
 -0.563855898362E+01  0.979970141395E+01  0.000000000000E+00
  0.000000000000E+00  0.000000000000E+00  0.500000000000E+03
    1
  0.100000000000E+01  0.000000000000E+00  0.000000000000E+00
  0.000000000000E+00  0.100000000000E+01  0.000000000000E+00
  0.000000000000E+00  0.000000000000E+00  0.100000000000E+01
  0.000000000000E+00  0.000000000000E+00  0.000000000000E+00
  110
    8     -1.838316411857      1.089500156726      4.078902908252
    8     -3.673985939936      4.366721157135      4.040141127776
    8      0.024362479443     -2.198312053969      4.007900060298
    8      1.912031603857      1.090156306510      3.996409485473
    8     -0.017098793272      4.340873666799      3.963712275410
    8      3.760913129557     -2.111445517119      4.058594734166
    8     -5.648647029545      1.157982929726      4.079908137455
    8     -7.561332755039      4.399171163527      4.022646220396
    8     -3.739120711621     -2.083078138534      4.050663984401
  258      1.894605397274     -1.098368254583      3.275894349153
  258      0.008193260339      2.165037967001      3.257400137150
  258      3.770670659957     -4.362971105128      3.264557411389
  258      5.624446483049     -1.072953322394      3.259882708962
  258      3.744713484614      2.174956340112      3.242141524827
  258      7.508339732041     -4.354302740709      3.260137939463
  258     -1.881388640444     -1.062304604936      3.266070786671
  258     -3.757764609177      2.202017220436      3.255594405986
  258      0.008127364700     -4.353227877609      3.312599977879
    8      0.001612291959     -0.001528498986      2.424601431494
    8     -1.882236033756      3.237591297029      2.401377153048
    8      1.900623520012     -3.265152873932      2.429474111170
    8      3.779471470813      0.007927506253      2.400912946666
    8      1.877366907745      3.263944476843      2.404489447089
    8      5.640607824164     -3.237528748662      2.436814927902
    8     -3.756752925801      0.049260143621      2.426930230887
    8     -5.625576653430      3.294361919007      2.437336200502
    8     -1.881172543290     -3.241861902880      2.431387359058
    8      1.883376029376     -1.088701975172      0.862313237474
    8      0.004277011129      2.170285223587      0.850740918913
    8      3.769956699252     -4.359298139133      0.861899598358
    8      5.641101464121     -1.090611508825      0.852939831797
    8      3.758716598420      2.179752134863      0.850862346952
    8      7.505977008606     -4.355202556535      0.858239090562
    8     -1.883223813433     -1.074674491408      0.870284262306
    8     -3.767556255518      2.192038638718      0.845307676245
    8      0.005132784887     -4.344706440872      0.864091590356
  258      0.003753483532      0.000604196165      0.062846453371
  258     -1.877134842955      3.268120830028      0.059080657850
  258      1.881245625563     -3.263653672684      0.070666260400
  258      3.756256889166     -0.001521295805      0.054027652842
  258      1.874269087182      3.265682690926      0.057010430003
  258      5.636093455207     -3.265863885373      0.059949182754
  258     -3.752323258282      0.012937362591      0.056042814317
  258     -5.630485408560      3.284587488410      0.057745202366
  258     -1.869621690600     -3.255517146055      0.071640201545
    8     -1.875982719843      1.092793722694     -0.784876117039
    8     -3.753958230447      4.367464328695     -0.784427447270
    8      0.002463259693     -2.169577984157     -0.778372649289
    8      1.879299481296      1.087463694589     -0.786294261123
    8     -0.000912328041      4.356311098129     -0.786760186980
    8      3.758077622451     -2.178635664155     -0.782578972413
    8     -5.628796405155      1.098958496211     -0.790366614710
    8     -7.507649968771      4.370190718690     -0.784162380534
    8     -3.745144660624     -2.167502948736     -0.785900827301
    8      0.000000000000      0.000000000000     -2.343480358560
    8     -1.879519661207      3.266567137986     -2.343480358560
    8      1.879519661212     -3.266567137981     -2.343480358560
    8      3.752113334830     -0.003986375578     -2.343480358560
    8      1.872593673617      3.262580762411     -2.343480358560
    8      5.631632996051     -3.270553513559     -2.343480358560
    8     -3.752113334830      0.003986375569     -2.343480358560
    8     -5.631632996051      3.270553513559     -2.343480358560
    8     -1.872593673623     -3.262580762406     -2.343480358560
  258     -1.877210998681      1.090184504519     -3.124640478080
  258     -3.756730659882      4.356751642509     -3.124640478080
  258      0.002308662530     -2.176382633463     -3.124640478080
  258      1.874902336149      1.086198128945     -3.124640478080
  258     -0.004617325059      4.352765266931     -3.124640478080
  258      3.754421997361     -2.180369009040     -3.124640478080
  258     -5.629324333552      1.094170880080     -3.124640478080
  258     -7.508843994719      4.360738018088     -3.124640478080
  258     -3.749804672302     -2.172396257892     -3.124640478080
    8      1.877210998681     -1.090184504519     -3.905800597599
    8     -0.002308662530      2.176382633463     -3.905800597599
    8      3.756730659882     -4.356751642509     -3.905800597599
    8      5.629324333552     -1.094170880080     -3.905800597599
    8      3.749804672306      2.172396257892     -3.905800597599
    8      7.508843994719     -4.360738018088     -3.905800597599
    8     -1.874902336149     -1.086198128945     -3.905800597599
    8     -3.754421997364      2.180369009039     -3.905800597599
    8      0.004617325058     -4.352765266931     -3.905800597599
    8     12.780665538488      5.833902798849      5.870065831121
    1     12.809723011406      6.760696905175      5.527368157327
    8     14.857718285704      2.664788337896      5.952761263999
    1     15.728321832232      2.424106768437      6.307005729002
    1     14.965822884803      3.580535468991      5.569717466064
    1     12.946145728829      0.273313800577      5.647144976716
    8     12.831082220613     -0.646085962553      5.979322317462
    1     11.887276386358     -0.731879499094      6.236628525621
    8     14.962827090237      5.997464944113      7.166152501531
    1     14.942112520611      5.646249014103      8.065373521178
    8     17.220970391561     -0.624811973613      5.972662227145
    1     17.146306892853      0.286026566469      5.577893832382
    1     18.175450728482     -0.803364510727      6.035149281856
    8     11.778766748231      2.663583771442      5.944014213104
    1     12.742179026621      2.548547981766      6.065645204179
    1     11.660999201385      3.588918836534      5.623903887224
    8      9.786186230840      5.864686012183      5.927379442656
    1     10.758147061534      5.764709234974      6.045838666838
    1      9.644206797908      6.804157396698      5.652482839350
    1     13.650853464589      5.796756523767      6.445746280708
    8     16.900541680933      5.143404900155      5.829116282684
    1     17.751186677461      5.444112972619      6.180894219366
    1     16.102239747912      5.503213759858      6.434013721124
    1     21.897575812857     -1.915955296108      5.468134211721
    8     21.286578406433     -1.458871735404      6.113535312531
    1     20.946505511979     -2.220721497814      6.668005814104
    8     19.154346890964      2.272645456177      5.925452888510
    1     20.001611228198      1.824867613055      5.680582004976
    1     19.284119136765      3.234971670374      5.810714033170
    0    0
