   2   1   1 E -1.7659348679425E+04 DE-1.2E-07(  7)
  0.112558940363E+02 -0.117986108839E-01  0.000000000000E+00
 -0.563819467059E+01  0.980076595092E+01  0.000000000000E+00
  0.000000000000E+00  0.000000000000E+00  0.500000000000E+03
    1
  0.100000000000E+01  0.000000000000E+00  0.000000000000E+00
  0.000000000000E+00  0.100000000000E+01  0.000000000000E+00
  0.000000000000E+00  0.000000000000E+00  0.100000000000E+01
  0.000000000000E+00  0.000000000000E+00  0.000000000000E+00
  110
    8     -1.848115732763      1.098117699806      4.070891102535
    8     -3.669348001343      4.370780066393      4.060460206931
    8      0.032071660977     -2.199413125612      4.004286195211
    8      1.911905944671      1.092778197728      3.998305031765
    8     -0.012046455229      4.332396925260      3.957029489306
    8      3.752294172329     -2.104939871890      4.048185022119
    8     -5.647474269998      1.156835127636      4.074574793521
    8     -7.564140578671      4.403411342193      4.026971077674
    8     -3.740911205187     -2.084169024402      4.052541100180
  258      1.894941118521     -1.097359214227      3.269998149441
  258      0.006540908570      2.165711455658      3.255666580712
  258      3.769621865006     -4.361470482416      3.272658488304
  258      5.622585104459     -1.071790549289      3.256066808235
  258      3.745022583012      2.177500888842      3.242540896826
  258      7.508676138830     -4.355040655347      3.257076336042
  258     -1.882825883269     -1.061428072495      3.272286978401
  258     -3.753686233256      2.199368830063      3.251472154472
  258      0.010295037643     -4.352307736638      3.314840058553
    8     -0.001302301281     -0.000847335808      2.427356238101
    8     -1.886976136218      3.246247220130      2.398441367510
    8      1.900027464606     -3.274988024860      2.428892455241
    8      3.778461372227      0.013539317036      2.397112862903
    8      1.882320913614      3.262466221340      2.400739271452
    8      5.639097104548     -3.237961259370      2.439864579860
    8     -3.758146225339      0.044370456453      2.425861232507
    8     -5.621379847942      3.301382095768      2.441237982581
    8     -1.881784101429     -3.240746811238      2.433441133652
    8      1.881883052068     -1.090418869857      0.864406302977
    8      0.003193723091      2.170044949112      0.852571773481
    8      3.771044889892     -4.356505976870      0.859807827438
    8      5.638941901344     -1.091277287100      0.851854457238
    8      3.762281578992      2.182321890558      0.850006001315
    8      7.504864216895     -4.355753760456      0.858252676020
    8     -1.882357511763     -1.074096868860      0.870273376745
    8     -3.767899915462      2.190119301363      0.845928966341
    8      0.003045473614     -4.343265991645      0.863376686996
  258      0.002843749841      0.000569968851      0.062368107459
  258     -1.876666448548      3.270137958050      0.059659834726
  258      1.881384123386     -3.264599552315      0.071585199032
  258      3.756766012051     -0.000556563060      0.053331665883
  258      1.874952376920      3.266359329544      0.056773342690
  258      5.634557806176     -3.266548045651      0.059806294827
  258     -3.751332366308      0.011785531509      0.054926620914
  258     -5.630085600896      3.285747445336      0.057446111011
  258     -1.869067926087     -3.254936265187      0.072495967528
    8     -1.875760827695      1.093267231767     -0.784901151736
    8     -3.753687730768      4.367724623460     -0.784050642333
    8      0.002280773954     -2.169010807602     -0.779536869353
    8      1.879263373153      1.087620063672     -0.785510693140
    8     -0.000966658742      4.356087126584     -0.786416106011
    8      3.756951489298     -2.177545626954     -0.783272715926
    8     -5.628358146070      1.099281371736     -0.790642836461
    8     -7.507084697698      4.371096237163     -0.784385588341
    8     -3.745068368234     -2.167462485580     -0.784999361539
    8      0.000000000000      0.000000000000     -2.343480358560
    8     -1.879398223530      3.266921983642     -2.343480358560
    8      1.879398223535     -3.266921983637     -2.343480358560
    8      3.751964678737     -0.003932870299     -2.343480358560
    8      1.872566455201      3.262989113346     -2.343480358560
    8      5.631362902281     -3.270854853936     -2.343480358560
    8     -3.751964678737      0.003932870290     -2.343480358560
    8     -5.631362902281      3.270854853936     -2.343480358560
    8     -1.872566455207     -3.262989113341     -2.343480358560
  258     -1.877120967424      1.090284951311     -3.124640478080
  258     -3.756519190948      4.357206934957     -3.124640478080
  258      0.002277256110     -2.176637032326     -3.124640478080
  258      1.874843711312      1.086352081016     -3.124640478080
  258     -0.004554512219      4.353274064659     -3.124640478080
  258      3.754241934847     -2.180569902625     -3.124640478080
  258     -5.629085646202      1.094217821594     -3.124640478080
  258     -7.508483869692      4.361139805257     -3.124640478080
  258     -3.749687422629     -2.172704162035     -3.124640478080
    8      1.877120967424     -1.090284951311     -3.905800597599
    8     -0.002277256110      2.176637032326     -3.905800597599
    8      3.756519190948     -4.357206934957     -3.905800597599
    8      5.629085646202     -1.094217821594     -3.905800597599
    8      3.749687422633      2.172704162035     -3.905800597599
    8      7.508483869692     -4.361139805257     -3.905800597599
    8     -1.874843711312     -1.086352081016     -3.905800597599
    8     -3.754241934850      2.180569902624     -3.905800597599
    8      0.004554512218     -4.353274064659     -3.905800597599
    8     12.753001997109      5.852320719288      5.869262354535
    1     12.797590997196      6.772344823044      5.504723167301
    8     14.856653595717      2.668001137637      5.954674713057
    1     15.728625493275      2.427259346212      6.307114818082
    1     14.962761531929      3.584396329639      5.573557147696
    1     12.943265793598      0.283311113483      5.628581919744
    8     12.822416464683     -0.627127474333      5.986366907273
    1     11.876129167938     -0.703065262607      6.233925415458
    8     14.935352064954      6.029524897788      7.150720949467
    1     14.921369824324      5.737917514217      8.071843269638
    8     17.210452730540     -0.625044293008      5.969099061681
    1     17.138669522660      0.285660595830      5.572431735788
    1     18.164140669461     -0.808324886719      6.028200005815
    8     11.759450245166      2.659703805657      5.950970620912
    1     12.722724632469      2.538082077737      6.065776366504
    1     11.647080690870      3.584011940729      5.628235479959
    8      9.825515901431      5.867736388128      5.916731462889
    1     10.800428404312      5.779067363855      6.032929130468
    1      9.671375033640      6.813734671604      5.683406430426
    1     13.617468651208      5.815107680310      6.452794773193
    8     16.889909724969      5.161323932531      5.840480067819
    1     17.737421258155      5.471709534293      6.192136450301
    1     16.090956304244      5.525081370226      6.435989944974
    1     21.896275582228     -1.904391526476      5.459060399876
    8     21.262209805908     -1.440179144190      6.077104400821
    1     20.908902528011     -2.199814653451      6.630443348298
    8     19.116592181589      2.313993699360      5.924791580074
    1     19.983661573292      1.888969146184      5.730705049302
    1     19.213050390208      3.276252159001      5.757010647851
    0    0
