   2   1   1 E -1.7659348644481E+04 DE-1.0E-07(  7)
  0.112559872730E+02 -0.121701493727E-01  0.000000000000E+00
 -0.563856503598E+01  0.980061664768E+01  0.000000000000E+00
  0.000000000000E+00  0.000000000000E+00  0.500000000000E+03
    1
  0.100000000000E+01  0.000000000000E+00  0.000000000000E+00
  0.000000000000E+00  0.100000000000E+01  0.000000000000E+00
  0.000000000000E+00  0.000000000000E+00  0.100000000000E+01
  0.000000000000E+00  0.000000000000E+00  0.000000000000E+00
  110
    8     -1.844732878237      1.094317405784      4.074869963803
    8     -3.669397393352      4.368375409047      4.053438780523
    8      0.029803310777     -2.199910257187      4.006101532830
    8      1.912690816135      1.090039061886      3.996957697990
    8     -0.013054466173      4.333826028593      3.958835078968
    8      3.755171076916     -2.106508811953      4.052052367260
    8     -5.647085072232      1.158357490724      4.076468622417
    8     -7.562812948491      4.403341335485      4.026056477343
    8     -3.739330818339     -2.086007751109      4.050698817777
  258      1.894922972286     -1.098771965974      3.273191583534
  258      0.007129711786      2.164086845749      3.256843744366
  258      3.770730111728     -4.362775977161      3.269011338399
  258      5.624035479345     -1.072278764953      3.257537129987
  258      3.745307711737      2.176551769420      3.241957583798
  258      7.509205056138     -4.355284709338      3.258793514128
  258     -1.881257603652     -1.062438364338      3.269405565670
  258     -3.755120354245      2.200732768820      3.252459757818
  258      0.011014649230     -4.352765262795      3.314691599041
    8     -0.000514245709     -0.002892619228      2.426686313489
    8     -1.884887099499      3.243016147639      2.399138644884
    8      1.900252646093     -3.272247274571      2.430948049487
    8      3.779326838122      0.011009192172      2.398742793711
    8      1.880848870675      3.262310635731      2.402820008460
    8      5.639901627778     -3.237892631551      2.437151676473
    8     -3.756827708441      0.046452817954      2.426027754988
    8     -5.622712734508      3.299355573599      2.439034123422
    8     -1.880402700453     -3.241507068895      2.432519547060
    8      1.882272885338     -1.090378822993      0.863410400738
    8      0.004045573464      2.168940316934      0.852188779795
    8      3.770031181909     -4.357932288189      0.861109923455
    8      5.640127002269     -1.090777568130      0.852010910388
    8      3.760405938970      2.181151141177      0.850784147541
    8      7.505757253456     -4.356853888573      0.858123820552
    8     -1.882417123312     -1.074611730919      0.870666349235
    8     -3.767400458797      2.191859295049      0.845431562328
    8      0.005099014205     -4.343761521858      0.864144929427
  258      0.003480683172      0.000137416774      0.062521077502
  258     -1.876857297821      3.269345877069      0.059464821274
  258      1.881386411737     -3.264706867676      0.071617648471
  258      3.756735221780     -0.001147436392      0.053844805391
  258      1.874801340668      3.265691946107      0.056996179397
  258      5.635504837087     -3.266508025479      0.059696493335
  258     -3.751536654768      0.012304955831      0.055542884461
  258     -5.630043559653      3.285859055734      0.057475237852
  258     -1.868841017474     -3.255554581685      0.072202209423
    8     -1.875899323050      1.092749167254     -0.784775157233
    8     -3.753750386113      4.368102286002     -0.784752327307
    8      0.002295114768     -2.169719206486     -0.779514023848
    8      1.879560215049      1.087280576458     -0.786007356191
    8     -0.001349840942      4.356180056120     -0.786436837065
    8      3.757502562524     -2.178432500281     -0.782655809865
    8     -5.628477974270      1.099585851749     -0.790288878521
    8     -7.506857248547      4.371018158231     -0.784032556418
    8     -3.744632324601     -2.167404086221     -0.784725940002
    8      0.000000000000      0.000000000000     -2.343480358560
    8     -1.879521678659      3.266872215896     -2.343480358560
    8      1.879521678664     -3.266872215891     -2.343480358560
    8      3.751995757651     -0.004056716462     -2.343480358560
    8      1.872474078986      3.262815499437     -2.343480358560
    8      5.631517436324     -3.270928932353     -2.343480358560
    8     -3.751995757651      0.004056716453     -2.343480358560
    8     -5.631517436324      3.270928932353     -2.343480358560
    8     -1.872474078992     -3.262815499432     -2.343480358560
  258     -1.877172478772      1.090309644117     -3.124640478080
  258     -3.756694157425      4.357181860016     -3.124640478080
  258      0.002349199891     -2.176562571775     -3.124640478080
  258      1.874823278879      1.086252927659     -3.124640478080
  258     -0.004698399781      4.353125143555     -3.124640478080
  258      3.754344957543     -2.180619288236     -3.124640478080
  258     -5.629168236464      1.094366360562     -3.124640478080
  258     -7.508689915083      4.361238576480     -3.124640478080
  258     -3.749646557762     -2.172505855320     -3.124640478080
    8      1.877172478772     -1.090309644117     -3.905800597599
    8     -0.002349199891      2.176562571775     -3.905800597599
    8      3.756694157425     -4.357181860016     -3.905800597599
    8      5.629168236464     -1.094366360562     -3.905800597599
    8      3.749646557766      2.172505855320     -3.905800597599
    8      7.508689915083     -4.361238576480     -3.905800597599
    8     -1.874823278879     -1.086252927659     -3.905800597599
    8     -3.754344957546      2.180619288235     -3.905800597599
    8      0.004698399780     -4.353125143555     -3.905800597599
    8     12.759566605509      5.846133662561      5.867913299058
    1     12.797152224514      6.768965688241      5.511204115846
    8     14.856332288412      2.665390007576      5.952048189409
    1     15.727915436056      2.420654818863      6.302292840311
    1     14.965287836784      3.582044559250      5.571727849442
    1     12.943674305037      0.278708547386      5.637519844763
    8     12.827178500953     -0.635643094417      5.985146318059
    1     11.882355950410     -0.718697486950      6.237254136684
    8     14.942551107775      6.005664717908      7.154796360458
    1     14.922682643534      5.687476340805      8.066427916914
    8     17.214630908000     -0.625127166219      5.970137949327
    1     17.141585919154      0.285912148644      5.574752636285
    1     18.168603427183     -0.807200223123      6.028124899920
    8     11.770133349370      2.659362766329      5.947571244867
    1     12.734399431399      2.545139332249      6.062054513731
    1     11.650289131832      3.583809248125      5.627658654700
    8      9.814939189795      5.867609781357      5.919272766901
    1     10.787903152983      5.775925892854      6.040020177176
    1      9.665641765567      6.811715407366      5.670550446846
    1     13.626227227634      5.806769327273      6.447649784181
    8     16.894931522348      5.153110464412      5.836719661110
    1     17.743605482900      5.455487882144      6.192739892076
    1     16.094674332214      5.512001509552      6.437070009794
    1     21.897777729084     -1.912516021647      5.464471634383
    8     21.272844833885     -1.453384025424      6.095413389256
    1     20.924911757198     -2.217200726976      6.645508743076
    8     19.133366862204      2.296298794590      5.925397525772
    1     19.992130876153      1.862551176864      5.707193012419
    1     19.241930147007      3.259216669388      5.776889839002
    0    0
