   2   1   1 E -1.7659348685722E+04 DE 2.6E-08(  7)
  0.112558216759E+02 -0.115718621275E-01  0.000000000000E+00
 -0.563796091741E+01  0.980083457170E+01  0.000000000000E+00
  0.000000000000E+00  0.000000000000E+00  0.500000000000E+03
    1
  0.100000000000E+01  0.000000000000E+00  0.000000000000E+00
  0.000000000000E+00  0.100000000000E+01  0.000000000000E+00
  0.000000000000E+00  0.000000000000E+00  0.100000000000E+01
  0.000000000000E+00  0.000000000000E+00  0.000000000000E+00
  110
    8     -1.848535480643      1.099249284769      4.069874971531
    8     -3.670496517778      4.372092187459      4.061138946632
    8      0.032471883509     -2.199068353008      4.003319496036
    8      1.911649405787      1.093529749063      3.998890329810
    8     -0.012262740453      4.333581990131      3.957280442185
    8      3.751954189460     -2.104931735325      4.047949046499
    8     -5.647967849150      1.156871206908      4.074648028283
    8     -7.564231238476      4.402979954374      4.026549832466
    8     -3.741465325312     -2.083215830664      4.052967106965
  258      1.894502508211     -1.096932507153      3.269170184243
  258      0.006302239314      2.166510572779      3.255336606194
  258      3.769118302345     -4.360737070737      3.273363185398
  258      5.621979105875     -1.071391045841      3.255915018291
  258      3.744945260719      2.177788179362      3.242988952033
  258      7.508248171509     -4.354624227667      3.256546254466
  258     -1.883151597131     -1.060814221273      3.272849103431
  258     -3.753914937205      2.199468237502      3.251655131006
  258      0.009574267036     -4.351950880570      3.314462400708
    8     -0.001211716157     -0.000074275328      2.427240534308
    8     -1.887583094659      3.246971468175      2.398752342511
    8      1.899809949636     -3.274522289923      2.427975650959
    8      3.777611261001      0.014076112899      2.396977006217
    8      1.882060277313      3.263145821607      2.400366295399
    8      5.638926434085     -3.237895105709      2.440458481729
    8     -3.758355707088      0.044590624123      2.425811438940
    8     -5.621357476714      3.301553898215      2.441524709825
    8     -1.882217946656     -3.240252032693      2.433618136163
    8      1.881684606298     -1.090129347968      0.864480026437
    8      0.002787648494      2.170834986584      0.852439360663
    8      3.771274631969     -4.356157926220      0.859496242434
    8      5.638566367138     -1.091196786626      0.851954252443
    8      3.762532601343      2.182746675249      0.849813653080
    8      7.504535235188     -4.355016247076      0.858352901062
    8     -1.882301884098     -1.073847421690      0.870143017424
    8     -3.768125295782      2.189942366248      0.846080714321
    8      0.002385418334     -4.343299418377      0.863167263984
  258      0.002582364447      0.000792066971      0.062446079777
  258     -1.876839755203      3.270427522017      0.059676655483
  258      1.881194913187     -3.264420696307      0.071405556948
  258      3.756508167213     -0.000260659509      0.053133346344
  258      1.874876085893      3.266757104679      0.056651837414
  258      5.634241005840     -3.266318539175      0.059837914155
  258     -3.751343685487      0.011951330841      0.054859336270
  258     -5.630129852537      3.285728658127      0.057560177966
  258     -1.869214550510     -3.254685916250      0.072477181937
    8     -1.875805711561      1.093534313307     -0.784964145983
    8     -3.753789347140      4.367699768943     -0.783620308712
    8      0.002267284229     -2.168789353671     -0.779371721706
    8      1.879024983471      1.087849071506     -0.785300916055
    8     -0.000752416804      4.356294365870     -0.786680567905
    8      3.756648740475     -2.177222705515     -0.783561422287
    8     -5.628326297822      1.099165107670     -0.790804906083
    8     -7.507299821210      4.371184434215     -0.784500735267
    8     -3.745236855970     -2.167432584052     -0.785315424335
    8      0.000000000000      0.000000000000     -2.343480358560
    8     -1.879320305801      3.266944857235     -2.343480358560
    8      1.879320305806     -3.266944857230     -2.343480358560
    8      3.751940558608     -0.003857287381     -2.343480358560
    8      1.872620252801      3.263087569859     -2.343480358560
    8      5.631260864424     -3.270802144611     -2.343480358560
    8     -3.751940558608      0.003857287372     -2.343480358560
    8     -5.631260864424      3.270802144611     -2.343480358560
    8     -1.872620252807     -3.263087569854     -2.343480358560
  258     -1.877086954805      1.090267381536     -3.124640478080
  258     -3.756407260601      4.357212238775     -3.124640478080
  258      0.002233351000     -2.176677475695     -3.124640478080
  258      1.874853603803      1.086410094160     -3.124640478080
  258     -0.004466701999      4.353354951396     -3.124640478080
  258      3.754173909609     -2.180534763074     -3.124640478080
  258     -5.629027513455      1.094124668900     -3.124640478080
  258     -7.508347819216      4.361069526157     -3.124640478080
  258     -3.749707207610     -2.172820188322     -3.124640478080
    8      1.877086954805     -1.090267381536     -3.905800597599
    8     -0.002233351000      2.176677475695     -3.905800597599
    8      3.756407260601     -4.357212238775     -3.905800597599
    8      5.629027513455     -1.094124668900     -3.905800597599
    8      3.749707207614      2.172820188322     -3.905800597599
    8      7.508347819216     -4.361069526157     -3.905800597599
    8     -1.874853603803     -1.086410094160     -3.905800597599
    8     -3.754173909612      2.180534763073     -3.905800597599
    8      0.004466701998     -4.353354951396     -3.905800597599
    8     12.751989528633      5.850425600511      5.866429023691
    1     12.798027907342      6.770783138283      5.502777645146
    8     14.857434539321      2.667388791896      5.953525873908
    1     15.728511549975      2.430391841433      6.311034556096
    1     14.962031199208      3.584102893846      5.572685218413
    1     12.945484804009      0.282770047147      5.626221956350
    8     12.825347849942     -0.627405506401      5.984993574537
    1     11.879539000580     -0.703306779139      6.233864969018
    8     14.931400386313      6.033232224784      7.151805144191
    1     14.919443920181      5.742703602233      8.072544927024
    8     17.208134800310     -0.623190929811      5.971244818174
    1     17.137089181947      0.287072279911      5.573342329658
    1     18.161655771996     -0.807750731401      6.029285714768
    8     11.763206768799      2.662679949364      5.950828402738
    1     12.727117051108      2.544901693085      6.063969126908
    1     11.647097892040      3.586462283999      5.627922924008
    8      9.825004445507      5.870619491396      5.919936481678
    1     10.799821254551      5.781139122400      6.034924999247
    1      9.671516804369      6.816269509255      5.685888887012
    1     13.614950916502      5.811830363937      6.452134550170
    8     16.889613177009      5.169122024128      5.841495265785
    1     17.734711804449      5.489297277517      6.190738843902
    1     16.088861844054      5.530249159805      6.435382338146
    1     21.895530567569     -1.901602779925      5.456422671693
    8     21.257168028445     -1.438676238870      6.071259997506
    1     20.904368090703     -2.199654270764      6.623545680296
    8     19.115134154174      2.318290697837      5.929270970722
    1     19.982860346030      1.895336929203      5.737401645361
    1     19.209750308853      3.280099696287      5.758262630478
    0    0
