   2   1   1 E -1.7659348664791E+04 DE-2.0E-07(  7)
  0.112559751390E+02 -0.120264975095E-01  0.000000000000E+00
 -0.563843378902E+01  0.980070035712E+01  0.000000000000E+00
  0.000000000000E+00  0.000000000000E+00  0.500000000000E+03
    1
  0.100000000000E+01  0.000000000000E+00  0.000000000000E+00
  0.000000000000E+00  0.100000000000E+01  0.000000000000E+00
  0.000000000000E+00  0.000000000000E+00  0.100000000000E+01
  0.000000000000E+00  0.000000000000E+00  0.000000000000E+00
  110
    8     -1.846676768519      1.096070848511      4.072848897584
    8     -3.669165350895      4.369558880595      4.057430512610
    8      0.030914847211     -2.199848890792      4.005189336842
    8      1.912367095563      1.091573419392      3.997524566999
    8     -0.012378917748      4.332562890885      3.957760513452
    8      3.753162165512     -2.105416412989      4.049719791087
    8     -5.647329304970      1.157419225908      4.075102730036
    8     -7.563658434725      4.403281413334      4.026454666542
    8     -3.739956411196     -2.085241257043      4.051796631344
  258      1.895041750881     -1.097935883967      3.271355940884
  258      0.006801126784      2.164721645604      3.256197009782
  258      3.769925726531     -4.362280032254      3.271064839714
  258      5.623378738804     -1.072125460857      3.256678365025
  258      3.745061081666      2.177109545317      3.241978029706
  258      7.509126065838     -4.355341756495      3.257790089019
  258     -1.882314886162     -1.062112976463      3.270996761810
  258     -3.754126866568      2.199875359791      3.251712915492
  258      0.010732606089     -4.352747966500      3.314702110056
    8     -0.001160664099     -0.001840521976      2.427051061700
    8     -1.886109304987      3.244878283687      2.398539282052
    8      1.900128939372     -3.274304340863      2.429873366496
    8      3.779150684194      0.012506499761      2.397720811472
    8      1.881968262991      3.262063617356      2.401448765106
    8      5.639333598813     -3.237971965051      2.438724224888
    8     -3.757707253313      0.044891555135      2.425949453398
    8     -5.621950162792      3.300632370604      2.440228792753
    8     -1.881163163789     -3.241294788532      2.432965580018
    8      1.882108810920     -1.090517389071      0.863996291844
    8      0.003598593736      2.169321089649      0.852480745545
    8      3.770550511029     -4.357154748461      0.860346527568
    8      5.639483337991     -1.091170876348      0.851881258879
    8      3.761506921309      2.181710837892      0.850289167461
    8      7.505302632649     -4.356449919179      0.858129053317
    8     -1.882520555825     -1.074392454652      0.870393211059
    8     -3.767681789691      2.190752764247      0.845637996679
    8      0.003965605663     -4.343441653525      0.863622490437
  258      0.003111824485      0.000331296894      0.062347132616
  258     -1.876700713753      3.269765235540      0.059582995763
  258      1.881464550369     -3.264733716010      0.071631457898
  258      3.756868679555     -0.000880862949      0.053564669636
  258      1.874942405704      3.265952209352      0.056874592822
  258      5.634961858407     -3.266650006955      0.059735681122
  258     -3.751453024792      0.011855943125      0.055143721292
  258     -5.630111677408      3.285792396283      0.057349939448
  258     -1.868963829057     -3.255279081668      0.072370739510
    8     -1.875825516628      1.092974256033     -0.784847637012
    8     -3.753693825696      4.367880435552     -0.784504407304
    8      0.002285630631     -2.169353767367     -0.779620667941
    8      1.879463873926      1.087407477792     -0.785795600485
    8     -0.001189521500      4.356043113455     -0.786293507701
    8      3.757284308153     -2.177977935795     -0.782934627528
    8     -5.628446323056      1.099413207388     -0.790469927902
    8     -7.506948354452      4.371031552075     -0.784268499613
    8     -3.744902111625     -2.167480477137     -0.784776604781
    8      0.000000000000      0.000000000000     -2.343480358560
    8     -1.879477929673      3.266900119045     -2.343480358560
    8      1.879477929678     -3.266900119040     -2.343480358560
    8      3.751991712991     -0.004008832508     -2.343480358560
    8      1.872513783311      3.262891286541     -2.343480358560
    8      5.631469642678     -3.270908951548     -2.343480358560
    8     -3.751991712991      0.004008832499     -2.343480358560
    8     -5.631469642678      3.270908951548     -2.343480358560
    8     -1.872513783317     -3.262891286536     -2.343480358560
  258     -1.877156547557      1.090302983849     -3.124640478080
  258     -3.756634477224      4.357203102897     -3.124640478080
  258      0.002321382121     -2.176597135192     -3.124640478080
  258      1.874835165434      1.086294151345     -3.124640478080
  258     -0.004642764240      4.353194270390     -3.124640478080
  258      3.754313095112     -2.180605967699     -3.124640478080
  258     -5.629148260588      1.094311816339     -3.124640478080
  258     -7.508626190221      4.361211935406     -3.124640478080
  258     -3.749670330872     -2.172588302692     -3.124640478080
    8      1.877156547557     -1.090302983849     -3.905800597599
    8     -0.002321382121      2.176597135192     -3.905800597599
    8      3.756634477224     -4.357203102897     -3.905800597599
    8      5.629148260588     -1.094311816339     -3.905800597599
    8      3.749670330876      2.172588302692     -3.905800597599
    8      7.508626190221     -4.361211935406     -3.905800597599
    8     -1.874835165434     -1.086294151345     -3.905800597599
    8     -3.754313095115      2.180605967698     -3.905800597599
    8      0.004642764239     -4.353194270390     -3.905800597599
    8     12.756066127942      5.849772475606      5.869418799123
    1     12.798404170365      6.771039228785      5.507936288761
    8     14.855518967800      2.664738834847      5.951515996823
    1     15.727270682738      2.421628791806      6.302317034657
    1     14.963443699517      3.581659488891      5.571965124336
    1     12.943178601496      0.280824117208      5.631959417075
    8     12.827287440382     -0.631567227502      5.985458831720
    1     11.882379162324     -0.713171268904      6.236800268782
    8     14.940105265294      6.015739207126      7.151763408121
    1     14.922782895738      5.713451898208      8.069237393581
    8     17.209928941363     -0.624790319634      5.969995659897
    1     17.140075044781      0.285920176632      5.573184411146
    1     18.162945413696     -0.814370348129      6.018941288520
    8     11.768938676684      2.660905648663      5.950552312031
    1     12.733147929245      2.547794011266      6.066842034386
    1     11.648927303532      3.584840755055      5.629042511870
    8      9.820692084080      5.868415049820      5.918527590515
    1     10.795370984162      5.778404560773      6.033980244675
    1      9.667824893394      6.813346246452      5.678946886090
    1     13.621847520381      5.811433902434      6.451143946398
    8     16.891571608853      5.149057408946      5.838488075424
    1     17.740087650801      5.457833527108      6.188962291980
    1     16.093150667391      5.513244381424      6.436296235921
    1     21.896326574176     -1.909550038001      5.461893986862
    8     21.265005450256     -1.448800537090      6.085363821698
    1     20.915109957618     -2.210718705829      6.637245205496
    8     19.125641462981      2.306655143475      5.924459698520
    1     19.988760433257      1.875899176982      5.721029049369
    1     19.229507373109      3.269102713740      5.764582465180
    0    0
