   2   1   1 E -1.7659348568336E+04 DE-4.2E-08(  9)
  0.112558172091E+02 -0.121028469765E-01  0.000000000000E+00
 -0.563842173806E+01  0.980016078952E+01  0.000000000000E+00
  0.000000000000E+00  0.000000000000E+00  0.500000000000E+03
    1
  0.100000000000E+01  0.000000000000E+00  0.000000000000E+00
  0.000000000000E+00  0.100000000000E+01  0.000000000000E+00
  0.000000000000E+00  0.000000000000E+00  0.100000000000E+01
  0.000000000000E+00  0.000000000000E+00  0.000000000000E+00
  110
    8     -1.841069143507      1.092183994223      4.077062489622
    8     -3.671269500606      4.366352736706      4.047508451867
    8      0.026903141655     -2.199206558359      4.008101642949
    8      1.912820282391      1.088901255666      3.996639562858
    8     -0.014747279853      4.337881774396      3.960908897402
    8      3.760109941133     -2.109361995629      4.056328287536
    8     -5.647301455140      1.158408618851      4.078938808307
    8     -7.562254512080      4.401272136884      4.024611003571
    8     -3.739480743709     -2.084948575318      4.049930976500
  258      1.894983930321     -1.099111638454      3.275812929715
  258      0.008092035888      2.164546520771      3.257490739639
  258      3.772491955005     -4.362905525117      3.266437949531
  258      5.624359110483     -1.072714228750      3.258896126225
  258      3.745265462808      2.175117195394      3.242480561615
  258      7.507976611722     -4.354880119100      3.259911970464
  258     -1.880393376014     -1.062227428679      3.267330318131
  258     -3.756979450620      2.201026373112      3.254513741574
  258      0.009415706606     -4.353007668904      3.314642536297
    8      0.001245097304     -0.002860130219      2.426110520155
    8     -1.882574911287      3.239314451915      2.400874063571
    8      1.900667023123     -3.267586446957      2.431476935528
    8      3.779136649887      0.008551789443      2.400283059512
    8      1.878229134944      3.263408583713      2.404715635053
    8      5.640888987278     -3.237733390592      2.436038631295
    8     -3.755911721751      0.048879378231      2.426181705649
    8     -5.624246190975      3.295915771538      2.438008277987
    8     -1.880566876985     -3.241619978779      2.431974690921
    8      1.882825566386     -1.089542962019      0.862852936169
    8      0.004516516627      2.169498366228      0.851311344212
    8      3.769964870317     -4.358989263260      0.862064931507
    8      5.640841391947     -1.090437090713      0.852492341356
    8      3.759027586828      2.180220284155      0.851236342730
    8      7.505750172742     -4.356247050534      0.858165912397
    8     -1.882295813582     -1.074756465481      0.870870673874
    8     -3.767125519497      2.192515369729      0.845473245993
    8      0.005752632733     -4.344513480253      0.864818356398
  258      0.003983505181      0.000279922021      0.062968477176
  258     -1.876841901066      3.268432321447      0.059259740532
  258      1.881230708346     -3.264142173720      0.071334961963
  258      3.756303035286     -0.001481392539      0.054155833469
  258      1.874279868539      3.265592151593      0.057079148702
  258      5.636142465019     -3.266091344864      0.059888166334
  258     -3.751686817632      0.012949077356      0.056051446218
  258     -5.629973482113      3.285147622746      0.057889677705
  258     -1.869149533794     -3.255644589852      0.071904749577
    8     -1.875812316078      1.092672096139     -0.784755100026
    8     -3.753713771660      4.367820529006     -0.784483485979
    8      0.002362025317     -2.169832600554     -0.778788043883
    8      1.879386385937      1.087302565313     -0.786080421923
    8     -0.001199045188      4.356284142866     -0.786825721628
    8      3.757692588043     -2.178773225919     -0.782497568085
    8     -5.628414855345      1.099371557117     -0.790235653147
    8     -7.507038632784      4.370603830146     -0.783827498383
    8     -3.744491330216     -2.167349038179     -0.785338079402
    8      0.000000000000      0.000000000000     -2.343480358560
    8     -1.879473912687      3.266720263176     -2.343480358560
    8      1.879473912692     -3.266720263171     -2.343480358560
    8      3.751939069668     -0.004034282330     -2.343480358560
    8      1.872465156975      3.262685980850     -2.343480358560
    8      5.631412982369     -3.270754545502     -2.343480358560
    8     -3.751939069668      0.004034282321     -2.343480358560
    8     -5.631412982369      3.270754545502     -2.343480358560
    8     -1.872465156981     -3.262685980845     -2.343480358560
  258     -1.877137660787      1.090251515167     -3.124640478080
  258     -3.756611573468      4.356971778347     -3.124640478080
  258      0.002336251904     -2.176468748006     -3.124640478080
  258      1.874801408881      1.086217232840     -3.124640478080
  258     -0.004672503807      4.352937496018     -3.124640478080
  258      3.754275321573     -2.180503030335     -3.124640478080
  258     -5.629076730496      1.094285797480     -3.124640478080
  258     -7.508550643143      4.361006060678     -3.124640478080
  258     -3.749602817766     -2.172434465684     -3.124640478080
    8      1.877137660787     -1.090251515167     -3.905800597599
    8     -0.002336251904      2.176468748006     -3.905800597599
    8      3.756611573468     -4.356971778347     -3.905800597599
    8      5.629076730496     -1.094285797480     -3.905800597599
    8      3.749602817770      2.172434465684     -3.905800597599
    8      7.508550643143     -4.361006060678     -3.905800597599
    8     -1.874801408881     -1.086217232840     -3.905800597599
    8     -3.754275321576      2.180503030334     -3.905800597599
    8      0.004672503806     -4.352937496018     -3.905800597599
    8     12.762374398257      5.842534018405      5.873767817652
    1     12.797717588556      6.766816326864      5.522425338026
    8     14.854191720445      2.666522017437      5.952845922253
    1     15.726209906513      2.418706403799      6.299125156713
    1     14.964966146982      3.582186628698      5.570711078200
    1     12.946419312058      0.274657750474      5.644856179839
    8     12.834254170678     -0.643100458485      5.983318228219
    1     11.891926369819     -0.730205360099      6.243697541075
    8     14.950078869942      5.997562598232      7.158129532459
    1     14.930734096433      5.661984910672      8.063730552577
    8     17.218065744230     -0.624492579380      5.972151550337
    1     17.143425545624      0.286452699147      5.577491740630
    1     18.172273296938     -0.804867003931      6.030400547965
    8     11.776948676059      2.662805257020      5.943967239888
    1     12.741116401329      2.550916714512      6.061899198977
    1     11.655477846974      3.587312159318      5.624140117753
    8      9.799758153837      5.865340402030      5.919866500306
    1     10.771696537752      5.765592663890      6.044331620428
    1      9.661030250187      6.807412876357      5.655581596908
    1     13.633502428358      5.799642855200      6.446032974183
    8     16.895850697514      5.149994773416      5.830191198730
    1     17.745259553534      5.448006315009      6.187752627950
    1     16.095250291173      5.506060579553      6.432766298594
    1     21.896057192106     -1.912133969037      5.466595952065
    8     21.280920922846     -1.451816838566      6.105639564014
    1     20.933503554656     -2.212856693428      6.657907648387
    8     19.144894266988      2.286163905210      5.926166788521
    1     19.994491725935      1.843993347566      5.687116851216
    1     19.262312891636      3.248489914752      5.787362175511
    0    0
