   2   1   1 E -1.7659348650821E+04 DE-1.3E-07(  7)
  0.112560013242E+02 -0.121574691922E-01  0.000000000000E+00
 -0.563856097978E+01  0.980066688330E+01  0.000000000000E+00
  0.000000000000E+00  0.000000000000E+00  0.500000000000E+03
    1
  0.100000000000E+01  0.000000000000E+00  0.000000000000E+00
  0.000000000000E+00  0.100000000000E+01  0.000000000000E+00
  0.000000000000E+00  0.000000000000E+00  0.100000000000E+01
  0.000000000000E+00  0.000000000000E+00  0.000000000000E+00
  110
    8     -1.845208516032      1.094692960090      4.074472368778
    8     -3.669301044144      4.368708017144      4.054333478132
    8      0.030133653882     -2.199884694574      4.005922622068
    8      1.912597222074      1.090373007625      3.997040665539
    8     -0.012926710800      4.333543027073      3.958652697393
    8      3.754653390392     -2.106218997979      4.051456257657
    8     -5.647124998482      1.158170343667      4.076111624167
    8     -7.562950037395      4.403363028791      4.026155096698
    8     -3.739442009400     -2.085843409644      4.050968950483
  258      1.894999034790     -1.098552253094      3.272704235328
  258      0.007027198360      2.164209732698      3.256696678717
  258      3.770479780943     -4.362701267122      3.269474634288
  258      5.623943911365     -1.072258933124      3.257325965989
  258      3.745262073893      2.176705285736      3.241908225742
  258      7.509291917707     -4.355307210907      3.258575865217
  258     -1.881558881926     -1.062379602018      3.269795200689
  258     -3.754839742046      2.200564973561      3.252241832287
  258      0.011010130950     -4.352801575863      3.314654297350
    8     -0.000708236576     -0.002627781469      2.426747990092
    8     -1.885202052553      3.243523990095      2.398956877877
    8      1.900264303813     -3.272839253260      2.430654140315
    8      3.779381930838      0.011392832432      2.398469623047
    8      1.881195082888      3.262206412244      2.402460469673
    8      5.639749660907     -3.237914693713      2.437544127122
    8     -3.757073934918      0.046018248521      2.426021265866
    8     -5.622514547665      3.299725268882      2.439302435126
    8     -1.880544113785     -3.241486365228      2.432627497286
    8      1.882262526838     -1.090429255843      0.863538524099
    8      0.003938439491      2.169010108034      0.852276870554
    8      3.770160256573     -4.357754675571      0.860914557622
    8      5.639994866934     -1.090893660540      0.851967898256
    8      3.760697497714      2.181276878072      0.850649122272
    8      7.505686511494     -4.356799360855      0.858116041488
    8     -1.882474345525     -1.074557047138      0.870582355584
    8     -3.767467354326      2.191589213748      0.845458853359
    8      0.004847810776     -4.343676863564      0.863995161834
  258      0.003387757525      0.000187284399      0.062454878689
  258     -1.876813854328      3.269467866071      0.059495381191
  258      1.881439758211     -3.264734935062      0.071614133625
  258      3.756807732572     -0.001089387319      0.053771874830
  258      1.874860533546      3.265749820992      0.056970369942
  258      5.635384664376     -3.266568490198      0.059697720104
  258     -3.751524352246      0.012176218975      0.055436535133
  258     -5.630068607812      3.285865212793      0.057420084879
  258     -1.868857730096     -3.255500782603      0.072245486033
    8     -1.875885597661      1.092804387696     -0.784792500624
    8     -3.753731904055      4.368072575648     -0.784727890079
    8      0.002305115643     -2.169638173663     -0.779563826191
    8      1.879559281674      1.087308251937     -0.785972715776
    8     -0.001317126022      4.356154201566     -0.786372126135
    8      3.757484602824     -2.178334175208     -0.782714673249
    8     -5.628476172568      1.099554715621     -0.790331146858
    8     -7.506873355544      4.371039678513     -0.784098197018
    8     -3.744701797197     -2.167428973992     -0.784714991836
    8      0.000000000000      0.000000000000     -2.343480358560
    8     -1.879520326594      3.266888961103     -2.343480358560
    8      1.879520326599     -3.266888961098     -2.343480358560
    8      3.752000441377     -0.004052489735     -2.343480358560
    8      1.872480114777      3.262836471372     -2.343480358560
    8      5.631520767985     -3.270941450834     -2.343480358560
    8     -3.752000441377      0.004052489726     -2.343480358560
    8     -5.631520767985      3.270941450834     -2.343480358560
    8     -1.872480114783     -3.262836471367     -2.343480358560
  258     -1.877173589326      1.090313816944     -3.124640478080
  258     -3.756693915914      4.357202778051     -3.124640478080
  258      0.002346737272     -2.176575144155     -3.124640478080
  258      1.874826852051      1.086261327212     -3.124640478080
  258     -0.004693474544      4.353150288317     -3.124640478080
  258      3.754347178650     -2.180627633890     -3.124640478080
  258     -5.629174030744      1.094366306662     -3.124640478080
  258     -7.508694357298      4.361255267788     -3.124640478080
  258     -3.749653704107     -2.172522654428     -3.124640478080
    8      1.877173589326     -1.090313816944     -3.905800597599
    8     -0.002346737272      2.176575144155     -3.905800597599
    8      3.756693915914     -4.357202778051     -3.905800597599
    8      5.629174030744     -1.094366306662     -3.905800597599
    8      3.749653704111      2.172522654428     -3.905800597599
    8      7.508694357298     -4.361255267788     -3.905800597599
    8     -1.874826852051     -1.086261327212     -3.905800597599
    8     -3.754347178653      2.180627633889     -3.905800597599
    8      0.004693474543     -4.353150288317     -3.905800597599
    8     12.756545043770      5.846736347426      5.867861426169
    1     12.797526352235      6.769388794882      5.510484668648
    8     14.855671316336      2.665376466724      5.952184863204
    1     15.727000615116      2.420844942237      6.302777796745
    1     14.964918541578      3.581986724469      5.571873508037
    1     12.943056195568      0.278436993448      5.635749055411
    8     12.825198418277     -0.635518569659      5.984214029598
    1     11.880025463337     -0.717157801364      6.235273644786
    8     14.939945997488      6.005454036303      7.153736151299
    1     14.920844115273      5.690426382920      8.066500649754
    8     17.214378351971     -0.624295825361      5.970794002179
    1     17.141367722853      0.286428357227      5.574682867207
    1     18.168379183104     -0.806078205681      6.029615129597
    8     11.768785690282      2.660265953363      5.949430421406
    1     12.732537412464      2.547429230327      6.069822179739
    1     11.649644067330      3.584540306658      5.628557079292
    8      9.816781963394      5.868409933995      5.919538826504
    1     10.790620784364      5.776401232088      6.035628563969
    1      9.666085831299      6.812518714260      5.672893809628
    1     13.623121442444      5.805575768759      6.447974453194
    8     16.893078272369      5.152184033654      5.836310527876
    1     17.741341016677      5.456796283381      6.191316233947
    1     16.092844089773      5.511260779340      6.436282224214
    1     21.897786697720     -1.911786998525      5.463957228861
    8     21.271634168889     -1.451995854491      6.093070842635
    1     20.922613173982     -2.215213825898      6.643418224023
    8     19.131518564702      2.297964665712      5.925703328572
    1     19.991667339644      1.865313115225      5.710951524696
    1     19.238764905617      3.260896066618      5.775697254059
    0    0
