   2   1   1 E -1.7659348693568E+04 DE 6.8E-08(  7)
  0.112556008749E+02 -0.114005470577E-01  0.000000000000E+00
 -0.563770099874E+01  0.980098129435E+01  0.000000000000E+00
  0.000000000000E+00  0.000000000000E+00  0.500000000000E+03
    1
  0.100000000000E+01  0.000000000000E+00  0.000000000000E+00
  0.000000000000E+00  0.100000000000E+01  0.000000000000E+00
  0.000000000000E+00  0.000000000000E+00  0.100000000000E+01
  0.000000000000E+00  0.000000000000E+00  0.000000000000E+00
  110
    8     -1.848922436723      1.100042265286      4.069413273760
    8     -3.671949307465      4.372993976097      4.060016202309
    8      0.033217869560     -2.199029857947      4.003144225693
    8      1.911508658089      1.093892606495      3.999542407797
    8     -0.012946432335      4.334889797297      3.957582006915
    8      3.752133898211     -2.105514547995      4.048446950097
    8     -5.648261293288      1.157188654954      4.074893687919
    8     -7.563453165349      4.402909175812      4.026474887273
    8     -3.742333664011     -2.082650523497      4.052711100024
  258      1.893929903740     -1.097029066321      3.269249875843
  258      0.005773369507      2.166885538482      3.255263967387
  258      3.768620958319     -4.360427526386      3.272917575507
  258      5.621607568391     -1.071070415393      3.255870507086
  258      3.744878109759      2.177917760327      3.243611198034
  258      7.507769000633     -4.354361208646      3.256546022394
  258     -1.883440256288     -1.060147313477      3.273287910452
  258     -3.754698222832      2.200075249801      3.251941252361
  258      0.009405831188     -4.351787055094      3.314319914546
    8     -0.001217496062      0.000098500564      2.427330375454
    8     -1.887999171173      3.247464468578      2.399238353089
    8      1.899731992906     -3.273543058115      2.427628109349
    8      3.776768510584      0.014083158094      2.397350129151
    8      1.881159633741      3.263759642309      2.400919698180
    8      5.638712892056     -3.237859822249      2.439748551281
    8     -3.758169675666      0.045503904251      2.425593931347
    8     -5.621636729889      3.301200790504      2.440839303420
    8     -1.882240816499     -3.239801559211      2.434368593368
    8      1.881361371222     -1.089863354807      0.864113747888
    8      0.002405992782      2.171311479945      0.852396697073
    8      3.771034148392     -4.356227986204      0.859490092489
    8      5.638346480465     -1.090816593293      0.852201658977
    8      3.761936177204      2.182956990130      0.850005612786
    8      7.504494966750     -4.354752235521      0.858613223478
    8     -1.882390018317     -1.073815209550      0.870348874904
    8     -3.768117013456      2.190521355251      0.846051092826
    8      0.002311945918     -4.343522018188      0.863477905912
  258      0.002272735398      0.000865362774      0.062733716927
  258     -1.877200034811      3.270706601768      0.059718967179
  258      1.880953585058     -3.264403873931      0.071252266666
  258      3.756100388268      0.000004433370      0.053094189639
  258      1.874754494716      3.266988392952      0.056712540640
  258      5.634017187295     -3.266015965515      0.059826473664
  258     -3.751452149097      0.012320008672      0.055130436960
  258     -5.630211190965      3.285888564532      0.057794148006
  258     -1.869333065313     -3.254667472907      0.072557636859
    8     -1.876014727853      1.093645317354     -0.784911087668
    8     -3.753934233996      4.368005704954     -0.783394827817
    8      0.002135933670     -2.168870018821     -0.779181463775
    8      1.878776621523      1.088048513619     -0.785054268871
    8     -0.000620656252      4.356708168149     -0.786991269520
    8      3.756389905898     -2.177101336660     -0.783645038160
    8     -5.628290512851      1.099143019755     -0.790844026399
    8     -7.507415461170      4.371416437425     -0.784365017846
    8     -3.745242897205     -2.167388653605     -0.785315468766
    8      0.000000000000      0.000000000000     -2.343480358560
    8     -1.879233666247      3.266993764785     -2.343480358560
    8      1.879233666252     -3.266993764780     -2.343480358560
    8      3.751866958280     -0.003800182357     -2.343480358560
    8      1.872633292027      3.263193582432     -2.343480358560
    8      5.631100624541     -3.270793947137     -2.343480358560
    8     -3.751866958280      0.003800182348     -2.343480358560
    8     -5.631100624541      3.270793947137     -2.343480358560
    8     -1.872633292033     -3.263193582427     -2.343480358560
  258     -1.877033541511      1.090264649045     -3.124640478080
  258     -3.756267207752      4.357258413834     -3.124640478080
  258      0.002200124740     -2.176729115736     -3.124640478080
  258      1.874833416769      1.086464466692     -3.124640478080
  258     -0.004400249479      4.353458231478     -3.124640478080
  258      3.754067083021     -2.180529298092     -3.124640478080
  258     -5.628900499832      1.094064831385     -3.124640478080
  258     -7.508134166039      4.361058596193     -3.124640478080
  258     -3.749666833542     -2.172928933387     -3.124640478080
    8      1.877033541511     -1.090264649045     -3.905800597599
    8     -0.002200124740      2.176729115736     -3.905800597599
    8      3.756267207752     -4.357258413834     -3.905800597599
    8      5.628900499832     -1.094064831385     -3.905800597599
    8      3.749666833546      2.172928933387     -3.905800597599
    8      7.508134166039     -4.361058596193     -3.905800597599
    8     -1.874833416769     -1.086464466692     -3.905800597599
    8     -3.754067083024      2.180529298091     -3.905800597599
    8      0.004400249478     -4.353458231478     -3.905800597599
    8     12.752432284187      5.852609987643      5.867987548883
    1     12.794458000594      6.772781108436      5.503140891403
    8     14.855846070446      2.669722995834      5.954308470463
    1     15.728038731749      2.428638150228      6.305606933315
    1     14.962436954587      3.585576581628      5.571807884465
    1     12.947834429194      0.284276188964      5.627171671954
    8     12.822918856095     -0.625032796846      5.986995454773
    1     11.875798283135     -0.696336571713      6.232635677406
    8     14.932233166333      6.042310161096      7.153226132993
    1     14.921456070661      5.756096459861      8.075592784708
    8     17.206744233906     -0.624377329875      5.970046038574
    1     17.135281250274      0.286366116671      5.573533580300
    1     18.160355911672     -0.809602449709      6.025016181797
    8     11.759673634816      2.661483025197      5.948736455904
    1     12.722902280915      2.542930269996      6.066657446856
    1     11.645204342690      3.585744391965      5.626152243001
    8      9.822746393580      5.870184464601      5.918276473609
    1     10.797125419468      5.779913044350      6.034615728189
    1      9.670664065846      6.816021646697      5.681985485860
    1     13.614862171934      5.819513418547      6.453854882095
    8     16.885542056667      5.166132350388      5.842616901272
    1     17.730644287431      5.485636641974      6.192286080091
    1     16.086194083558      5.531497415016      6.435375663206
    1     21.897052076927     -1.898343072241      5.456050770649
    8     21.258412631223     -1.435061914820      6.070365695152
    1     20.906198169248     -2.195909562431      6.624316062496
    8     19.111442856816      2.323769933546      5.925829782531
    1     19.979838474611      1.900563329594      5.736622240038
    1     19.205533953041      3.285341647367      5.752001116673
    0    0
