   2   1   1 E -1.7659348696458E+04 DE-9.8E-08(  5)
  0.112554595507E+02 -0.113214713864E-01  0.000000000000E+00
 -0.563756128273E+01  0.980105433227E+01  0.000000000000E+00
  0.000000000000E+00  0.000000000000E+00  0.500000000000E+03
    1
  0.100000000000E+01  0.000000000000E+00  0.000000000000E+00
  0.000000000000E+00  0.100000000000E+01  0.000000000000E+00
  0.000000000000E+00  0.000000000000E+00  0.100000000000E+01
  0.000000000000E+00  0.000000000000E+00  0.000000000000E+00
  110
    8     -1.849069201377      1.100021206475      4.068808846206
    8     -3.672208863333      4.373514241875      4.059800735363
    8      0.034191145873     -2.199468230521      4.002755139643
    8      1.911315583215      1.094012477103      3.999364576023
    8     -0.012732863125      4.335295438013      3.957394916489
    8      3.752303750896     -2.105514722930      4.048425414768
    8     -5.648031205969      1.157061908239      4.074889861289
    8     -7.563342189413      4.402667531008      4.026077137338
    8     -3.742667338270     -2.082793055477      4.052636494831
  258      1.893887857196     -1.097108802953      3.268814623564
  258      0.005704946044      2.166731036337      3.254853594941
  258      3.768724744319     -4.360312808531      3.272585523932
  258      5.621651307852     -1.071125243779      3.255544218233
  258      3.744553225214      2.177796582595      3.243505446448
  258      7.507694246877     -4.354502052430      3.256190686420
  258     -1.883653175788     -1.060152241704      3.273884664828
  258     -3.754603068154      2.199967861247      3.251943503006
  258      0.009492527919     -4.351887106570      3.313921199414
    8     -0.001274132099     -0.000023642092      2.427315074682
    8     -1.888046874202      3.247908773527      2.399352829658
    8      1.900198782370     -3.273494705477      2.427017114481
    8      3.776669923605      0.014058814827      2.397261542544
    8      1.880853513961      3.263678302901      2.400825213744
    8      5.638717381692     -3.237748196578      2.439089169503
    8     -3.757969588099      0.045377110770      2.425429928918
    8     -5.621532875146      3.300795310149      2.440243972260
    8     -1.882272884340     -3.239592395957      2.434818834290
    8      1.881292866542     -1.089808461488      0.863648342203
    8      0.002197309187      2.171295303146      0.852346336656
    8      3.771092198818     -4.356328590165      0.859193093245
    8      5.638270369796     -1.090638361217      0.852232397092
    8      3.761621542474      2.182924679317      0.849833633267
    8      7.504664948732     -4.354837931513      0.858658356079
    8     -1.882435627935     -1.074009814820      0.870374181730
    8     -3.767798155972      2.190570017784      0.845829274115
    8      0.002247153893     -4.343561696295      0.863505498223
  258      0.002070481990      0.000794349235      0.062712536018
  258     -1.877164218769      3.270773844173      0.059624753433
  258      1.880996926891     -3.264446223884      0.070967584949
  258      3.756007195511      0.000117066635      0.052878648966
  258      1.874770785859      3.266951711930      0.056579788173
  258      5.633960112586     -3.265941545539      0.059672049942
  258     -3.751427274117      0.012287495838      0.055175913910
  258     -5.630235659811      3.285875552557      0.057739539681
  258     -1.869377405006     -3.254671467603      0.072492468441
    8     -1.876010380675      1.093550433943     -0.785013915006
    8     -3.753886931471      4.368119001900     -0.783547239566
    8      0.002015688380     -2.168935928547     -0.779307711934
    8      1.878647358021      1.088132234838     -0.785085423363
    8     -0.000459410065      4.356825159904     -0.787124672488
    8      3.756429093416     -2.177036593485     -0.783727928598
    8     -5.628224555894      1.099079009968     -0.790936598042
    8     -7.507351600458      4.371503121835     -0.784434554703
    8     -3.745203372756     -2.167437064882     -0.785295842962
    8      0.000000000000      0.000000000000     -2.343480358560
    8     -1.879187094241      3.267018110761     -2.343480358560
    8      1.879187094246     -3.267018110756     -2.343480358560
    8      3.751819850204     -0.003773823800     -2.343480358560
    8      1.872632755957      3.263244286965     -2.343480358560
    8      5.631006944459     -3.270791934556     -2.343480358560
    8     -3.751819850204      0.003773823791     -2.343480358560
    8     -5.631006944459      3.270791934556     -2.343480358560
    8     -1.872632755963     -3.263244286960     -2.343480358560
  258     -1.877002314817      1.090263978185     -3.124640478080
  258     -3.756189409052      4.357282088950     -3.124640478080
  258      0.002184779428     -2.176754132572     -3.124640478080
  258      1.874817535387      1.086490154389     -3.124640478080
  258     -0.004369558855      4.353508265151     -3.124640478080
  258      3.754004629633     -2.180527956371     -3.124640478080
  258     -5.628822165062      1.094037801968     -3.124640478080
  258     -7.508009259264      4.361055912751     -3.124640478080
  258     -3.749635070778     -2.172980308780     -3.124640478080
    8      1.877002314817     -1.090263978185     -3.905800597599
    8     -0.002184779428      2.176754132572     -3.905800597599
    8      3.756189409052     -4.357282088950     -3.905800597599
    8      5.628822165062     -1.094037801968     -3.905800597599
    8      3.749635070782      2.172980308780     -3.905800597599
    8      7.508009259264     -4.361055912751     -3.905800597599
    8     -1.874817535387     -1.086490154389     -3.905800597599
    8     -3.754004629636      2.180527956370     -3.905800597599
    8      0.004369558854     -4.353508265151     -3.905800597599
    8     12.752037339395      5.852677848856      5.867648074985
    1     12.794153093550      6.772852852847      5.502937026852
    8     14.855845334834      2.669227081050      5.953293502858
    1     15.727335460786      2.431427435803      6.308927065800
    1     14.961268229154      3.585168253469      5.570497892883
    1     12.948342260095      0.284408993415      5.625249665873
    8     12.822948902697     -0.624307905137      5.986354091927
    1     11.875837822221     -0.694860830840      6.231857902126
    8     14.932622149479      6.044616372059      7.151990728809
    1     14.923671795655      5.762182920262      8.075565806204
    8     17.206722849495     -0.624282838397      5.970556419724
    1     17.134791123827      0.286296561736      5.573920405989
    1     18.160359872302     -0.809386177129      6.024826228012
    8     11.759856158783      2.663269532878      5.949127890533
    1     12.723374665156      2.545210284588      6.064968465428
    1     11.644637064003      3.587029308370      5.625407967803
    8      9.821490165985      5.871225353265      5.918985760288
    1     10.795828136306      5.780825131515      6.035333882830
    1      9.669779747694      6.816694240593      5.680897387124
    1     13.614289399368      5.819326510737      6.453378770178
    8     16.885254571944      5.165228678035      5.841952807167
    1     17.730715086028      5.481547888050      6.193381085081
    1     16.086312260843      5.531508884555      6.434098353193
    1     21.897051679119     -1.896650589545      5.455038154815
    8     21.256327835700     -1.433223709838      6.067062670780
    1     20.904142099203     -2.194006627224      6.621392515989
    8     19.111734651966      2.326026200202      5.926417698993
    1     19.981307329353      1.904548992237      5.740065483773
    1     19.204045361033      3.287631405331      5.751748572607
    0    0
