   2   1   1 E -1.7659348577731E+04 DE-6.8E-08(  8)
  0.112558161046E+02 -0.121534484739E-01  0.000000000000E+00
 -0.563846512061E+01  0.980027392560E+01  0.000000000000E+00
  0.000000000000E+00  0.000000000000E+00  0.500000000000E+03
    1
  0.100000000000E+01  0.000000000000E+00  0.000000000000E+00
  0.000000000000E+00  0.100000000000E+01  0.000000000000E+00
  0.000000000000E+00  0.000000000000E+00  0.100000000000E+01
  0.000000000000E+00  0.000000000000E+00  0.000000000000E+00
  110
    8     -1.841760778877      1.092707978063      4.076544733415
    8     -3.670414451165      4.366695030190      4.049030794965
    8      0.027876217622     -2.199494836795      4.007573613555
    8      1.913001969709      1.088718576989      3.996453943917
    8     -0.014073490394      4.336659999230      3.960165650561
    8      3.759077175527     -2.108518796886      4.055289864169
    8     -5.646974615471      1.158600393578      4.078440179660
    8     -7.562255773779      4.401883627294      4.024979774209
    8     -3.739063052397     -2.085351650168      4.050100364119
  258      1.895006542513     -1.099236956513      3.275310756183
  258      0.008031540608      2.164232715869      3.257346813135
  258      3.772465112063     -4.362856282299      3.266955524553
  258      5.624423956944     -1.072523138307      3.258604971543
  258      3.745469270862      2.175369270624      3.242336846515
  258      7.508369977863     -4.355092649095      3.259696161087
  258     -1.880115426558     -1.062288081918      3.267706649177
  258     -3.756460865823      2.201032998874      3.254009899735
  258      0.010148807793     -4.352841585881      3.314756420508
    8      0.000996469565     -0.003215537241      2.426247641209
    8     -1.882933363996      3.240120606379      2.400481161590
    8      1.900643424717     -3.268570266386      2.431652479780
    8      3.779152847682      0.009010815086      2.399948248221
    8      1.878875097247      3.263109608192      2.404391235375
    8      5.640876622441     -3.237778468191      2.435992366132
    8     -3.755767239789      0.048560940728      2.426107797669
    8     -5.623708994192      3.296739618519      2.438115989233
    8     -1.880224216905     -3.241554475056      2.432050581564
    8      1.882679147090     -1.089802334807      0.862924054429
    8      0.004540503909      2.169222369056      0.851490973518
    8      3.769969239567     -4.358781186184      0.861937810830
    8      5.640797688203     -1.090414837713      0.852347982983
    8      3.759301033452      2.180424232712      0.851210336254
    8      7.505871453614     -4.356535846923      0.858123861898
    8     -1.882114576533     -1.074752294853      0.870910820753
    8     -3.767036428430      2.192595505942      0.845457008105
    8      0.005896216353     -4.344327464552      0.864746798254
  258      0.003983032796      0.000167650731      0.062877810846
  258     -1.876816327374      3.268625143727      0.059290272574
  258      1.881277085417     -3.264302266255      0.071449504329
  258      3.756411275127     -0.001423376897      0.054105386021
  258      1.874431857711      3.265563194494      0.057045469585
  258      5.636120656733     -3.266172944434      0.059815858671
  258     -3.751533023379      0.012893323262      0.055982436086
  258     -5.629863231305      3.285405682912      0.057814554169
  258     -1.868937570237     -3.255652990476      0.071952029261
    8     -1.875794442665      1.092645357266     -0.784756031642
    8     -3.753691028202      4.367953724626     -0.784577500211
    8      0.002368565949     -2.169870177341     -0.779004924992
    8      1.879470802028      1.087256381495     -0.786091234151
    8     -0.001256198513      4.356264936099     -0.786804643758
    8      3.757645764901     -2.178751943873     -0.782510444341
    8     -5.628363161174      1.099502844917     -0.790218510406
    8     -7.506890955866      4.370744118242     -0.783829939363
    8     -3.744376889812     -2.167314384669     -0.785145937378
    8      0.000000000000      0.000000000000     -2.343480358560
    8     -1.879488373535      3.266757975202     -2.343480358560
    8      1.879488373540     -3.266757975197     -2.343480358560
    8      3.751938701507     -0.004051149496     -2.343480358560
    8      1.872450327966      3.262706825710     -2.343480358560
    8      5.631427075056     -3.270809124693     -2.343480358560
    8     -3.751938701507      0.004051149487     -2.343480358560
    8     -5.631427075056      3.270809124693     -2.343480358560
    8     -1.872450327972     -3.262706825705     -2.343480358560
  258     -1.877142358349      1.090269708230     -3.124640478080
  258     -3.756630731878      4.357027683437     -3.124640478080
  258      0.002346015190     -2.176488266968     -3.124640478080
  258      1.874796343158      1.086218558738     -3.124640478080
  258     -0.004692030378      4.352976533942     -3.124640478080
  258      3.754284716698     -2.180539416463     -3.124640478080
  258     -5.629081059897      1.094320857709     -3.124640478080
  258     -7.508569433392      4.361078832934     -3.124640478080
  258     -3.749592686319     -2.172437117480     -3.124640478080
    8      1.877142358349     -1.090269708230     -3.905800597599
    8     -0.002346015190      2.176488266968     -3.905800597599
    8      3.756630731878     -4.357027683437     -3.905800597599
    8      5.629081059897     -1.094320857709     -3.905800597599
    8      3.749592686323      2.172437117480     -3.905800597599
    8      7.508569433392     -4.361078832934     -3.905800597599
    8     -1.874796343158     -1.086218558738     -3.905800597599
    8     -3.754284716701      2.180539416462     -3.905800597599
    8      0.004692030377     -4.352976533942     -3.905800597599
    8     12.761391387130      5.845361069660      5.874585371739
    1     12.797240054007      6.769093432635      5.520780806826
    8     14.857329019315      2.664935939855      5.950817842154
    1     15.727905025091      2.422960084563      6.306943520953
    1     14.965328143265      3.581517814534      5.570294065071
    1     12.945699001362      0.275199108747      5.642746194660
    8     12.828989042918     -0.641701253348      5.982225009919
    1     11.885338388672     -0.724962303588      6.239370704278
    8     14.950271961642      5.997773255392      7.154282270272
    1     14.930823740017      5.668614190852      8.062557710830
    8     17.218211953476     -0.625985660913      5.970375614522
    1     17.142937496897      0.285432189807      5.576552033513
    1     18.172636457052     -0.803792958996      6.032967544875
    8     11.771449408214      2.661791830876      5.945093098333
    1     12.735958637089      2.542285553048      6.051478775731
    1     11.653986919956      3.586121627122      5.624639132054
    8      9.803542159130      5.865351718213      5.918641338600
    1     10.775328397577      5.767028419943      6.040096475083
    1      9.663538978081      6.808344505965      5.658135870840
    1     13.632974453153      5.799297691123      6.445758601877
    8     16.894127956712      5.141397238841      5.830028143420
    1     17.743754066676      5.454051467597      6.174700148074
    1     16.095136005245      5.501479354970      6.431835327751
    1     21.896733307093     -1.913834910111      5.466771822925
    8     21.278633450854     -1.455900092655      6.105348023095
    1     20.931506017286     -2.219706920564      6.654498167265
    8     19.143751035992      2.287448282103      5.927326373092
    1     19.994850661083      1.848224703690      5.690988805538
    1     19.259128579430      3.250255555027      5.788246447548
    0    0
