   2   1   1 E -1.7659348368731E+04 DE-5.9E-09( 11)
  0.112572485137E+02 -0.118703376950E-01  0.000000000000E+00
 -0.563893710260E+01  0.979939106790E+01  0.000000000000E+00
  0.000000000000E+00  0.000000000000E+00  0.500000000000E+03
    1
  0.100000000000E+01  0.000000000000E+00  0.000000000000E+00
  0.000000000000E+00  0.100000000000E+01  0.000000000000E+00
  0.000000000000E+00  0.000000000000E+00  0.100000000000E+01
  0.000000000000E+00  0.000000000000E+00  0.000000000000E+00
  110
    8     -1.835818584251      1.087302818760      4.080381668209
    8     -3.675803651499      4.368026534729      4.032031376959
    8      0.023936757275     -2.196587431116      4.006765050804
    8      1.911746514332      1.091426165682      3.996173358089
    8     -0.018970162575      4.343074181498      3.966590760344
    8      3.759673445871     -2.112385454755      4.059881742233
    8     -5.649391205526      1.158083690591      4.080431705671
    8     -7.560113013339      4.398430338882      4.021536860506
    8     -3.738024996838     -2.081433393906      4.051640551460
  258      1.894217452400     -1.097521218973      3.275088616248
  258      0.008320083654      2.165219946706      3.257196588492
  258      3.768073306508     -4.362914846625      3.262871603743
  258      5.625023026173     -1.072682162133      3.260953099996
  258      3.744934450115      2.175387161678      3.241964388480
  258      7.509643097264     -4.353510644282      3.260350912333
  258     -1.882063260832     -1.062406347157      3.265245784179
  258     -3.757636423552      2.203916417351      3.256314007922
  258      0.008406934350     -4.352741166407      3.310421136544
    8      0.001966466870     -0.000314588440      2.422817833974
    8     -1.882320422448      3.236836781763      2.401399306616
    8      1.900717746806     -3.263251287621      2.427176414264
    8      3.780098562714      0.007971419933      2.401355845858
    8      1.877527048607      3.264332254087      2.404121005779
    8      5.640355759842     -3.237237733857      2.437787938438
    8     -3.757458363566      0.049533357051      2.428066140491
    8     -5.626221958848      3.294078557110      2.436936890265
    8     -1.881223952776     -3.241991111562      2.431093671769
    8      1.883977660693     -1.087937826190      0.861812513205
    8      0.004144063592      2.170943655700      0.850406880361
    8      3.770033347700     -4.359321877619      0.861539046977
    8      5.641570597340     -1.090684253119      0.853406236732
    8      3.758957509068      2.179623643746      0.850579621447
    8      7.506791760539     -4.354265047561      0.858555541910
    8     -1.884040961262     -1.074504710174      0.869652463947
    8     -3.767879532288      2.191810280526      0.845233379843
    8      0.004775145816     -4.344507625752      0.863219468418
  258      0.003543158330      0.000865256209      0.062645318123
  258     -1.877492246376      3.268192704917      0.058992290018
  258      1.881449310889     -3.263230376665      0.070074273286
  258      3.756506438019     -0.001398107762      0.053874059469
  258      1.874680713731      3.265843557274      0.057060628602
  258      5.636118241508     -3.265650045312      0.060000927308
  258     -3.752883543629      0.012944765077      0.056044725193
  258     -5.630941848828      3.284510470415      0.057609444579
  258     -1.869757868162     -3.255309459599      0.071551270032
    8     -1.876140950742      1.092974153740     -0.784950831063
    8     -3.754280285808      4.367392622713     -0.784423827730
    8      0.002707749702     -2.169280247049     -0.778045962421
    8      1.879434116293      1.087645724201     -0.786518144864
    8     -0.000569438793      4.356432190679     -0.786531607943
    8      3.758631180894     -2.178391080942     -0.782657070303
    8     -5.629268074814      1.098745374312     -0.790392834754
    8     -7.508266378854      4.370020990734     -0.784454316785
    8     -3.745824894808     -2.167628184134     -0.786225272778
    8      0.000000000000      0.000000000000     -2.343480358560
    8     -1.879645700866      3.266463689304     -2.343480358560
    8      1.879645700871     -3.266463689299     -2.343480358560
    8      3.752416171226     -0.003956779236     -2.343480358560
    8      1.872770470355      3.262506910072     -2.343480358560
    8      5.632061872106     -3.270420468536     -2.343480358560
    8     -3.752416171226      0.003956779227     -2.343480358560
    8     -5.632061872106      3.270420468536     -2.343480358560
    8     -1.872770470361     -3.262506910067     -2.343480358560
  258     -1.877353957366      1.090140156178     -3.124640478080
  258     -3.756999658225      4.356603845486     -3.124640478080
  258      0.002291743504     -2.176323533122     -3.124640478080
  258      1.875062213860      1.086183376946     -3.124640478080
  258     -0.004583487006      4.352647066251     -3.124640478080
  258      3.754707914731     -2.180280312358     -3.124640478080
  258     -5.629770128633      1.094096935397     -3.124640478080
  258     -7.509415829459      4.360560624723     -3.124640478080
  258     -3.750124427725     -2.172366753894     -3.124640478080
    8      1.877353957366     -1.090140156178     -3.905800597599
    8     -0.002291743504      2.176323533122     -3.905800597599
    8      3.756999658225     -4.356603845486     -3.905800597599
    8      5.629770128633     -1.094096935397     -3.905800597599
    8      3.750124427729      2.172366753894     -3.905800597599
    8      7.509415829459     -4.360560624723     -3.905800597599
    8     -1.875062213860     -1.086183376946     -3.905800597599
    8     -3.754707914734      2.180280312357     -3.905800597599
    8      0.004583487005     -4.352647066251     -3.905800597599
    8     12.802877183280      5.826229794535      5.865285269826
    1     12.823984875778      6.756359761689      5.530583432605
    8     14.858278925892      2.666292182412      5.953135621800
    1     15.732066778203      2.421149625212      6.300849455307
    1     14.967101399492      3.580957411702      5.569312398343
    1     12.945737348731      0.273875008785      5.648889941767
    8     12.839188912011     -0.647564988035      5.977861332421
    1     11.896689625396     -0.744582546377      6.238349475063
    8     14.971486995808      5.998356913156      7.176291545582
    1     14.949624898567      5.632537144119      8.070398660451
    8     17.222478273599     -0.627476406708      5.971021653618
    1     17.150330405899      0.284144161878      5.576825810004
    1     18.176239812453     -0.809903300537      6.030792087144
    8     11.781263212288      2.666847979426      5.945894436327
    1     12.744664688591      2.550009854013      6.063894884536
    1     11.666365706715      3.591242736097      5.625226436465
    8      9.775722599094      5.863591893565      5.932703614220
    1     10.746488583965      5.776005018851      6.042476970475
    1      9.624302880286      6.801052349326      5.651314253620
    1     13.669929679697      5.787558265215      6.445969613125
    8     16.900411615313      5.142610924591      5.828915285880
    1     17.755009299372      5.435431135067      6.179861304584
    1     16.106627355389      5.505257595966      6.438363036690
    1     21.906083338116     -1.916174676048      5.470752659454
    8     21.306110259437     -1.453621617989      6.124403028558
    1     20.955993194539     -2.215800668980      6.672504667470
    8     19.161455882749      2.260141894202      5.912684911310
    1     20.008477052207      1.809466586852      5.671330962203
    1     19.303087229131      3.225230464578      5.815820419925
    0    0
