   2   1   1 E -1.7659348691720E+04 DE-4.1E-08(  8)
  0.112556947440E+02 -0.114704887033E-01  0.000000000000E+00
 -0.563780897536E+01  0.980092525454E+01  0.000000000000E+00
  0.000000000000E+00  0.000000000000E+00  0.500000000000E+03
    1
  0.100000000000E+01  0.000000000000E+00  0.000000000000E+00
  0.000000000000E+00  0.100000000000E+01  0.000000000000E+00
  0.000000000000E+00  0.000000000000E+00  0.100000000000E+01
  0.000000000000E+00  0.000000000000E+00  0.000000000000E+00
  110
    8     -1.848856952673      1.099890054591      4.069503776741
    8     -3.671261457751      4.372726239387      4.060792188796
    8      0.032807932331     -2.198888419137      4.003163222290
    8      1.911585115800      1.093896583293      3.999330731268
    8     -0.012618384681      4.334358153345      3.957437675311
    8      3.751950587064     -2.105113976019      4.048105024520
    8     -5.648184851516      1.157063921011      4.074731415043
    8     -7.563882201414      4.403018172388      4.026590425198
    8     -3.742067258953     -2.082738385303      4.052889176221
  258      1.894170912826     -1.096854060676      3.269149313934
  258      0.006011748237      2.166872850087      3.255304089516
  258      3.768820868022     -4.360441067842      3.273280116907
  258      5.621655242314     -1.071121033304      3.255855678620
  258      3.744916455637      2.177965033824      3.243371771644
  258      7.507919167040     -4.354373125961      3.256544439633
  258     -1.883332083130     -1.060350598840      3.273120201695
  258     -3.754321691916      2.199804869615      3.251784725547
  258      0.009405213018     -4.351738204124      3.314442508502
    8     -0.001217739383      0.000159579042      2.427315033991
    8     -1.887861819226      3.247339465243      2.398995857033
    8      1.899697907231     -3.273973687107      2.427763606294
    8      3.777090594928      0.014225982465      2.397124366514
    8      1.881629036487      3.263588750111      2.400624558637
    8      5.638771874905     -3.237824963869      2.440244544645
    8     -3.758332275966      0.045096592878      2.425700990395
    8     -5.621487011810      3.301514392089      2.441311180289
    8     -1.882310811401     -3.239931408849      2.434007253491
    8      1.881490819315     -1.089936287671      0.864366837845
    8      0.002571046861      2.171192838251      0.852419788524
    8      3.771171756381     -4.356100760324      0.859471576047
    8      5.638383522480     -1.090980524342      0.852069902567
    8      3.762293408322      2.182954539042      0.849913093979
    8      7.504433021536     -4.354772929696      0.858503646110
    8     -1.882330870633     -1.073751005962      0.870237625130
    8     -3.768174261666      2.190226625569      0.846098780415
    8      0.002259515539     -4.343359271766      0.863312392203
  258      0.002414710509      0.000888310154      0.062600716686
  258     -1.877028949761      3.270623662917      0.059706399911
  258      1.881040237162     -3.264359714971      0.071341803633
  258      3.756273586947     -0.000073931633      0.053108519721
  258      1.874794854150      3.266954722150      0.056687181881
  258      5.634081322692     -3.266132464334      0.059851999584
  258     -3.751396370007      0.012174874578      0.054974589829
  258     -5.630166631666      3.285841059131      0.057696016863
  258     -1.869291022878     -3.254615912807      0.072533908988
    8     -1.875906875388      1.093646860184     -0.784936711146
    8     -3.753871401882      4.367859992228     -0.783451999560
    8      0.002199964821     -2.168775414719     -0.779251428827
    8      1.878878623365      1.087990693991     -0.785150749125
    8     -0.000684866111      4.356529916329     -0.786841218547
    8      3.756470134903     -2.177111659527     -0.783630057971
    8     -5.628307239274      1.099175802636     -0.790834309718
    8     -7.507371723420      4.371329273375     -0.784432163426
    8     -3.745259608952     -2.167385350445     -0.785345500926
    8      0.000000000000      0.000000000000     -2.343480358560
    8     -1.879269658452      3.266975084851     -2.343480358560
    8      1.879269658457     -3.266975084846     -2.343480358560
    8      3.751898247986     -0.003823496239     -2.343480358560
    8      1.872628589528      3.263151588616     -2.343480358560
    8      5.631167906451     -3.270798581085     -2.343480358560
    8     -3.751898247986      0.003823496230     -2.343480358560
    8     -5.631167906451      3.270798581085     -2.343480358560
    8     -1.872628589534     -3.263151588611     -2.343480358560
  258     -1.877055968814      1.090266193694     -3.124640478080
  258     -3.756325627260      4.357241278549     -3.124640478080
  258      0.002213689641     -2.176708891152     -3.124640478080
  258      1.874842279171      1.086442697459     -3.124640478080
  258     -0.004427379281      4.353417782311     -3.124640478080
  258      3.754111937628     -2.180532387391     -3.124640478080
  258     -5.628954216841      1.094089689916     -3.124640478080
  258     -7.508223875253      4.361064774789     -3.124640478080
  258     -3.749684558346     -2.172885394921     -3.124640478080
    8      1.877055968814     -1.090266193694     -3.905800597599
    8     -0.002213689641      2.176708891152     -3.905800597599
    8      3.756325627260     -4.357241278549     -3.905800597599
    8      5.628954216841     -1.094089689916     -3.905800597599
    8      3.749684558350      2.172885394921     -3.905800597599
    8      7.508223875253     -4.361064774789     -3.905800597599
    8     -1.874842279171     -1.086442697459     -3.905800597599
    8     -3.754111937631      2.180532387390     -3.905800597599
    8      0.004427379280     -4.353417782311     -3.905800597599
    8     12.751420912826      5.851867901399      5.867330598607
    1     12.795583357279      6.771984658323      5.502711640438
    8     14.857481207548      2.668368369071      5.953603265820
    1     15.729120730331      2.430556959429      6.308948567175
    1     14.962202184216      3.584848354631      5.572244480683
    1     12.946837133702      0.284136005864      5.626787384386
    8     12.824393975639     -0.625412903820      5.986569552072
    1     11.877744167324     -0.699031873406      6.233215809883
    8     14.931451932762      6.038748861798      7.151643740923
    1     14.920071548449      5.752155540500      8.073857966149
    8     17.207138223615     -0.623974511407      5.970310100796
    1     17.135986367373      0.286612864961      5.573239183487
    1     18.160679255709     -0.809113897136      6.026602264332
    8     11.761556275423      2.662335412339      5.949833832234
    1     12.725239874216      2.544028186693      6.064122127164
    1     11.646043947135      3.586317988770      5.627097905094
    8      9.824663783247      5.870518273744      5.918902613434
    1     10.799431642620      5.780900843558      6.033478100725
    1      9.671455600861      6.816291430430      5.684256734578
    1     13.614246879123      5.816341263272      6.452902216951
    8     16.885665230544      5.164079652405      5.841689536504
    1     17.731524825318      5.478823343318      6.193675426562
    1     16.086343987697      5.529193364719      6.434733694212
    1     21.896096163133     -1.899536482824      5.456018473188
    8     21.257398160326     -1.436250125309      6.070323640802
    1     20.904556597060     -2.197081668771      6.623354822879
    8     19.111512511406      2.319533499677      5.928247585628
    1     19.980634058337      1.898855694193      5.737495181249
    1     19.203485083876      3.281545244712      5.757431793804
    0    0
