   2   1   1 E -1.7659348619864E+04 DE-1.8E-07(  8)
  0.112558717850E+02 -0.121858296147E-01  0.000000000000E+00
 -0.563852097083E+01  0.980049226943E+01  0.000000000000E+00
  0.000000000000E+00  0.000000000000E+00  0.500000000000E+03
    1
  0.100000000000E+01  0.000000000000E+00  0.000000000000E+00
  0.000000000000E+00  0.100000000000E+01  0.000000000000E+00
  0.000000000000E+00  0.000000000000E+00  0.100000000000E+01
  0.000000000000E+00  0.000000000000E+00  0.000000000000E+00
  110
    8     -1.843553645621      1.093842442909      4.075564285917
    8     -3.669456416009      4.367727622083      4.051850425505
    8      0.029264276449     -2.199542676545      4.006492892248
    8      1.913122625799      1.089165103516      3.996501432658
    8     -0.013051056238      4.334690683504      3.959172537539
    8      3.756615253450     -2.106916964704      4.053342088495
    8     -5.646831210999      1.158870991962      4.077260968476
    8     -7.562550164618      4.403245856307      4.025646943617
    8     -3.738872028164     -2.086184871218      4.050188658947
  258      1.894918272443     -1.099058672933      3.274176996822
  258      0.007609839719      2.163957561336      3.257096129466
  258      3.771668463307     -4.362697513263      3.268109344313
  258      5.624289040200     -1.072175007948      3.257970081561
  258      3.745541812178      2.176188537557      3.242055035394
  258      7.508971740064     -4.355172540802      3.259170607646
  258     -1.880310955172     -1.062334242632      3.268555079003
  258     -3.755675990843      2.201094507013      3.252970203451
  258      0.011037241416     -4.352480994056      3.314897359446
    8      0.000158457225     -0.003351782298      2.426504193303
    8     -1.884007109698      3.241945611090      2.399656954901
    8      1.900360599066     -3.270641201978      2.431647341630
    8      3.779189081857      0.010216771674      2.399261503213
    8      1.880119849021      3.262674431144      2.403578283911
    8      5.640434978414     -3.237754716291      2.436272709397
    8     -3.756055188293      0.047599805613      2.425974494963
    8     -5.623013601426      3.298541731580      2.438493977603
    8     -1.879992443705     -3.241375207966      2.432259145994
    8      1.882360856201     -1.090167467435      0.863131664851
    8      0.004371156510      2.168914323691      0.851913048601
    8      3.769879006507     -4.358239402356      0.861545830657
    8      5.640470131504     -1.090441445832      0.852083828180
    8      3.759847736405      2.180940607352      0.851055025872
    8      7.505908526819     -4.356853128427      0.858110564705
    8     -1.882103523249     -1.074646973120      0.870864734441
    8     -3.767146018061      2.192518602896      0.845394636738
    8      0.005723607980     -4.343885494188      0.864511832517
  258      0.003777013085      0.000097851902      0.062671059737
  258     -1.876861313491      3.269107803267      0.059381046806
  258      1.881305189386     -3.264547726331      0.071622816923
  258      3.756585298092     -0.001220250111      0.053974561734
  258      1.874685778570      3.265629888308      0.057011349203
  258      5.635831562644     -3.266301603987      0.059695157171
  258     -3.751442533563      0.012679283500      0.055767182584
  258     -5.629870054503      3.285867216848      0.057623019573
  258     -1.868734075802     -3.255588514196      0.072085043134
    8     -1.875850307609      1.092678538565     -0.784757769922
    8     -3.753724894011      4.368180820609     -0.784742138831
    8      0.002317771303     -2.169834267818     -0.779381813684
    8      1.879567993849      1.087264184222     -0.786081994728
    8     -0.001363175272      4.356267515823     -0.786645413877
    8      3.757528347441     -2.178596156954     -0.782563352108
    8     -5.628384950171      1.099685584089     -0.790223990220
    8     -7.506747678715      4.371002472152     -0.783891528928
    8     -3.744383107093     -2.167293823599     -0.784814344962
    8      0.000000000000      0.000000000000     -2.343480358560
    8     -1.879506990276      3.266830756479     -2.343480358560
    8      1.879506990281     -3.266830756474     -2.343480358560
    8      3.751957261664     -0.004061943210     -2.343480358560
    8      1.872450271383      3.262768813274     -2.343480358560
    8      5.631464251954     -3.270892699684     -2.343480358560
    8     -3.751957261664      0.004061943201     -2.343480358560
    8     -5.631464251954      3.270892699684     -2.343480358560
    8     -1.872450271389     -3.262768813269     -2.343480358560
  258     -1.877154750649      1.090297566561     -3.124640478080
  258     -3.756661740918      4.357128323044     -3.124640478080
  258      0.002352239631     -2.176533189915     -3.124640478080
  258      1.874802511016      1.086235623355     -3.124640478080
  258     -0.004704479261      4.353066379835     -3.124640478080
  258      3.754309501296     -2.180595133123     -3.124640478080
  258     -5.629112012354      1.094359509753     -3.124640478080
  258     -7.508619002589      4.361190266255     -3.124640478080
  258     -3.749605022035     -2.172471246713     -3.124640478080
    8      1.877154750649     -1.090297566561     -3.905800597599
    8     -0.002352239631      2.176533189915     -3.905800597599
    8      3.756661740918     -4.357128323044     -3.905800597599
    8      5.629112012354     -1.094359509753     -3.905800597599
    8      3.749605022039      2.172471246713     -3.905800597599
    8      7.508619002589     -4.361190266255     -3.905800597599
    8     -1.874802511016     -1.086235623355     -3.905800597599
    8     -3.754309501299      2.180595133122     -3.905800597599
    8      0.004704479260     -4.353066379835     -3.905800597599
    8     12.762367877713      5.844994111440      5.868396254582
    1     12.796091637374      6.768428208578      5.513398205570
    8     14.857104195808      2.664388198694      5.949511858149
    1     15.727883877397      2.421217987546      6.304980594609
    1     14.965510247724      3.581457436959      5.570335184006
    1     12.945315002229      0.277289842364      5.639578227737
    8     12.828007210904     -0.638183771161      5.983173249945
    1     11.883451107187     -0.720560770803      6.237299613255
    8     14.945414047754      6.000779767385      7.154968560149
    1     14.924030076839      5.677223584289      8.064873284816
    8     17.216427216919     -0.626331895026      5.969184698331
    1     17.141830669499      0.285253002449      5.575237795876
    1     18.170829011806     -0.803809935394      6.034048861588
    8     11.772249581269      2.659913231755      5.945898354690
    1     12.736290589049      2.546896869177      6.062958940516
    1     11.651944738938      3.584031299235      5.626361872695
    8      9.812215624412      5.867080786844      5.919544195589
    1     10.783946063304      5.775392814322      6.043229121582
    1      9.665748798023      6.810993320988      5.665638105442
    1     13.630059886822      5.802914898291      6.445531881767
    8     16.895315821107      5.147073622226      5.836405636466
    1     17.744535264851      5.454990155552      6.186431791351
    1     16.095364038490      5.506498444349      6.437122643908
    1     21.896888563182     -1.912140410743      5.465062223943
    8     21.274004327652     -1.453609321745      6.099135903927
    1     20.926371422280     -2.218217649860      6.647967078962
    8     19.137466702231      2.292716072406      5.926240566622
    1     19.993104171740      1.857942049097      5.699253450332
    1     19.247619444463      3.255810209251      5.781966893244
    0    0
