   2   1   1 E -1.7659348695109E+04 DE-1.1E-07(  4)
  0.112554861020E+02 -0.113078622783E-01  0.000000000000E+00
 -0.563756274919E+01  0.980103627042E+01  0.000000000000E+00
  0.000000000000E+00  0.000000000000E+00  0.500000000000E+03
    1
  0.100000000000E+01  0.000000000000E+00  0.000000000000E+00
  0.000000000000E+00  0.100000000000E+01  0.000000000000E+00
  0.000000000000E+00  0.000000000000E+00  0.100000000000E+01
  0.000000000000E+00  0.000000000000E+00  0.000000000000E+00
  110
    8     -1.848979064228      1.100149257125      4.068977965560
    8     -3.672428237418      4.373446366444      4.059719086587
    8      0.033892316983     -2.199227387130      4.002843853823
    8      1.911378169983      1.093895044876      3.999506148939
    8     -0.012948124320      4.335408765081      3.957578721420
    8      3.752274526089     -2.105636571102      4.048530861881
    8     -5.648195597168      1.157116802389      4.074980021876
    8     -7.563281924954      4.402587112288      4.026161875645
    8     -3.742520057744     -2.082553758269      4.052747161699
  258      1.893813730099     -1.097070355174      3.268921896710
  258      0.005697367917      2.166863003037      3.255003510757
  258      3.768576881532     -4.360304301072      3.272756054276
  258      5.621581766314     -1.071061611866      3.255723986250
  258      3.744702548606      2.177802568758      3.243675952723
  258      7.507630732269     -4.354432866777      3.256276615492
  258     -1.883570545138     -1.060028574070      3.273675636991
  258     -3.754756585838      2.200097019049      3.252034938392
  258      0.009358164166     -4.351864671165      3.314023430831
    8     -0.001186669257      0.000100006372      2.427262275100
    8     -1.888106167905      3.247758565708      2.399431435869
    8      1.899957720687     -3.273326378937      2.427158241756
    8      3.776531748937      0.014046660314      2.397337717906
    8      1.880831767606      3.263817600377      2.400888282573
    8      5.638715434794     -3.237846938784      2.439379370399
    8     -3.758002776327      0.045575531994      2.425480127043
    8     -5.621608483895      3.300882986831      2.440445139122
    8     -1.882268105948     -3.239641686382      2.434709197271
    8      1.881289562327     -1.089798799425      0.863810729360
    8      0.002219994831      2.171431171815      0.852322456310
    8      3.771080884070     -4.356286453601      0.859307886164
    8      5.638278455336     -1.090704162562      0.852279974793
    8      3.761729541014      2.182962092918      0.849900701617
    8      7.504553937775     -4.354696930839      0.858667419096
    8     -1.882402217541     -1.073920605528      0.870371220207
    8     -3.767959765246      2.190580529535      0.845960833891
    8      0.002221251838     -4.343633871096      0.863494152461
  258      0.002115565239      0.000838613090      0.062762053686
  258     -1.877239317859      3.270784741532      0.059677158106
  258      1.880939888947     -3.264427327582      0.071053573284
  258      3.755978616954      0.000100828748      0.052948443234
  258      1.874747912680      3.267010911621      0.056627688703
  258      5.633939700412     -3.265929221814      0.059746158867
  258     -3.751437554160      0.012352989063      0.055184347450
  258     -5.630229188538      3.285866613389      0.057805441893
  258     -1.869375751505     -3.254676085217      0.072520862618
    8     -1.876042075837      1.093626395045     -0.784964081881
    8     -3.753928306745      4.368084445157     -0.783380084632
    8      0.002074689695     -2.168910050258     -0.779196242365
    8      1.878659440096      1.088116610748     -0.785016792951
    8     -0.000478916172      4.356834047700     -0.787153909076
    8      3.756348762028     -2.177030787891     -0.783740281048
    8     -5.628229801541      1.099059279288     -0.790924263700
    8     -7.507425173666      4.371479209692     -0.784404438880
    8     -3.745227539091     -2.167422253813     -0.785352754045
    8      0.000000000000      0.000000000000     -2.343480358560
    8     -1.879187583063      3.267012090145     -2.343480358560
    8      1.879187583068     -3.267012090140     -2.343480358560
    8      3.751828700654     -0.003769287431     -2.343480358560
    8      1.872641117585      3.263242802718     -2.343480358560
    8      5.631016283730     -3.270781377570     -2.343480358560
    8     -3.751828700654      0.003769287422     -2.343480358560
    8     -5.631016283730      3.270781377570     -2.343480358560
    8     -1.872641117591     -3.263242802713     -2.343480358560
  258     -1.877005427907      1.090260459189     -3.124640478080
  258     -3.756193010964      4.357272549338     -3.124640478080
  258      0.002182155159     -2.176751630951     -3.124640478080
  258      1.874823272746      1.086491171763     -3.124640478080
  258     -0.004364310317      4.353503261908     -3.124640478080
  258      3.754010855814     -2.180520918381     -3.124640478080
  258     -5.628834128602      1.094029746603     -3.124640478080
  258     -7.508021711625      4.361041836770     -3.124640478080
  258     -3.749646545496     -2.172982343528     -3.124640478080
    8      1.877005427907     -1.090260459189     -3.905800597599
    8     -0.002182155159      2.176751630951     -3.905800597599
    8      3.756193010964     -4.357272549338     -3.905800597599
    8      5.628834128602     -1.094029746603     -3.905800597599
    8      3.749646545500      2.172982343528     -3.905800597599
    8      7.508021711625     -4.361041836770     -3.905800597599
    8     -1.874823272746     -1.086491171763     -3.905800597599
    8     -3.754010855817      2.180520918380     -3.905800597599
    8      0.004364310316     -4.353503261908     -3.905800597599
    8     12.752970314782      5.853048323215      5.868421250700
    1     12.794504749815      6.773185347319      5.503402092738
    8     14.855758008022      2.669418417119      5.953745797636
    1     15.727158066334      2.430766745033      6.309071606926
    1     14.961791055295      3.585269679014      5.570888739244
    1     12.948702879267      0.283225217915      5.625519359035
    8     12.823049952730     -0.625970071051      5.985403748558
    1     11.876064161767     -0.696476448931      6.231421649890
    8     14.933606037042      6.043701687836      7.152846690970
    1     14.924144349197      5.759694372449      8.075854730455
    8     17.207347463314     -0.624085805300      5.970530008840
    1     17.134792369885      0.286514732746      5.574018336219
    1     18.161127393967     -0.808455401670      6.024689923883
    8     11.760181424512      2.663809637045      5.949698729056
    1     12.723673594689      2.545769238008      6.065878704052
    1     11.644955886376      3.587519314187      5.625869537210
    8      9.821493861872      5.871870884022      5.920076290452
    1     10.795716525600      5.781340237692      6.036768808788
    1      9.669975597100      6.817294801306      5.681628261608
    1     13.615275620795      5.820096455439      6.454191298323
    8     16.884875446543      5.162905534593      5.841618939964
    1     17.730567898610      5.477413318643      6.194121634687
    1     16.086279851344      5.529759684539      6.433961909374
    1     21.897167113086     -1.896598167357      5.455130814402
    8     21.256709534843     -1.433559361529      6.067771168846
    1     20.905229320090     -2.194676931335      6.622122577317
    8     19.111570849069      2.326014623322      5.926190763686
    1     19.980386913935      1.903324493760      5.738871195082
    1     19.205284053528      3.287438664621      5.751458619604
    0    0
