   2   1   1 E -1.7659348693503E+04 DE 9.8E-08(  7)
  0.112555011916E+02 -0.113113403253E-01  0.000000000000E+00
 -0.563757334918E+01  0.980102289058E+01  0.000000000000E+00
  0.000000000000E+00  0.000000000000E+00  0.500000000000E+03
    1
  0.100000000000E+01  0.000000000000E+00  0.000000000000E+00
  0.000000000000E+00  0.100000000000E+01  0.000000000000E+00
  0.000000000000E+00  0.000000000000E+00  0.100000000000E+01
  0.000000000000E+00  0.000000000000E+00  0.000000000000E+00
  110
    8     -1.848965312631      1.100234365614      4.069059633117
    8     -3.672489627673      4.373399177617      4.059783797365
    8      0.033779336028     -2.199118484175      4.002901446022
    8      1.911392509000      1.093876099256      3.999574038582
    8     -0.013001046543      4.335372070493      3.957620001748
    8      3.752218875079     -2.105644166427      4.048537192899
    8     -5.648265222661      1.157156290988      4.074995961267
    8     -7.563272771984      4.402610692649      4.026229261883
    8     -3.742459505853     -2.082496511054      4.052774006797
  258      1.893799432869     -1.097047004130      3.268969849732
  258      0.005690474988      2.166930832946      3.255066781595
  258      3.768523762898     -4.360303528022      3.272857786545
  258      5.621547184050     -1.071030683863      3.255792731258
  258      3.744777927264      2.177824680926      3.243741161918
  258      7.507621254166     -4.354394754834      3.256316129908
  258     -1.883535264664     -1.059983328191      3.273599069602
  258     -3.754807152885      2.200136265832      3.252061559433
  258      0.009310895187     -4.351838512201      3.314089806196
    8     -0.001162076043      0.000157634317      2.427262383107
    8     -1.888134442548      3.247701954957      2.399441034848
    8      1.899849279544     -3.273301558070      2.427245645747
    8      3.776489013026      0.014064724498      2.397360506303
    8      1.880865469743      3.263864825277      2.400901950505
    8      5.638710328406     -3.237883248962      2.439523923476
    8     -3.758033421950      0.045634931142      2.425509792713
    8     -5.621629560331      3.300957933567      2.440572966424
    8     -1.882262640050     -3.239659038747      2.434645267473
    8      1.881288429270     -1.089799607062      0.863906083400
    8      0.002236836600      2.171475287537      0.852328952122
    8      3.771074590060     -4.356259197202      0.859358994215
    8      5.638275938426     -1.090734814190      0.852286385926
    8      3.761796409944      2.182984706987      0.849934642135
    8      7.504507408099     -4.354645581179      0.858670031852
    8     -1.882382961501     -1.073870999205      0.870369296622
    8     -3.768032848875      2.190574069633      0.846020736478
    8      0.002209800889     -4.343641403444      0.863494053072
  258      0.002139656327      0.000859123162      0.062781678250
  258     -1.877266166745      3.270786051035      0.059703764317
  258      1.880918662838     -3.264418359610      0.071107190432
  258      3.755978489858      0.000090922971      0.052986378605
  258      1.874741769558      3.267034609837      0.056653072569
  258      5.633932785071     -3.265931048134      0.059782318673
  258     -3.751439513571      0.012375732430      0.055184290809
  258     -5.630220487096      3.285866744606      0.057835132490
  258     -1.869367131373     -3.254667003574      0.072539717370
    8     -1.876048802537      1.093658147088     -0.784940995921
    8     -3.753946009329      4.368062444438     -0.783315746688
    8      0.002100553145     -2.168892515428     -0.779152354364
    8      1.878670271913      1.088109154118     -0.784990944781
    8     -0.000497263624      4.356823413241     -0.787146128309
    8      3.756318828238     -2.177030546980     -0.783736381634
    8     -5.628235249865      1.099064234507     -0.790910722257
    8     -7.507445110508      4.371465842032     -0.784388593877
    8     -3.745236756982     -2.167411345225     -0.785369799358
    8      0.000000000000      0.000000000000     -2.343480358560
    8     -1.879191116392      3.267007630196     -2.343480358560
    8      1.879191116397     -3.267007630191     -2.343480358560
    8      3.751833730502     -0.003770446780     -2.343480358560
    8      1.872642614104      3.263237183421     -2.343480358560
    8      5.631024846908     -3.270778076971     -2.343480358560
    8     -3.751833730502      0.003770446771     -2.343480358560
    8     -5.631024846908      3.270778076971     -2.343480358560
    8     -1.872642614110     -3.263237183416     -2.343480358560
  258     -1.877008282300      1.090259358990     -3.124640478080
  258     -3.756199398686      4.357266989190     -3.124640478080
  258      0.002182834096     -2.176748271203     -3.124640478080
  258      1.874825448202      1.086488912214     -3.124640478080
  258     -0.004365668191      4.353496542411     -3.124640478080
  258      3.754016564599     -2.180518717981     -3.124640478080
  258     -5.628842012843      1.094029805753     -3.124640478080
  258     -7.508033129195      4.361037435971     -3.124640478080
  258     -3.749650896408     -2.172977824431     -3.124640478080
    8      1.877008282300     -1.090259358990     -3.905800597599
    8     -0.002182834096      2.176748271203     -3.905800597599
    8      3.756199398686     -4.357266989190     -3.905800597599
    8      5.628842012843     -1.094029805753     -3.905800597599
    8      3.749650896412      2.172977824431     -3.905800597599
    8      7.508033129195     -4.361037435971     -3.905800597599
    8     -1.874825448202     -1.086488912214     -3.905800597599
    8     -3.754016564602      2.180518717980     -3.905800597599
    8      0.004365668190     -4.353496542411     -3.905800597599
    8     12.753308034687      5.852825044767      5.868238976543
    1     12.794631418646      6.773019853564      5.503287484417
    8     14.855767364891      2.669753542175      5.954178830394
    1     15.727215963364      2.430639798286      6.309086046901
    1     14.962034363816      3.585514390912      5.571190555641
    1     12.948675792334      0.282934643049      5.625675292711
    8     12.822105399881     -0.626362355140      5.985109679985
    1     11.874951106457     -0.696062025561      6.230889484065
    8     14.933922789783      6.043123887442      7.152593456467
    1     14.924192494341      5.758829789174      8.075529448697
    8     17.207288648438     -0.623913282084      5.970638060765
    1     17.134794069244      0.286676093187      5.574052501413
    1     18.161070289828     -0.808338244148      6.024676270153
    8     11.760710128566      2.663457372136      5.949334953339
    1     12.724241434909      2.545767182913      6.065586698698
    1     11.645079401855      3.587258358458      5.625889261250
    8      9.821262105644      5.872029664681      5.920397145780
    1     10.795427700382      5.781144198517      6.037070382032
    1      9.670087822310      6.817499007396      5.682011961519
    1     13.615669085663      5.819883683653      6.453970377286
    8     16.885161243352      5.161971625246      5.841407194177
    1     17.730820398945      5.475982739513      6.194491500683
    1     16.086488897701      5.528995724716      6.433652559929
    1     21.897335145977     -1.896712393360      5.455278702751
    8     21.257201967671     -1.433735813494      6.068305213829
    1     20.905757676183     -2.194948707534      6.622560226921
    8     19.111826556458      2.326684394060      5.926163824999
    1     19.980068591102      1.902940089688      5.738538713777
    1     19.206364970837      3.287993863919      5.749875277634
    0    0
