   2   1   1 E -1.7659348521425E+04 DE-1.5E-08(  9)
  0.112561412361E+02 -0.120059450437E-01  0.000000000000E+00
 -0.563850002356E+01  0.979984461023E+01  0.000000000000E+00
  0.000000000000E+00  0.000000000000E+00  0.500000000000E+03
    1
  0.100000000000E+01  0.000000000000E+00  0.000000000000E+00
  0.000000000000E+00  0.100000000000E+01  0.000000000000E+00
  0.000000000000E+00  0.000000000000E+00  0.100000000000E+01
  0.000000000000E+00  0.000000000000E+00  0.000000000000E+00
  110
    8     -1.839069940492      1.090376710282      4.078411746079
    8     -3.673219268272      4.366545785712      4.042486769014
    8      0.025078240892     -2.198448676683      4.008105741855
    8      1.912284637572      1.089763056458      3.996453760062
    8     -0.016352756806      4.340188875903      3.962877076698
    8      3.761023844505     -2.110834777301      4.058016445749
    8     -5.648282984372      1.158117891625      4.079718142556
    8     -7.561695051415      4.399813611949      4.023263816524
    8     -3.739425673809     -2.083794189859      4.050296124572
  258      1.894793540466     -1.098542105580      3.275969074055
  258      0.008229744604      2.164982662843      3.257457499264
  258      3.771425244382     -4.362910012446      3.265104468944
  258      5.624379234556     -1.072921986465      3.259565926239
  258      3.744826033964      2.174959576985      3.242267397614
  258      7.508079044308     -4.354428962452      3.260073548200
  258     -1.881071419652     -1.062233533506      3.266444876446
  258     -3.757620630254      2.201661179756      3.255348434225
  258      0.008396514120     -4.353134253041      3.313319665911
    8      0.001570530931     -0.001864128046      2.425107872643
    8     -1.882223956452      3.238030000702      2.401316693428
    8      1.900683556318     -3.265737900087      2.430141188281
    8      3.779365157640      0.008056786201      2.400729697278
    8      1.877512553106      3.263874732141      2.404620450556
    8      5.640744040463     -3.237565030219      2.436512014796
    8     -3.756484996534      0.049212824793      2.426678728301
    8     -5.625251979499      3.294728840404      2.437559198358
    8     -1.881044462028     -3.241749195839      2.431562470553
    8      1.883234640748     -1.088913352486      0.862470963344
    8      0.004371049669      2.170101735824      0.850886891701
    8      3.769987914611     -4.359223186071      0.861978426108
    8      5.641019380441     -1.090543309041      0.852798758257
    8      3.758759254291      2.179885768812      0.850987849946
    8      7.505857730549     -4.355486562326      0.858212634704
    8     -1.882918345258     -1.074678471190      0.870487325848
    8     -3.767419570802      2.192201590575      0.845366026457
    8      0.005324757245     -4.344665093154      0.864368682388
  258      0.003849533856      0.000542244139      0.062904980863
  258     -1.877017447403      3.268195212425      0.059131741998
  258      1.881243277529     -3.263769488678      0.070866212647
  258      3.756251850280     -0.001509446439      0.054073043019
  258      1.874228807263      3.265675836721      0.057028289770
  258      5.636128587158     -3.265913485705      0.059934944378
  258     -3.752125238046      0.012971361040      0.056060429706
  258     -5.630326423648      3.284733994167      0.057811399968
  258     -1.869504039867     -3.255538650892      0.071712865132
    8     -1.875918919960      1.092770943544     -0.784834014621
    8     -3.753867433079      4.367567469528     -0.784425230356
    8      0.002429476082     -2.169645066005     -0.778475483674
    8      1.879312184437      1.087432728257     -0.786223815562
    8     -0.000996024919      4.356317853337     -0.786800836656
    8      3.757958001694     -2.178682816197     -0.782559855199
    8     -5.628664518311      1.099085938385     -0.790330784357
    8     -7.507465908471      4.370321240438     -0.784048028656
    8     -3.744929045820     -2.167441154280     -0.785756504628
    8      0.000000000000      0.000000000000     -2.343480358560
    8     -1.879500007852      3.266614870079     -2.343480358560
    8      1.879500007857     -3.266614870074     -2.343480358560
    8      3.752047078680     -0.004001981686     -2.343480358560
    8      1.872547070822      3.262612888397     -2.343480358560
    8      5.631547086547     -3.270616851760     -2.343480358560
    8     -3.752047078680      0.004001981677     -2.343480358560
    8     -5.631547086547      3.270616851760     -2.343480358560
    8     -1.872547070828     -3.262612888392     -2.343480358560
  258     -1.877182362180      1.090205617253     -3.124640478080
  258     -3.756682370026      4.356820487335     -3.124640478080
  258      0.002317645677     -2.176409252822     -3.124640478080
  258      1.874864716501      1.086203635571     -3.124640478080
  258     -0.004635291352      4.352818505650     -3.124640478080
  258      3.754364724358     -2.180411234507     -3.124640478080
  258     -5.629229440901      1.094207598921     -3.124640478080
  258     -7.508729448713      4.360822469022     -3.124640478080
  258     -3.749729433006     -2.172407271144     -3.124640478080
    8      1.877182362180     -1.090205617253     -3.905800597599
    8     -0.002317645677      2.176409252822     -3.905800597599
    8      3.756682370026     -4.356820487335     -3.905800597599
    8      5.629229440901     -1.094207598921     -3.905800597599
    8      3.749729433010      2.172407271144     -3.905800597599
    8      7.508729448713     -4.360822469022     -3.905800597599
    8     -1.874864716501     -1.086203635571     -3.905800597599
    8     -3.754364724361      2.180411234506     -3.905800597599
    8      0.004635291351     -4.352818505650     -3.905800597599
    8     12.773127591416      5.834184707072      5.868804844858
    1     12.804994672871      6.760607530040      5.524971113538
    8     14.855305073143      2.665668987798      5.953240044768
    1     15.726687968077      2.420390333400      6.301596966475
    1     14.965460254545      3.581171019151      5.570146480102
    1     12.946314151100      0.273378823307      5.646611766023
    8     12.832236657659     -0.645627885900      5.980489942621
    1     11.888393579149     -0.732452913753      6.236558943769
    8     14.954940509424      5.992409409444      7.166335313608
    1     14.932779173385      5.644001735862      8.066541559564
    8     17.219317879177     -0.624030292644      5.973286151171
    1     17.145262593255      0.286638624593      5.578127691205
    1     18.173532314000     -0.804951401608      6.031825708743
    8     11.776769856491      2.663892668770      5.944879100375
    1     12.740813676011      2.544972819994      6.057233842288
    1     11.659550974894      3.589048137584      5.624017908588
    8      9.794067110599      5.866308551852      5.925571965639
    1     10.766864253731      5.768604872699      6.044827680596
    1      9.650310519972      6.805939004129      5.653255506154
    1     13.642143679089      5.795858575819      6.445591746460
    8     16.896701750223      5.141260784447      5.833566237117
    1     17.746125341271      5.444863570420      6.185625918571
    1     16.096851339399      5.499426153986      6.437029510680
    1     21.897106520408     -1.913732972994      5.467446451684
    8     21.285282408129     -1.455013011115      6.110543488055
    1     20.944193353883     -2.215769924802      6.666111857587
    8     19.152474822218      2.278387260041      5.926550665936
    1     19.999556732618      1.830691079894      5.682605000172
    1     19.279576642068      3.240223242711      5.803510851339
    0    0
