   2   1   1 E -1.7659348698458E+04 DE-1.1E-07(  7)
  0.112554766135E+02 -0.112898328817E-01  0.000000000000E+00
 -0.563754201767E+01  0.980131388564E+01  0.000000000000E+00
  0.000000000000E+00  0.000000000000E+00  0.500000000000E+03
    1
  0.100000000000E+01  0.000000000000E+00  0.000000000000E+00
  0.000000000000E+00  0.100000000000E+01  0.000000000000E+00
  0.000000000000E+00  0.000000000000E+00  0.100000000000E+01
  0.000000000000E+00  0.000000000000E+00  0.000000000000E+00
  110
    8     -1.849619678376      1.099964965217      4.068009596697
    8     -3.672803934700      4.374183319968      4.059543808530
    8      0.035646456058     -2.199914582143      4.002408387538
    8      1.911124339130      1.094218394396      3.999413175651
    8     -0.012670479674      4.335729358690      3.957344119595
    8      3.752422262442     -2.105463910415      4.048683767044
    8     -5.647761594402      1.157189507574      4.074941848328
    8     -7.563142741696      4.402722839756      4.025928310014
    8     -3.743410482798     -2.083124557167      4.052695189009
  258      1.893903676936     -1.097253687836      3.268517696642
  258      0.005421683312      2.166584923816      3.254525865149
  258      3.768804700113     -4.360389736714      3.272080697167
  258      5.621712469339     -1.071115777981      3.255290706764
  258      3.744351520050      2.177760188903      3.243539304888
  258      7.507728930525     -4.354698946252      3.256110500600
  258     -1.883958414273     -1.060142982400      3.274840498910
  258     -3.754616710912      2.199903041134      3.252129754989
  258      0.009755219986     -4.351948220039      3.313627920537
    8     -0.001381548503     -0.000228331496      2.427516547824
    8     -1.888182259936      3.248461387745      2.399585985021
    8      1.900856040394     -3.273474912524      2.426402513424
    8      3.776659759982      0.014069623826      2.397322014635
    8      1.880570063411      3.263600368856      2.401014870620
    8      5.638664610161     -3.237631243471      2.438311854542
    8     -3.757875546175      0.045252625365      2.425359546495
    8     -5.621531860551      3.300400099431      2.439712372339
    8     -1.882274942445     -3.239297486259      2.435524740339
    8      1.881219974771     -1.089710836206      0.863189008650
    8      0.001941271777      2.171219389020      0.852463733403
    8      3.771098090651     -4.356631181866      0.858879954100
    8      5.638216739413     -1.090356582568      0.852263459595
    8      3.761251440998      2.182955666433      0.849815321916
    8      7.505057802931     -4.355132394284      0.858841974841
    8     -1.882520948870     -1.074218821736      0.870492704788
    8     -3.767440150443      2.190740118408      0.845599415233
    8      0.002226815033     -4.343566083153      0.863774703405
  258      0.001812651499      0.000702347948      0.062792876427
  258     -1.877185511830      3.270865015516      0.059576566709
  258      1.881047633575     -3.264551934460      0.070718907772
  258      3.755954935812      0.000250997718      0.052712652439
  258      1.874805276397      3.266964329044      0.056532960788
  258      5.634000264506     -3.265964380603      0.059554266915
  258     -3.751474700686      0.012278256979      0.055343369616
  258     -5.630328736015      3.285992227373      0.057806663682
  258     -1.869420398964     -3.254665175631      0.072525691593
    8     -1.876008706641      1.093414835595     -0.785095499799
    8     -3.753958415472      4.368350110378     -0.783759458931
    8      0.001838484055     -2.169069874961     -0.779417684760
    8      1.878510293942      1.088295499208     -0.785115114035
    8     -0.000329903714      4.356996332902     -0.787105770949
    8      3.756574464949     -2.177063951927     -0.783688181492
    8     -5.628278585553      1.099162961521     -0.790902970640
    8     -7.507293240608      4.371693270676     -0.784406168580
    8     -3.745204948630     -2.167515215481     -0.785157215607
    8      0.000000000000      0.000000000000     -2.343480358560
    8     -1.879180672557      3.267104628550     -2.343480358560
    8      1.879180672562     -3.267104628545     -2.343480358560
    8      3.751825537812     -0.003763277632     -2.343480358560
    8      1.872644865248      3.263341350922     -2.343480358560
    8      5.631006210383     -3.270867906177     -2.343480358560
    8     -3.751825537812      0.003763277623     -2.343480358560
    8     -5.631006210383      3.270867906177     -2.343480358560
    8     -1.872644865254     -3.263341350917     -2.343480358560
  258     -1.877002070125      1.090289302058     -3.124640478080
  258     -3.756182742676      4.357393930613     -3.124640478080
  258      0.002178602436     -2.176815326488     -3.124640478080
  258      1.874823467687      1.086526024430     -3.124640478080
  258     -0.004357204872      4.353630652982     -3.124640478080
  258      3.754004140249     -2.180578604119     -3.124640478080
  258     -5.628827607978      1.094052579673     -3.124640478080
  258     -7.508008280495      4.361157208246     -3.124640478080
  258     -3.749646935377     -2.173052048864     -3.124640478080
    8      1.877002070125     -1.090289302058     -3.905800597599
    8     -0.002178602436      2.176815326488     -3.905800597599
    8      3.756182742676     -4.357393930613     -3.905800597599
    8      5.628827607978     -1.094052579673     -3.905800597599
    8      3.749646935381      2.173052048864     -3.905800597599
    8      7.508008280495     -4.361157208246     -3.905800597599
    8     -1.874823467687     -1.086526024430     -3.905800597599
    8     -3.754004140252      2.180578604118     -3.905800597599
    8      0.004357204871     -4.353630652982     -3.905800597599
    8     12.751336639298      5.853393510809      5.868618560626
    1     12.792765663488      6.773356578301      5.503223705929
    8     14.855147592934      2.669873976555      5.953123150117
    1     15.726671289075      2.432832037467      6.309151379148
    1     14.960210133978      3.585543390172      5.569270350242
    1     12.948957646446      0.285056738288      5.623382687989
    8     12.823132496431     -0.622909991374      5.986672746007
    1     11.875968821302     -0.692497228607      6.231842412874
    8     14.932341094852      6.050634728255      7.152280323815
    1     14.925637987822      5.773191409873      8.077373273633
    8     17.207180617494     -0.624147808524      5.970822413116
    1     17.134612784404      0.286340344524      5.574191991439
    1     18.160946639426     -0.808680068775      6.024687564929
    8     11.757728308011      2.663890781778      5.949111970598
    1     12.721193991737      2.546126705685      6.065677512283
    1     11.642650092691      3.587390793228      5.624267237785
    8      9.820863750658      5.871428384868      5.918311649745
    1     10.795224555906      5.781688121401      6.035127466507
    1      9.668675287307      6.816556332786      5.678484871065
    1     13.613105720826      5.821671649374      6.454501932500
    8     16.885981200798      5.170004306451      5.843412294209
    1     17.730624289777      5.492259035029      6.191753167474
    1     16.086794320240      5.536498924807      6.434867099263
    1     21.897607707277     -1.894497248273      5.453862924355
    8     21.254416695938     -1.430387603307      6.062717135311
    1     20.901730506401     -2.190703314856      6.617912225093
    8     19.109751174448      2.327167290968      5.926131352539
    1     19.981861925231      1.909460286632      5.744016148805
    1     19.199244550315      3.289071071435      5.753388878680
    0    0
