   2   1   1 E -1.7659348698826E+04 DE-2.2E-08(  7)
  0.112554982048E+02 -0.112833360613E-01  0.000000000000E+00
 -0.563754703335E+01  0.980145478120E+01  0.000000000000E+00
  0.000000000000E+00  0.000000000000E+00  0.500000000000E+03
    1
  0.100000000000E+01  0.000000000000E+00  0.000000000000E+00
  0.000000000000E+00  0.100000000000E+01  0.000000000000E+00
  0.000000000000E+00  0.000000000000E+00  0.100000000000E+01
  0.000000000000E+00  0.000000000000E+00  0.000000000000E+00
  110
    8     -1.850044686592      1.100235395704      4.067474419984
    8     -3.673199124627      4.374636369081      4.059681393306
    8      0.036382095777     -2.200076581313      4.002178578811
    8      1.911066181889      1.094559686500      3.999603201625
    8     -0.012659643353      4.335989027884      3.957321163485
    8      3.752315090697     -2.105300334020      4.048770929489
    8     -5.647738828942      1.157352597748      4.074895333302
    8     -7.563145535470      4.402845194941      4.025886674591
    8     -3.744005147378     -2.083226278341      4.052735369498
  258      1.893917889180     -1.097209847898      3.268329244886
  258      0.005258167748      2.166694001580      3.254382747336
  258      3.768777424385     -4.360356798118      3.271974617460
  258      5.621608588798     -1.071013176062      3.255155720713
  258      3.744277181550      2.177879246805      3.243598033849
  258      7.507675040073     -4.354697391675      3.256064850057
  258     -1.884166348914     -1.060053617003      3.275454956269
  258     -3.754619938927      2.199897760106      3.252252153266
  258      0.009822186354     -4.351894558001      3.313521110967
    8     -0.001441213316     -0.000191089801      2.427706439450
    8     -1.888321698439      3.248853509790      2.399695732564
    8      1.901145314718     -3.273498602979      2.426059462913
    8      3.776591598278      0.014232697093      2.397324296190
    8      1.880512239070      3.263666887545      2.401063228967
    8      5.638556952075     -3.237544813167      2.438099714941
    8     -3.757948538192      0.045170365339      2.425370699761
    8     -5.621535860744      3.300371975514      2.439613928622
    8     -1.882378900414     -3.239071186927      2.435876647554
    8      1.881167167052     -1.089612047526      0.863061708521
    8      0.001802133994      2.171264900476      0.852556466108
    8      3.771123079309     -4.356720572627      0.858673335366
    8      5.638114473300     -1.090212458557      0.852232703451
    8      3.761156641189      2.183069899047      0.849809802612
    8      7.505187354920     -4.355200025962      0.858947144661
    8     -1.882541579458     -1.074229493104      0.870532746490
    8     -3.767316487760      2.190785955411      0.845519979070
    8      0.002123114982     -4.343496437415      0.863911441783
  258      0.001682799785      0.000709469563      0.062845627107
  258     -1.877202570475      3.270945226247      0.059554784386
  258      1.881047847849     -3.264563601011      0.070615749752
  258      3.755916490926      0.000350840339      0.052620434712
  258      1.874806810837      3.267043400776      0.056506435293
  258      5.633986996291     -3.265982533575      0.059507952790
  258     -3.751498229281      0.012293397766      0.055402197112
  258     -5.630376195248      3.286086678681      0.057857642500
  258     -1.869451254020     -3.254588295880      0.072560995918
    8     -1.875986597299      1.093396142580     -0.785140261981
    8     -3.754031194332      4.368454985956     -0.783824787675
    8      0.001756788356     -2.169087949660     -0.779448078349
    8      1.878430137483      1.088419848232     -0.785124580622
    8     -0.000278067616      4.357073071245     -0.787064132758
    8      3.756617114715     -2.177052713216     -0.783676761668
    8     -5.628324869210      1.099257776848     -0.790873857298
    8     -7.507267532968      4.371802783370     -0.784400610325
    8     -3.745235044958     -2.167533853319     -0.785110765246
    8      0.000000000000      0.000000000000     -2.343480358560
    8     -1.879182344449      3.267151593738     -2.343480358560
    8      1.879182344454     -3.267151593733     -2.343480358560
    8      3.751832734912     -0.003761112025     -2.343480358560
    8      1.872650390457      3.263390481716     -2.343480358560
    8      5.631015079375     -3.270912705758     -2.343480358560
    8     -3.751832734912      0.003761112016     -2.343480358560
    8     -5.631015079375      3.270912705758     -2.343480358560
    8     -1.872650390463     -3.263390481711     -2.343480358560
  258     -1.877005026456      1.090304235252     -3.124640478080
  258     -3.756187370899      4.357455828993     -3.124640478080
  258      0.002177317997     -2.176847358482     -3.124640478080
  258      1.874827708456      1.086543123231     -3.124640478080
  258     -0.004354635993      4.353694716969     -3.124640478080
  258      3.754010052910     -2.180608470506     -3.124640478080
  258     -5.628837761409      1.094065347260     -3.124640478080
  258     -7.508020105818      4.361216941020     -3.124640478080
  258     -3.749655416917     -2.173086246464     -3.124640478080
    8      1.877005026456     -1.090304235252     -3.905800597599
    8     -0.002177317997      2.176847358482     -3.905800597599
    8      3.756187370899     -4.357455828993     -3.905800597599
    8      5.628837761409     -1.094065347260     -3.905800597599
    8      3.749655416921      2.173086246464     -3.905800597599
    8      7.508020105818     -4.361216941020     -3.905800597599
    8     -1.874827708456     -1.086543123231     -3.905800597599
    8     -3.754010052913      2.180608470505     -3.905800597599
    8      0.004354635992     -4.353694716969     -3.905800597599
    8     12.749237255763      5.853018168728      5.867392290100
    1     12.791254822420      6.773011221289      5.502254025443
    8     14.854316576680      2.669839195418      5.952337912856
    1     15.725500484481      2.433624357534      6.309809940303
    1     14.959279609832      3.585509483697      5.568412569442
    1     12.949495622351      0.286320841341      5.622554281246
    8     12.823522870044     -0.620965372132      5.987726623483
    1     11.876112614941     -0.689936590743      6.231916726672
    8     14.930066095945      6.053260820794      7.150664337542
    1     14.924392009790      5.779747986180      8.076962509325
    8     17.206186354560     -0.623767671010      5.971151339809
    1     17.134226777909      0.286641225410      5.574246265624
    1     18.159829187610     -0.808765117505      6.025451201020
    8     11.753972321450      2.664340648610      5.949924007620
    1     12.717065005763      2.544845868916      6.067575903989
    1     11.641018780217      3.587705441051      5.623886439711
    8      9.819151429179      5.871470693060      5.918217986814
    1     10.793338659494      5.780620320826      6.035317949909
    1      9.668133286886      6.816603829167      5.677831276977
    1     13.610654140306      5.821242633947      6.453448078181
    8     16.884750431753      5.171019146551      5.843753445359
    1     17.728936656063      5.493896387140      6.192616508038
    1     16.085279484266      5.538054018065      6.434251308012
    1     21.897516159857     -1.893752187337      5.453005039001
    8     21.252065447246     -1.430049205903      6.059840240247
    1     20.898866850554     -2.190845406061      6.614347075796
    8     19.109062811121      2.331296667266      5.925246093410
    1     19.981661960115      1.913552832562      5.746729006608
    1     19.198425793710      3.292967860329      5.749747760786
    0    0
