   2   1   1 E -1.7659348688730E+04 DE 3.6E-08(  4)
  0.112557742864E+02 -0.115532008867E-01  0.000000000000E+00
 -0.563792091375E+01  0.980085170539E+01  0.000000000000E+00
  0.000000000000E+00  0.000000000000E+00  0.500000000000E+03
    1
  0.100000000000E+01  0.000000000000E+00  0.000000000000E+00
  0.000000000000E+00  0.100000000000E+01  0.000000000000E+00
  0.000000000000E+00  0.000000000000E+00  0.100000000000E+01
  0.000000000000E+00  0.000000000000E+00  0.000000000000E+00
  110
    8     -1.848651737800      1.099447566302      4.069757725842
    8     -3.670683656821      4.372219403459      4.061066361969
    8      0.032537877652     -2.198942957259      4.003306062276
    8      1.911637022053      1.093562058395      3.998989051131
    8     -0.012373046008      4.333800617198      3.957346727366
    8      3.751939170900     -2.104947408955      4.048012871915
    8     -5.648008305583      1.156930753460      4.074657872647
    8     -7.564134288208      4.403031735712      4.026624310399
    8     -3.741634274509     -2.083052519450      4.052955669883
  258      1.894399690642     -1.096903385552      3.269184493860
  258      0.006214013478      2.166594536424      3.255341140959
  258      3.769043165302     -4.360657465080      3.273331615464
  258      5.621880041471     -1.071297911664      3.255899132524
  258      3.744947627746      2.177829299195      3.243101819020
  258      7.508140093075     -4.354537085816      3.256586618488
  258     -1.883179414311     -1.060661700536      3.272888179994
  258     -3.754038899210      2.199565023922      3.251672806766
  258      0.009542657294     -4.351859844287      3.314509292744
    8     -0.001217348752     -0.000029848010      2.427249128380
    8     -1.887654920884      3.247054842719      2.398811286400
    8      1.899762013829     -3.274349900369      2.427967292798
    8      3.777467697902      0.014113214235      2.397013090329
    8      1.881938677527      3.263263432968      2.400474150532
    8      5.638877346991     -3.237861014492      2.440384946802
    8     -3.758336969476      0.044758581263      2.425760375632
    8     -5.621397427235      3.301555887296      2.441479724503
    8     -1.882226547809     -3.240148234455      2.433725768865
    8      1.881623972562     -1.090074239095      0.864448559029
    8      0.002738910119      2.170920345157      0.852427000735
    8      3.771225851980     -4.356139634204      0.859502797660
    8      5.638513339143     -1.091127370600      0.851973960394
    8      3.762454218054      2.182803881218      0.849855417825
    8      7.504497545481     -4.354957234632      0.858393310982
    8     -1.882303005777     -1.073812480575      0.870172645980
    8     -3.768140212016      2.190045458618      0.846078351613
    8      0.002372820670     -4.343302027452      0.863227291799
  258      0.002545183027      0.000819301095      0.062481596255
  258     -1.876893807767      3.270476985255      0.059678770632
  258      1.881144209996     -3.264397872304      0.071395159117
  258      3.756438011130     -0.000210313659      0.053127524499
  258      1.874847206003      3.266806894061      0.056665077277
  258      5.634199187043     -3.266263820685      0.059838765224
  258     -3.751354610096      0.012024135976      0.054885983208
  258     -5.630133764926      3.285770397119      0.057597608199
  258     -1.869228411185     -3.254662378045      0.072493809212
    8     -1.875833553188      1.093563466154     -0.784960842419
    8     -3.753812596277      4.367747943370     -0.783581892819
    8      0.002247578570     -2.168786016725     -0.779344658186
    8      1.878986754664      1.087884648074     -0.785269597774
    8     -0.000747178706      4.356355760483     -0.786724836495
    8      3.756595117384     -2.177197555141     -0.783578482147
    8     -5.628317024889      1.099181345464     -0.790812928252
    8     -7.507307266881      4.371226770687     -0.784473976581
    8     -3.745231451717     -2.167409579478     -0.785321284764
    8      0.000000000000      0.000000000000     -2.343480358560
    8     -1.879306971248      3.266950568466     -2.343480358560
    8      1.879306971253     -3.266950568461     -2.343480358560
    8      3.751924762114     -0.003851066967     -2.343480358560
    8      1.872617790860      3.263099501503     -2.343480358560
    8      5.631231733376     -3.270801635427     -2.343480358560
    8     -3.751924762114      0.003851066958     -2.343480358560
    8     -5.631231733376      3.270801635427     -2.343480358560
    8     -1.872617790866     -3.263099501498     -2.343480358560
  258     -1.877077244456      1.090267211808     -3.124640478080
  258     -3.756384215698      4.357217780278     -3.124640478080
  258      0.002229726796     -2.176683356653     -3.124640478080
  258      1.874847517658      1.086416144846     -3.124640478080
  258     -0.004459453591      4.353366713312     -3.124640478080
  258      3.754154488911     -2.180534423619     -3.124640478080
  258     -5.629002006611      1.094118278758     -3.124640478080
  258     -7.508308977819      4.361068847246     -3.124640478080
  258     -3.749695035320     -2.172832289694     -3.124640478080
    8      1.877077244456     -1.090267211808     -3.905800597599
    8     -0.002229726796      2.176683356653     -3.905800597599
    8      3.756384215698     -4.357217780278     -3.905800597599
    8      5.629002006611     -1.094118278758     -3.905800597599
    8      3.749695035324      2.172832289694     -3.905800597599
    8      7.508308977819     -4.361068847246     -3.905800597599
    8     -1.874847517658     -1.086416144846     -3.905800597599
    8     -3.754154488914      2.180534423618     -3.905800597599
    8      0.004459453590     -4.353366713312     -3.905800597599
    8     12.751923979381      5.851392761394      5.867463520539
    1     12.797127561717      6.771526075507      5.503077859597
    8     14.857135474185      2.667728779209      5.953617276097
    1     15.727947060595      2.430916345700      6.311874702093
    1     14.962025761618      3.584334094627      5.572641749991
    1     12.945684071401      0.282767005214      5.626276376066
    8     12.824315068453     -0.627290481372      5.984954198993
    1     11.878206129874     -0.702071395378      6.233176246237
    8     14.931522165441      6.035428448688      7.152607628020
    1     14.919686533961      5.745517848956      8.073543820994
    8     17.208112924703     -0.623762205803      5.970523631701
    1     17.136837094805      0.286692706421      5.573128814746
    1     18.161650556125     -0.808703473066      6.027011088431
    8     11.762522505847      2.662994373412      5.951114962696
    1     12.726321157522      2.545051194579      6.064879573540
    1     11.646713833198      3.586737397811      5.627954759703
    8      9.824555366086      5.870628297741      5.919769760354
    1     10.799240002702      5.780896618293      6.035290115399
    1      9.671541662542      6.816330871675      5.685465076248
    1     13.614800186264      5.814308133152      6.453215743170
    8     16.888290568567      5.168738194163      5.841786918600
    1     17.733704154692      5.487208588271      6.191658541418
    1     16.088116765534      5.530851693659      6.435770266821
    1     21.895515800953     -1.900695900380      5.456261170867
    8     21.257099832472     -1.437390247442      6.070814242825
    1     20.904483682009     -2.198027742853      6.623823396748
    8     19.114094112252      2.319604672866      5.928182431453
    1     19.981878876454      1.896452620157      5.736900214772
    1     19.208626027461      3.281329238332      5.756302980653
    0    0
