   2   1   1 E -1.7659348633653E+04 DE-1.3E-08(  9)
  0.112559291947E+02 -0.121713711952E-01  0.000000000000E+00
 -0.563853707302E+01  0.980055478649E+01  0.000000000000E+00
  0.000000000000E+00  0.000000000000E+00  0.500000000000E+03
    1
  0.100000000000E+01  0.000000000000E+00  0.000000000000E+00
  0.000000000000E+00  0.100000000000E+01  0.000000000000E+00
  0.000000000000E+00  0.000000000000E+00  0.100000000000E+01
  0.000000000000E+00  0.000000000000E+00  0.000000000000E+00
  110
    8     -1.844214847569      1.094100397466      4.075226114331
    8     -3.669416354914      4.368028873585      4.052661808286
    8      0.029487109801     -2.199686600956      4.006254082336
    8      1.912898173057      1.089617737648      3.996772661818
    8     -0.013047803612      4.334179650554      3.958959400893
    8      3.755799332453     -2.106671425928      4.052709839245
    8     -5.646968063024      1.158649045087      4.076869517891
    8     -7.562689947770      4.403405966334      4.025944426883
    8     -3.739163435457     -2.086186448961      4.050389204850
  258      1.894848736370     -1.098941791692      3.273743937390
  258      0.007316652973      2.164005093504      3.256993493873
  258      3.771169342401     -4.362740987063      3.268541706836
  258      5.624115434867     -1.072203127878      3.257752648785
  258      3.745406565998      2.176411577579      3.242024095475
  258      7.509053232924     -4.355206359442      3.259026341037
  258     -1.880775798562     -1.062387872164      3.268949832552
  258     -3.755443513292      2.200951728130      3.252702797049
  258      0.011050604689     -4.352569080699      3.314860262771
    8     -0.000229770942     -0.003172345860      2.426615649618
    8     -1.884473419763      3.242491829003      2.399379634285
    8      1.900244665050     -3.271442667854      2.431387907590
    8      3.779214121668      0.010620324161      2.399026471114
    8      1.880453606469      3.262509301344      2.403253726659
    8      5.640132160171     -3.237805212700      2.436645863722
    8     -3.756445152451      0.047064027429      2.425991149494
    8     -5.622895139672      3.298984977107      2.438753477651
    8     -1.880194690906     -3.241425188594      2.432403884472
    8      1.882271326641     -1.090276031616      0.863262891221
    8      0.004203132309      2.168900637696      0.852066493930
    8      3.769890464503     -4.358083348421      0.861355319805
    8      5.640277398505     -1.090574719676      0.852043424243
    8      3.760071928849      2.181066330149      0.850953942533
    8      7.505823272431     -4.356874812051      0.858132773736
    8     -1.882274043887     -1.074630874270      0.870788311173
    8     -3.767286748716      2.192248785206      0.845410027543
    8      0.005429997335     -4.343810358535      0.864368010352
  258      0.003618454681      0.000108814121      0.062604492502
  258     -1.876885680793      3.269234321204      0.059426732249
  258      1.881312986569     -3.264632439566      0.071642168445
  258      3.756635625325     -0.001174254762      0.053924575177
  258      1.874731384894      3.265662191442      0.057017456382
  258      5.635654479142     -3.266390335671      0.059694380483
  258     -3.751506776278      0.012507535371      0.055669832229
  258     -5.629967310299      3.285891648657      0.057559822707
  258     -1.868793521701     -3.255577885977      0.072153622010
    8     -1.875894001406      1.092705561944     -0.784758580296
    8     -3.753752503449      4.368163324047     -0.784758922846
    8      0.002283783258     -2.169791005079     -0.779454881809
    8      1.879559458289      1.087274372160     -0.786045804066
    8     -0.001380030542      4.356235514085     -0.786540000042
    8      3.757496203190     -2.178520993571     -0.782595036608
    8     -5.628445908156      1.099653023604     -0.790242326939
    8     -7.506798250446      4.371020171331     -0.783940571441
    8     -3.744507807630     -2.167343277966     -0.784744401420
    8      0.000000000000      0.000000000000     -2.343480358560
    8     -1.879512357674      3.266851595498     -2.343480358560
    8      1.879512357679     -3.266851595493     -2.343480358560
    8      3.751976398225     -0.004057123736     -2.343480358560
    8      1.872464040545      3.262794471766     -2.343480358560
    8      5.631488755914     -3.270908719230     -2.343480358560
    8     -3.751976398225      0.004057123727     -2.343480358560
    8     -5.631488755914      3.270908719230     -2.343480358560
    8     -1.872464040551     -3.262794471761     -2.343480358560
  258     -1.877162918635      1.090302906409     -3.124640478080
  258     -3.756675276304      4.357154501912     -3.124640478080
  258      0.002349439043     -2.176548689085     -3.124640478080
  258      1.874813479590      1.086245782677     -3.124640478080
  258     -0.004698878085      4.353097378176     -3.124640478080
  258      3.754325837270     -2.180605812820     -3.124640478080
  258     -5.629139316902      1.094360030129     -3.124640478080
  258     -7.508651674536      4.361211625649     -3.124640478080
  258     -3.749626959184     -2.172491565357     -3.124640478080
    8      1.877162918635     -1.090302906409     -3.905800597599
    8     -0.002349439043      2.176548689085     -3.905800597599
    8      3.756675276304     -4.357154501912     -3.905800597599
    8      5.629139316902     -1.094360030129     -3.905800597599
    8      3.749626959188      2.172491565357     -3.905800597599
    8      7.508651674536     -4.361211625649     -3.905800597599
    8     -1.874813479590     -1.086245782677     -3.905800597599
    8     -3.754325837273      2.180605812819     -3.905800597599
    8      0.004698878084     -4.353097378176     -3.905800597599
    8     12.761677719216      5.845444974246      5.867760185902
    1     12.796214871717      6.768548687531      5.511922226725
    8     14.857220343241      2.664914218492      5.950866761481
    1     15.728500164107      2.421257087057      6.303753826816
    1     14.965530200317      3.581852403168      5.571147772192
    1     12.944713268485      0.278628612210      5.639095209540
    8     12.829449114854     -0.636267570570      5.985270047142
    1     11.885221047387     -0.720247588141      6.239601659923
    8     14.944136806746      6.003552886543      7.155504024156
    1     14.922926347108      5.682764814818      8.066276191927
    8     17.216146060362     -0.626320481123      5.968877034980
    1     17.141706310601      0.285183281938      5.574748946905
    1     18.170546296416     -0.804473599790      6.032473014123
    8     11.772520191885      2.658848817220      5.945586337211
    1     12.736809930548      2.546794423212      6.061878837673
    1     11.651038335164      3.583261566189      5.626698114468
    8      9.811911892572      5.866926083447      5.919256740376
    1     10.784403744869      5.772084624743      6.036966131016
    1      9.665709770609      6.811212771895      5.667927558564
    1     13.628451359055      5.806083069819      6.446757786870
    8     16.895071194905      5.149266636499      5.837716171576
    1     17.744106309145      5.454652480173      6.190306776241
    1     16.095093679573      5.508947196706      6.438162679199
    1     21.897162225052     -1.911837591383      5.464566886260
    8     21.273535771594     -1.452329527616      6.096884886232
    1     20.925552915459     -2.216068254594      6.646962565387
    8     19.135160942647      2.295264265897      5.924982835091
    1     19.992229294039      1.860507343766      5.702663011435
    1     19.244615856390      3.258175004016      5.777046055836
    0    0
