   2   1   1 E -1.7659348682555E+04 DE 1.4E-08( 10)
  0.112558485097E+02 -0.116127172418E-01  0.000000000000E+00
 -0.563800994150E+01  0.980082555882E+01  0.000000000000E+00
  0.000000000000E+00  0.000000000000E+00  0.500000000000E+03
    1
  0.100000000000E+01  0.000000000000E+00  0.000000000000E+00
  0.000000000000E+00  0.100000000000E+01  0.000000000000E+00
  0.000000000000E+00  0.000000000000E+00  0.100000000000E+01
  0.000000000000E+00  0.000000000000E+00  0.000000000000E+00
  110
    8     -1.848499695231      1.099048875523      4.070072081377
    8     -3.670172628116      4.371835381361      4.061222361968
    8      0.032383497028     -2.199138136257      4.003467916431
    8      1.911682023325      1.093418429584      3.998732343971
    8     -0.012143945985      4.333246543224      3.957157269012
    8      3.751965382265     -2.104862698812      4.047906155710
    8     -5.647883785175      1.156882787751      4.074623831031
    8     -7.564281533922      4.403090325152      4.026615266672
    8     -3.741322388043     -2.083481119785      4.052862108662
  258      1.894612362771     -1.096994699541      3.269283983327
  258      0.006363154389      2.166360939923      3.255385558831
  258      3.769238235664     -4.360871825930      3.273304538774
  258      5.622112936540     -1.071480867322      3.255927761786
  258      3.744928942797      2.177765164081      3.242845052546
  258      7.508360200154     -4.354716475923      3.256605834003
  258     -1.883099679661     -1.060972579302      3.272755210342
  258     -3.753814746249      2.199407548067      3.251587215276
  258      0.009710359130     -4.352020480363      3.314548101211
    8     -0.001259390062     -0.000212510433      2.427275689138
    8     -1.887475255776      3.246876078194      2.398654778215
    8      1.899849722875     -3.274726444593      2.428163002845
    8      3.777807349474      0.014011055266      2.396965307235
    8      1.882176591830      3.262990445617      2.400358109614
    8      5.638960022472     -3.237902390865      2.440390715758
    8     -3.758344702634      0.044465631903      2.425829949446
    8     -5.621333203166      3.301585885670      2.441520205992
    8     -1.882148657323     -3.240365182007      2.433541982989
    8      1.881726326594     -1.090205385308      0.864492430798
    8      0.002870252780      2.170666137467      0.852479700287
    8      3.771245948868     -4.356199587274      0.859543588179
    8      5.638634775719     -1.091227792632      0.851916247411
    8      3.762529968276      2.182678653005      0.849822874778
    8      7.504590606437     -4.355168309826      0.858312933869
    8     -1.882311761226     -1.073892653669      0.870153325687
    8     -3.768087393093      2.189934763562      0.846058414729
    8      0.002491996724     -4.343272414186      0.863182281801
  258      0.002636122595      0.000750451531      0.062411820038
  258     -1.876784158663      3.270376264104      0.059675913738
  258      1.881241660801     -3.264459994085      0.071452380778
  258      3.756580585490     -0.000319657764      0.053168788578
  258      1.874898773903      3.266682077366      0.056663682126
  258      5.634300599404     -3.266376345627      0.059829607622
  258     -3.751335891347      0.011890368515      0.054851998645
  258     -5.630120437840      3.285731297349      0.057521104273
  258     -1.869185555221     -3.254732112693      0.072476967602
    8     -1.875787461877      1.093482564851     -0.784954696079
    8     -3.753758857039      4.367693709496     -0.783714477331
    8      0.002269786818     -2.168823027542     -0.779423546787
    8      1.879080179717      1.087802292986     -0.785350507413
    8     -0.000799066003      4.356239541513     -0.786612004972
    8      3.756712006144     -2.177279986355     -0.783504156006
    8     -5.628336002348      1.099187749160     -0.790772797083
    8     -7.507250895609      4.371161571691     -0.784492595300
    8     -3.745210249897     -2.167443735208     -0.785250068064
    8      0.000000000000      0.000000000000     -2.343480358560
    8     -1.879336647165      3.266941852944     -2.343480358560
    8      1.879336647170     -3.266941852939     -2.343480358560
    8      3.751949503209     -0.003870905752     -2.343480358560
    8      1.872612856037      3.263070947196     -2.343480358560
    8      5.631286150388     -3.270812758691     -2.343480358560
    8     -3.751949503209      0.003870905743     -2.343480358560
    8     -5.631286150388      3.270812758691     -2.343480358560
    8     -1.872612856043     -3.263070947191     -2.343480358560
  258     -1.877095383460      1.090270919563     -3.124640478080
  258     -3.756432030619      4.357212772511     -3.124640478080
  258      0.002241263709     -2.176670933377     -3.124640478080
  258      1.874854119749      1.086400013815     -3.124640478080
  258     -0.004482527417      4.353341866760     -3.124640478080
  258      3.754190766919     -2.180541839128     -3.124640478080
  258     -5.629044886710      1.094141825298     -3.124640478080
  258     -7.508381533835      4.361083678264     -3.124640478080
  258     -3.749708239501     -2.172800027633     -3.124640478080
    8      1.877095383460     -1.090270919563     -3.905800597599
    8     -0.002241263709      2.176670933377     -3.905800597599
    8      3.756432030619     -4.357212772511     -3.905800597599
    8      5.629044886710     -1.094141825298     -3.905800597599
    8      3.749708239505      2.172800027633     -3.905800597599
    8      7.508381533835     -4.361083678264     -3.905800597599
    8     -1.874854119749     -1.086400013815     -3.905800597599
    8     -3.754190766922      2.180541839127     -3.905800597599
    8      0.004482527416     -4.353341866760     -3.905800597599
    8     12.751500629534      5.850358493630      5.866152850675
    1     12.798120427151      6.770755695454      5.502705943037
    8     14.859070066051      2.667058304704      5.953555446274
    1     15.729500922221      2.433156590968      6.315161890867
    1     14.962231071673      3.584047267349      5.572891907948
    1     12.945003802823      0.283014067137      5.626547795508
    8     12.825783343616     -0.627244134050      5.985415112328
    1     11.880154179058     -0.704045375850      6.234608155935
    8     14.930831017926      6.031913836027      7.151617927364
    1     14.918538782203      5.740802550037      8.072274082445
    8     17.207446982490     -0.622943478920      5.971646834596
    1     17.137348383059      0.287236158319      5.573390897997
    1     18.160702227285     -0.809323808862      6.027869821576
    8     11.762502272147      2.661919814928      5.950705636242
    1     12.726291575422      2.543473681884      6.064324219646
    1     11.647122551413      3.585842197540      5.627962553926
    8      9.825221307134      5.870067948597      5.919364969751
    1     10.800100853960      5.780471386191      6.034282457276
    1      9.671672456316      6.815843274829      5.685812591956
    1     13.614575525113      5.811016266247      6.451721777779
    8     16.890399030966      5.170869359693      5.841747498213
    1     17.735349599360      5.491282177893      6.191172737575
    1     16.089165573875      5.530866765375      6.435848778288
    1     21.895496792853     -1.901957481918      5.456736292504
    8     21.258009892685     -1.438329272921      6.071863992933
    1     20.904331507940     -2.198766848748      6.624239318762
    8     19.115418001863      2.317203746560      5.928993350622
    1     19.983182628952      1.894224549039      5.736703077476
    1     19.210105955622      3.279133548874      5.759026838039
    0    0
