   2   1   1 E -1.7659348400963E+04 DE-7.4E-09(  9)
  0.112570972601E+02 -0.118521802983E-01  0.000000000000E+00
 -0.563884553825E+01  0.979938446566E+01  0.000000000000E+00
  0.000000000000E+00  0.000000000000E+00  0.500000000000E+03
    1
  0.100000000000E+01  0.000000000000E+00  0.000000000000E+00
  0.000000000000E+00  0.100000000000E+01  0.000000000000E+00
  0.000000000000E+00  0.000000000000E+00  0.100000000000E+01
  0.000000000000E+00  0.000000000000E+00  0.000000000000E+00
  110
    8     -1.836176695740      1.087522809220      4.080192291901
    8     -3.675696485869      4.367717915711      4.032950176650
    8      0.023716203876     -2.196867221799      4.006890713824
    8      1.911723358318      1.091339532447      3.996281581039
    8     -0.018895212684      4.342852955274      3.966334369289
    8      3.759867351197     -2.112486274639      4.059805656854
    8     -5.649368886347      1.157984497020      4.080333088139
    8     -7.560211113063      4.398338056277      4.021563498518
    8     -3.738165199468     -2.081462985335      4.051649057003
  258      1.894192939276     -1.097667421060      3.275241749073
  258      0.008240441160      2.165198535276      3.257251764337
  258      3.768261339280     -4.362971528375      3.263038343371
  258      5.624898714271     -1.072739960219      3.260844924521
  258      3.744835781306      2.175310666334      3.241964969506
  258      7.509437426977     -4.353616756756      3.260364968114
  258     -1.882060251331     -1.062402032302      3.265289066414
  258     -3.757728739389      2.203606295075      3.256205059633
  258      0.008220418994     -4.352896013722      3.310630607309
    8      0.001868493435     -0.000460761853      2.423036488552
    8     -1.882347251580      3.236846379542      2.401406371592
    8      1.900629235523     -3.263497782289      2.427428881446
    8      3.779983005715      0.007922435885      2.401330854567
    8      1.877434872940      3.264258750840      2.404168848927
    8      5.640294904704     -3.237284551445      2.437711279722
    8     -3.757413846136      0.049477632116      2.427899096330
    8     -5.626191872028      3.293995200381      2.436928553518
    8     -1.881267403043     -3.242005127120      2.431102993377
    8      1.883869241347     -1.088037094791      0.861871962987
    8      0.004125809964      2.170857753291      0.850446182935
    8      3.769962013757     -4.359338755623      0.861590816766
    8      5.641471223054     -1.090690198985      0.853360140302
    8      3.758873959919      2.179608443760      0.850599024946
    8      7.506618020686     -4.354355658667      0.858495296943
    8     -1.883989451077     -1.074546006704      0.869716631004
    8     -3.767861530809      2.191784804256      0.845226078084
    8      0.004756842469     -4.344567211798      0.863302331997
  258      0.003539478493      0.000825407788      0.062669715479
  258     -1.877463327797      3.268142470785      0.058996101550
  258      1.881378776182     -3.263285837994      0.070133795294
  258      3.756437663645     -0.001426248949      0.053895766598
  258      1.874600249641      3.265807990047      0.057049631014
  258      5.636065275715     -3.265671273331      0.059998024416
  258     -3.752834189307      0.012916997408      0.056035519564
  258     -5.630894454240      3.284459108820      0.057610770845
  258     -1.869780650289     -3.255352629101      0.071548085279
    8     -1.876133004078      1.092935960180     -0.784948739909
    8     -3.754236600395      4.367355054130     -0.784430312943
    8      0.002653791818     -2.169322847275     -0.778084868838
    8      1.879390676238      1.087615241259     -0.786489242005
    8     -0.000619080206      4.356393837593     -0.786560081739
    8      3.758530306830     -2.178421450013     -0.782642637392
    8     -5.629205873738      1.098731769606     -0.790399558937
    8     -7.508179116885      4.369988725500     -0.784431638794
    8     -3.745758087013     -2.167629421809     -0.786197908936
    8      0.000000000000      0.000000000000     -2.343480358560
    8     -1.879615179416      3.266461488556     -2.343480358560
    8      1.879615179421     -3.266461488551     -2.343480358560
    8      3.752365753357     -0.003950726771     -2.343480358560
    8      1.872750573936      3.262510761789     -2.343480358560
    8      5.631980932787     -3.270412215322     -2.343480358560
    8     -3.752365753357      0.003950726762     -2.343480358560
    8     -5.631980932787      3.270412215322     -2.343480358560
    8     -1.872750573942     -3.262510761784     -2.343480358560
  258     -1.877326977593      1.090137405107     -3.124640478080
  258     -3.756942157003      4.356598893666     -3.124640478080
  258      0.002288201827     -2.176324083445     -3.124640478080
  258      1.875038775764      1.086186678340     -3.124640478080
  258     -0.004576403652      4.352648166896     -3.124640478080
  258      3.754653955185     -2.180274810215     -3.124640478080
  258     -5.629692730991      1.094088131860     -3.124640478080
  258     -7.509307910367      4.360549620438     -3.124640478080
  258     -3.750077551533     -2.172373356682     -3.124640478080
    8      1.877326977593     -1.090137405107     -3.905800597599
    8     -0.002288201827      2.176324083445     -3.905800597599
    8      3.756942157003     -4.356598893666     -3.905800597599
    8      5.629692730991     -1.094088131860     -3.905800597599
    8      3.750077551537      2.172373356682     -3.905800597599
    8      7.509307910367     -4.360549620438     -3.905800597599
    8     -1.875038775764     -1.086186678340     -3.905800597599
    8     -3.754653955188      2.180274810214     -3.905800597599
    8      0.004576403651     -4.352648166896     -3.905800597599
    8     12.797592123284      5.828616178125      5.867719274168
    1     12.822300588667      6.758144596054      5.531558086169
    8     14.858028086290      2.666100229816      5.953281606767
    1     15.731681921768      2.420878242073      6.300320058476
    1     14.966852426838      3.580862543138      5.569360927402
    1     12.946053228628      0.274351131609      5.649047179944
    8     12.838961657143     -0.646737720027      5.978727868392
    1     11.896610746485     -0.742201806606      6.240035868401
    8     14.969735689897      5.997685527907      7.174065813473
    1     14.948903641526      5.634390194770      8.069080874126
    8     17.221876618697     -0.627330335825      5.971091393153
    1     17.149710890831      0.284236474762      5.576874526306
    1     18.175668947331     -0.809733145617      6.030760216551
    8     11.781563641769      2.666244016881      5.945302747817
    1     12.745108284573      2.549896275833      6.062915877990
    1     11.665773554456      3.590856657791      5.624955015688
    8      9.779145719081      5.862449346491      5.930752413495
    1     10.750311701230      5.774874478285      6.041281070624
    1      9.626746294490      6.800234870749      5.650860047779
    1     13.666159658234      5.787128205295      6.446180929477
    8     16.900057228907      5.142715746914      5.827762292476
    1     17.754085216444      5.434947842379      6.180373585176
    1     16.105413808086      5.504699453839      6.436526839154
    1     21.904096762195     -1.915980071441      5.470128313273
    8     21.301990666847     -1.454422838105      6.122272505163
    1     20.961597526304     -2.215076193219      6.678380041588
    8     19.160966351484      2.264395790249      5.913088981887
    1     20.007004259458      1.811361009504      5.672154596894
    1     19.305049256642      3.228516719745      5.817520420355
    0    0
