   2   1   1 E -1.7659348697745E+04 DE-1.3E-09(  6)
  0.112554535947E+02 -0.113115410252E-01  0.000000000000E+00
 -0.563754956523E+01  0.980114095988E+01  0.000000000000E+00
  0.000000000000E+00  0.000000000000E+00  0.500000000000E+03
    1
  0.100000000000E+01  0.000000000000E+00  0.000000000000E+00
  0.000000000000E+00  0.100000000000E+01  0.000000000000E+00
  0.000000000000E+00  0.000000000000E+00  0.100000000000E+01
  0.000000000000E+00  0.000000000000E+00  0.000000000000E+00
  110
    8     -1.849217657686      1.099926920409      4.068537297598
    8     -3.672351294385      4.373721675123      4.059658283399
    8      0.034724300201     -2.199726940133      4.002611403629
    8      1.911263368982      1.094057387386      3.999299685419
    8     -0.012655557665      4.335406138402      3.957332775676
    8      3.752405351524     -2.105481187745      4.048535602404
    8     -5.647872993693      1.157083968537      4.074895777497
    8     -7.563242952727      4.402707955345      4.025996955665
    8     -3.742915772740     -2.082960497652      4.052615150653
  258      1.893910990177     -1.097187895418      3.268714339798
  258      0.005633500930      2.166611264920      3.254704418778
  258      3.768816770515     -4.360355121111      3.272344767132
  258      5.621717548254     -1.071145356520      3.255417800993
  258      3.744456136168      2.177749626165      3.243463065788
  258      7.507733954707     -4.354603735260      3.256140733265
  258     -1.883755197044     -1.060192521444      3.274214223696
  258     -3.754580976796      2.199915525631      3.251978586072
  258      0.009621788322     -4.351932688370      3.313777235206
    8     -0.001315141245     -0.000155603470      2.427373888925
    8     -1.888051028263      3.248095031385      2.399426005274
    8      1.900485010379     -3.273500630819      2.426794389587
    8      3.776709611407      0.014027391344      2.397272520869
    8      1.880739500219      3.263604790823      2.400888101510
    8      5.638725851561     -3.237691409621      2.438715931046
    8     -3.757890495154      0.045311769340      2.425377507348
    8     -5.621512692344      3.300596067957      2.439961370369
    8     -1.882249776934     -3.239492462386      2.435075236828
    8      1.881276059346     -1.089784575521      0.863434620074
    8      0.002112961238      2.171222794531      0.852383137727
    8      3.771094536863     -4.356456076073      0.859077656937
    8      5.638269878965     -1.090523883193      0.852243740178
    8      3.761449074850      2.182904446610      0.849809186914
    8      7.504840355170     -4.354982906123      0.858716321231
    8     -1.882471112430     -1.074119873720      0.870422491707
    8     -3.767622808889      2.190640429165      0.845712659129
    8      0.002271372417     -4.343565693467      0.863602914363
  258      0.001977650363      0.000741577292      0.062732674433
  258     -1.877152323685      3.270792463055      0.059598554217
  258      1.881032410728     -3.264493163115      0.070862717393
  258      3.755998093842      0.000159924750      0.052811268797
  258      1.874792091446      3.266926673546      0.056554947615
  258      5.633989424016     -3.265946411727      0.059616425518
  258     -3.751437670879      0.012271696241      0.055240375696
  258     -5.630264380672      3.285908207274      0.057746203284
  258     -1.869388786773     -3.254682786827      0.072492986055
    8     -1.876005323192      1.093477157490     -0.785050296023
    8     -3.753893367428      4.368207780369     -0.783660615430
    8      0.001942417836     -2.168998282544     -0.779370351445
    8      1.878601097756      1.088182156880     -0.785109276694
    8     -0.000405949321      4.356884078949     -0.787120476155
    8      3.756501757122     -2.177052730187     -0.783706876874
    8     -5.628233832335      1.099101235171     -0.790931189815
    8     -7.507313436453      4.371570011082     -0.784428771702
    8     -3.745188216800     -2.167469127001     -0.785232219299
    8      0.000000000000      0.000000000000     -2.343480358560
    8     -1.879183188411      3.267046986630     -2.343480358560
    8      1.879183188416     -3.267046986625     -2.343480358560
    8      3.751817864890     -0.003770513680     -2.343480358560
    8      1.872634676474      3.263276472954     -2.343480358560
    8      5.631001053315     -3.270817500304     -2.343480358560
    8     -3.751817864890      0.003770513671     -2.343480358560
    8     -5.631001053315      3.270817500304     -2.343480358560
    8     -1.872634676480     -3.263276472949     -2.343480358560
  258     -1.877000351102      1.090272500101     -3.124640478080
  258     -3.756183539507      4.357319486734     -3.124640478080
  258      0.002182837312     -2.176774486525     -3.124640478080
  258      1.874817513788      1.086501986425     -3.124640478080
  258     -0.004365674624      4.353548973056     -3.124640478080
  258      3.754000702204     -2.180545000204     -3.124640478080
  258     -5.628818216034      1.094043013764     -3.124640478080
  258     -7.508001404405      4.361090000415     -3.124640478080
  258     -3.749635027580     -2.173003972853     -3.124640478080
    8      1.877000351102     -1.090272500101     -3.905800597599
    8     -0.002182837312      2.176774486525     -3.905800597599
    8      3.756183539507     -4.357319486734     -3.905800597599
    8      5.628818216034     -1.094043013764     -3.905800597599
    8      3.749635027584      2.173003972853     -3.905800597599
    8      7.508001404405     -4.361090000415     -3.905800597599
    8     -1.874817513788     -1.086501986425     -3.905800597599
    8     -3.754000702207      2.180545000203     -3.905800597599
    8      0.004365674623     -4.353548973056     -3.905800597599
    8     12.751394076939      5.853061005753      5.868146888943
    1     12.793594640270      6.773154647957      5.503182015154
    8     14.855578109385      2.669928204948      5.953654938163
    1     15.727061222812      2.432382556163      6.309476770153
    1     14.960969266159      3.585627856327      5.570156502880
    1     12.948706671410      0.284771322239      5.624593251191
    8     12.824397837251     -0.623732392196      5.986673372838
    1     11.877504872273     -0.695056120516      6.232509588464
    8     14.932150823939      6.046185303239      7.152374076310
    1     14.924024749142      5.765124221367      8.076325141846
    8     17.206953392240     -0.624245612965      5.970720330504
    1     17.134777359019      0.286280692315      5.574047193552
    1     18.160643008846     -0.809117009305      6.024897364119
    8     11.757911155918      2.663215274613      5.949253154786
    1     12.721174518674      2.544305282315      6.066354815483
    1     11.643896784818      3.586954339360      5.624917757054
    8      9.821244198253      5.871496082491      5.918960593200
    1     10.795608086904      5.781355826261      6.035474047455
    1      9.669360820840      6.816770197429      5.679952074485
    1     13.613438844450      5.819983213401      6.453944150848
    8     16.884940826742      5.166698837348      5.842291349700
    1     17.730290838354      5.484430918712      6.192786099907
    1     16.086043983522      5.532926243024      6.434460015467
    1     21.897085560887     -1.896171344868      5.454591418000
    8     21.255099429769     -1.432958630704      6.065455923447
    1     20.903033886313     -2.193940590102      6.619745165744
    8     19.111469056697      2.326463013009      5.926513500973
    1     19.981899668155      1.906278493760      5.741521223764
    1     19.202677884899      3.288210242345      5.752259537426
    0    0
