   2   1   1 E -1.7659355395253E+04 DE-2.5E-08(  7)
  0.112703214343E+02 -0.144138002527E-01  0.000000000000E+00
 -0.564768416707E+01  0.978501404319E+01  0.000000000000E+00
  0.000000000000E+00  0.000000000000E+00  0.500000000000E+03
    1
  0.100000000000E+01  0.000000000000E+00  0.000000000000E+00
  0.000000000000E+00  0.100000000000E+01  0.000000000000E+00
  0.000000000000E+00  0.000000000000E+00  0.100000000000E+01
  0.000000000000E+00  0.000000000000E+00  0.000000000000E+00
  110
    8     -1.850549387467      1.108575268609      4.018122197618
    8     -3.742926403443      4.356927946755      4.119115999748
    8      0.048491880705     -2.233372151172      4.057396728341
    8      1.824981011651      1.040135046712      3.684837189884
    8      0.035062924405      4.469712923591      4.150425044151
    8      3.767517119145     -2.186114524283      4.031005117804
    8     -5.580812414049      1.144329762162      4.066509018541
    8     -7.526102318309      4.440302431293      4.116769011558
    8     -3.727424498732     -2.218167498564      4.117478750382
  258      1.895105379176     -1.108444069888      3.251954963940
  258      0.001662961377      2.164861281840      3.250770333266
  258      3.773390791640     -4.343796665459      3.262996496286
  258      5.640416486357     -1.089473989860      3.295667039134
  258      3.748628443413      2.166768277902      3.366960336907
  258      7.522651562729     -4.339622912077      3.193964926845
  258     -1.871987400214     -1.069186234247      3.269219985565
  258     -3.768612889427      2.190409644817      3.286851289823
  258      0.000607506571     -4.336255545102      3.243512830465
    8     -0.073863607434     -0.069277988308      2.394641205289
    8     -1.860409582557      3.301722042717      2.441128217852
    8      1.893788130109     -3.291483773756      2.406345712453
    8      3.840835064576     -0.023631424915      2.445811117907
    8      1.867924410112      3.328079725492      2.432074903635
    8      5.650166037947     -3.246348871049      2.400301685237
    8     -3.753408801028     -0.016855917924      2.454336807665
    8     -5.642851806304      3.298742615777      2.452379549143
    8     -1.863262988359     -3.230777471354      2.396918062624
    8      1.894318088230     -1.086158880581      0.871146444785
    8      0.001439771841      2.163578369169      0.869646947678
    8      3.770162951339     -4.347804363878      0.845376604700
    8      5.652504694768     -1.091771575819      0.843101244119
    8      3.749547752604      2.170782127189      0.875387812656
    8      7.525181834454     -4.341432821975      0.836272439894
    8     -1.904160257116     -1.083942556609      0.829772800502
    8     -3.756737005722      2.180842813468      0.887584740426
    8      0.003800716026     -4.344460781797      0.853621968201
  258     -0.002267047965     -0.002403541552      0.061899800426
  258     -1.880158652810      3.265412488742      0.061711780713
  258      1.889887909038     -3.263031495115      0.054591631271
  258      3.765610601578      0.004784102874      0.081326216165
  258      1.882936049845      3.251082945784      0.065694263742
  258      5.639573411329     -3.256597327365      0.045929668523
  258     -3.758162709381      0.007444966454      0.064325528096
  258     -5.643119279664      3.266029262087      0.075831597072
  258     -1.872469900674     -3.248766163564      0.043417554492
    8     -1.878958256072      1.100390988741     -0.782628254500
    8     -3.760695929017      4.346265832577     -0.780010538298
    8      0.011461086234     -2.167858181866     -0.784121195932
    8      1.879712035605      1.084579504512     -0.781107962375
    8     -0.002400927953      4.338504794783     -0.782741805032
    8      3.758937336773     -2.171144445932     -0.786188726712
    8     -5.634225138970      1.105469466246     -0.777438823213
    8     -7.515152070280      4.350744808880     -0.784949973390
    8     -3.755142903748     -2.165187256978     -0.802059481673
    8      0.000000000000      0.000000000000     -2.343480358560
    8     -1.882561389023      3.261671347735     -2.343480358560
    8      1.882561389029     -3.261671347730     -2.343480358560
    8      3.756773811431     -0.004804600089     -2.343480358560
    8      1.874212422400      3.256866747651     -2.343480358560
    8      5.639335200468     -3.266475947818     -2.343480358560
    8     -3.756773811431      0.004804600080     -2.343480358560
    8     -5.639335200468      3.266475947818     -2.343480358560
    8     -1.874212422406     -3.256866747646     -2.343480358560
  258     -1.879778400154      1.088825315939     -3.124640478080
  258     -3.762339789171      4.350496663679     -3.124640478080
  258      0.002782988874     -2.172846031793     -3.124640478080
  258      1.876995411278      1.084020715853     -3.124640478080
  258     -0.005565977748      4.345692063589     -3.124640478080
  258      3.759556800305     -2.177650631880     -3.124640478080
  258     -5.636552211626      1.093629916011     -3.124640478080
  258     -7.519113600608      4.355301263767     -3.124640478080
  258     -3.753990822557     -2.168041431711     -3.124640478080
    8      1.879778400154     -1.088825315939     -3.905800597599
    8     -0.002782988874      2.172846031793     -3.905800597599
    8      3.762339789171     -4.350496663679     -3.905800597599
    8      5.636552211626     -1.093629916011     -3.905800597599
    8      3.753990822561      2.168041431711     -3.905800597599
    8      7.519113600608     -4.355301263767     -3.905800597599
    8     -1.876995411278     -1.084020715853     -3.905800597599
    8     -3.759556800308      2.177650631879     -3.905800597599
    8      0.005565977747     -4.345692063589     -3.905800597599
    8     13.475958680171      7.176571630190      6.717410040796
    1     13.313763788677      7.251707310382      5.728014798696
    8     16.921884374256     -0.781561209035      5.938806533364
    1     17.045916218872      0.180581164141      5.775305460029
    1     17.685293546306     -1.131690400970      6.433776815709
    8     11.892937838063      2.415293946875      5.764536225932
    1     12.899877575443      2.240104314295      5.785583945461
    1     11.775294251773      3.378609569501      5.614417700882
    8      9.648996361165      5.770068049264      5.983392406596
    1     10.553884352195      5.442998544966      5.811996450926
    1      9.648632572082      6.722517186107      5.729595130396
    1     13.950536844196      6.311331964062      6.843322046481
    8     19.266502596088      2.047486476384      5.986161082441
    1     20.074870550724      1.580457496113      5.651495538591
    1     19.525700220046      2.972462287864      6.137839922562
    1     13.686457369729     19.766317353187      5.916685993151
    8     13.126849410945     18.935539686230      5.900663216588
    1     12.222157204575     19.241801637507      6.099660742686
    8     12.023949379648     15.293041291932      6.164433118915
    1     12.643804759347     14.756828955486      5.585942609930
    1     12.395023056354     16.191129527997      6.183343267791
    1     10.590891887866     17.786143974065      5.546818853698
    8      9.957223289065     18.444999920118      5.932304398169
    1      9.240755643311     17.938010490715      6.399535690967
    8      9.351718829962     14.637659718491      6.764595424728
    1     10.294246267141     14.914051560842      6.788659893616
    1      9.264449208846     14.369674243622      5.803913078285
    8      8.820274580042     11.636258934474      5.658488952363
    1      9.339904406455     12.122402195272      6.319198386945
    0    0
