   2   1   1 E -1.7659355385468E+04 DE-2.0E-07(  7)
  0.112703098772E+02 -0.143694063718E-01  0.000000000000E+00
 -0.564763974786E+01  0.978508007344E+01  0.000000000000E+00
  0.000000000000E+00  0.000000000000E+00  0.500000000000E+03
    1
  0.100000000000E+01  0.000000000000E+00  0.000000000000E+00
  0.000000000000E+00  0.100000000000E+01  0.000000000000E+00
  0.000000000000E+00  0.000000000000E+00  0.100000000000E+01
  0.000000000000E+00  0.000000000000E+00  0.000000000000E+00
  110
    8     -1.851280077260      1.108187475005      4.017741645406
    8     -3.741727762534      4.356190832114      4.119498787441
    8      0.047868616165     -2.232966160583      4.057124003995
    8      1.825491623079      1.040449965908      3.684101450316
    8      0.035280102647      4.469778532538      4.150809596623
    8      3.767251373387     -2.184933112718      4.030911600348
    8     -5.581218565166      1.144223290540      4.067087149129
    8     -7.526062663023      4.440153673521      4.116370383854
    8     -3.727723977774     -2.218172520244      4.117511717351
  258      1.894167036739     -1.108031170629      3.251514152073
  258      0.001455715256      2.164911771044      3.250494280486
  258      3.774315803886     -4.344055279742      3.263854227896
  258      5.639829896585     -1.089837624103      3.295827033525
  258      3.749279805663      2.166896593416      3.366829607437
  258      7.522443466967     -4.339950331086      3.194070933930
  258     -1.872754481613     -1.069641836082      3.268554905583
  258     -3.768373493039      2.190075766449      3.287323711191
  258      0.001035390434     -4.336257090824      3.243770218247
    8     -0.074085874320     -0.068844068263      2.394845371523
    8     -1.859662419824      3.301667372254      2.441410567392
    8      1.893435142461     -3.291795864276      2.407270563746
    8      3.841539927882     -0.023269459782      2.444910846088
    8      1.867463878468      3.328387100760      2.431553639865
    8      5.650136971870     -3.246197787292      2.400537777711
    8     -3.754202857743     -0.016578360839      2.453903728299
    8     -5.642166009231      3.298734607029      2.452641426335
    8     -1.863120437210     -3.230746348027      2.396912925256
    8      1.894136294744     -1.085961332925      0.871312739651
    8      0.001446168973      2.163323531220      0.869546711001
    8      3.770023157972     -4.347720063930      0.845994115915
    8      5.652795150655     -1.091924726391      0.842315960337
    8      3.749810615176      2.171331292028      0.875545456600
    8      7.525144849562     -4.341170670688      0.836268847482
    8     -1.904102003323     -1.083744544341      0.829439662700
    8     -3.756087607865      2.181203409264      0.887242188328
    8      0.003706994635     -4.344461373252      0.853836018128
  258     -0.002238332898     -0.002359246466      0.061697687518
  258     -1.880097739269      3.265248373531      0.061497444593
  258      1.890331041383     -3.263018199023      0.054585962713
  258      3.765696165389      0.005184754032      0.081659814670
  258      1.883080118806      3.251264381302      0.065516297050
  258      5.639623143156     -3.256694421910      0.046010103127
  258     -3.758265503119      0.007543481610      0.064517158259
  258     -5.643065539683      3.266226483852      0.075666948222
  258     -1.872366384489     -3.248843389666      0.043476560299
    8     -1.878766886909      1.100479388387     -0.782903765380
    8     -3.760655409274      4.346867468861     -0.779822848995
    8      0.011599527288     -2.168151576271     -0.784124349439
    8      1.879833044662      1.084807338029     -0.781304986882
    8     -0.002392987026      4.338685148148     -0.782577207525
    8      3.758808503345     -2.171134144646     -0.785941073551
    8     -5.634255391293      1.105769022428     -0.777692397232
    8     -7.515046846590      4.350693685439     -0.785005223444
    8     -3.754915676038     -2.165378754584     -0.802351464987
    8      0.000000000000      0.000000000000     -2.343480358560
    8     -1.882546582621      3.261693357818     -2.343480358560
    8      1.882546582627     -3.261693357813     -2.343480358560
    8      3.756769959068     -0.004789802129     -2.343480358560
    8      1.874223376440      3.256903555694     -2.343480358560
    8      5.639316541703     -3.266483159942     -2.343480358560
    8     -3.756769959068      0.004789802120     -2.343480358560
    8     -5.639316541703      3.266483159942     -2.343480358560
    8     -1.874223376446     -3.256903555689     -2.343480358560
  258     -1.879772180566      1.088827719980     -3.124640478080
  258     -3.762318763180      4.350521077803     -3.124640478080
  258      0.002774402060     -2.172865637836     -3.124640478080
  258      1.876997778503      1.084037917855     -3.124640478080
  258     -0.005548804119      4.345731275674     -3.124640478080
  258      3.759544361128     -2.177655439962     -3.124640478080
  258     -5.636542139674      1.093617522092     -3.124640478080
  258     -7.519088722255      4.355310879931     -3.124640478080
  258     -3.753995557009     -2.168075835713     -3.124640478080
    8      1.879772180566     -1.088827719980     -3.905800597599
    8     -0.002774402060      2.172865637836     -3.905800597599
    8      3.762318763180     -4.350521077803     -3.905800597599
    8      5.636542139674     -1.093617522092     -3.905800597599
    8      3.753995557013      2.168075835713     -3.905800597599
    8      7.519088722255     -4.355310879931     -3.905800597599
    8     -1.876997778503     -1.084037917855     -3.905800597599
    8     -3.759544361131      2.177655439961     -3.905800597599
    8      0.005548804118     -4.345731275674     -3.905800597599
    8     13.473331010619      7.173734864757      6.718554358135
    1     13.312240460228      7.250744220896      5.729463643011
    8     16.919506775483     -0.780829279399      5.939737497192
    1     17.044780016089      0.180960325102      5.775087640261
    1     17.686056650985     -1.132716314829      6.428467492992
    8     11.891879725272      2.415796739938      5.764972300869
    1     12.898950986544      2.241158783980      5.786139599680
    1     11.773776079203      3.378948585535      5.614283517120
    8      9.638281347649      5.775198973975      5.983385732751
    1     10.543188787430      5.445359226501      5.820197338681
    1      9.643098543845      6.727410656849      5.726944134545
    1     13.946092416600      6.307411970335      6.843253030208
    8     19.266731246738      2.046373172691      5.987241889570
    1     20.074709382912      1.578968400498      5.652249714329
    1     19.525818911598      2.971844460822      6.136173888498
    1     13.683772609878     19.767709870751      5.915008812654
    8     13.125044187059     18.936459916512      5.896691797166
    1     12.220740973327     19.240845417792      6.100086014533
    8     12.023883635696     15.293223773357      6.161760084070
    1     12.643976983153     14.755609414359      5.584468689287
    1     12.396824384031     16.190495328934      6.181601112805
    1     10.591527076584     17.786484615250      5.546163685017
    8      9.962535739840     18.448827265100      5.933667722667
    1      9.241919011446     17.946216129862      6.398602079323
    8      9.350217322597     14.636456603862      6.764669878816
    1     10.293545657760     14.909982989059      6.789712784134
    1      9.263382613857     14.368919942788      5.803839429526
    8      8.819341452911     11.637220993408      5.657909868743
    1      9.339000918418     12.122273319887      6.319413390870
    0    0
