   2   1   1 E -1.7659355398679E+04 DE 1.4E-07(  4)
  0.112703522161E+02 -0.144121788099E-01  0.000000000000E+00
 -0.564769821445E+01  0.978499054385E+01  0.000000000000E+00
  0.000000000000E+00  0.000000000000E+00  0.500000000000E+03
    1
  0.100000000000E+01  0.000000000000E+00  0.000000000000E+00
  0.000000000000E+00  0.100000000000E+01  0.000000000000E+00
  0.000000000000E+00  0.000000000000E+00  0.100000000000E+01
  0.000000000000E+00  0.000000000000E+00  0.000000000000E+00
  110
    8     -1.850462645128      1.108630133163      4.018178770254
    8     -3.743074415366      4.357031048451      4.119107981726
    8      0.048630076324     -2.233383550635      4.057397656694
    8      1.824906528204      1.040115810506      3.684945712075
    8      0.035044323408      4.469657129905      4.150382888290
    8      3.767551100545     -2.186354464769      4.030987581608
    8     -5.580770110958      1.144261511697      4.066385937052
    8     -7.526145714591      4.440363610632      4.116876223854
    8     -3.727491263304     -2.218292124375      4.117501402184
  258      1.895233253012     -1.108495805870      3.252000919201
  258      0.001671716726      2.164878827658      3.250813460163
  258      3.773326295687     -4.343754801901      3.262910911949
  258      5.640488519623     -1.089479463241      3.295633517169
  258      3.748562113335      2.166762464325      3.366998131194
  258      7.522648330165     -4.339585783595      3.193927656584
  258     -1.871891226752     -1.069125738839      3.269338125421
  258     -3.768641889442      2.190417050602      3.286819755428
  258      0.000552845764     -4.336223197976      3.243517641306
    8     -0.073841980786     -0.069306566619      2.394607147417
    8     -1.860507894485      3.301710547842      2.441110839109
    8      1.893848914263     -3.291439244673      2.406217387778
    8      3.840746321398     -0.023680283476      2.445956510903
    8      1.868004067115      3.328030947750      2.432122794482
    8      5.650184467987     -3.246385285208      2.400264704874
    8     -3.753317546939     -0.016923145197      2.454424307044
    8     -5.642971036730      3.298748428904      2.452384117957
    8     -1.863275685459     -3.230779971729      2.396930695610
    8      1.894350566788     -1.086158636197      0.871106374604
    8      0.001434780081      2.163622323492      0.869667830563
    8      3.770202695438     -4.347813359134      0.845315032253
    8      5.652486588070     -1.091734003337      0.843236449778
    8      3.749536883548      2.170709086319      0.875360782261
    8      7.525197945764     -4.341464395935      0.836266621842
    8     -1.904179864251     -1.083970181768      0.829808182459
    8     -3.756828584809      2.180780154723      0.887648361809
    8      0.003812185021     -4.344440468328      0.853605436033
  258     -0.002276269020     -0.002398476962      0.061935792763
  258     -1.880160052174      3.265417509756      0.061754217783
  258      1.889828900218     -3.263009221968      0.054595771317
  258      3.765614190069      0.004751340269      0.081280269378
  258      1.882931125365      3.251062587180      0.065720248351
  258      5.639599138847     -3.256576861934      0.045941580972
  258     -3.758149429906      0.007421320781      0.064303451452
  258     -5.643152914040      3.265991115694      0.075858240801
  258     -1.872492406867     -3.248755537094      0.043418097110
    8     -1.878985378830      1.100379346877     -0.782586856299
    8     -3.760707897702      4.346192526413     -0.780022403505
    8      0.011444774954     -2.167829939484     -0.784127197997
    8      1.879691950470      1.084569122169     -0.781086530058
    8     -0.002388958222      4.338472503861     -0.782755947649
    8      3.758976298513     -2.171129992142     -0.786207164267
    8     -5.634234953930      1.105427042134     -0.777419961610
    8     -7.515184257104      4.350736672117     -0.784931916382
    8     -3.755182308054     -2.165168432429     -0.802016897702
    8      0.000000000000      0.000000000000     -2.343480358560
    8     -1.882566071485      3.261663514623     -2.343480358560
    8      1.882566071491     -3.261663514618     -2.343480358560
    8      3.756784072021     -0.004804059608     -2.343480358560
    8      1.874218000529      3.256859455020     -2.343480358560
    8      5.639350143521     -3.266467574225     -2.343480358560
    8     -3.756784072021      0.004804059599     -2.343480358560
    8     -5.639350143521      3.266467574225     -2.343480358560
    8     -1.874218000535     -3.256859455014     -2.343480358560
  258     -1.879783381172      1.088822524741     -3.124640478080
  258     -3.762349452651      4.350486039369     -3.124640478080
  258      0.002782690319     -2.172840989879     -3.124640478080
  258      1.877000690851      1.084018465137     -3.124640478080
  258     -0.005565380637      4.345681979761     -3.124640478080
  258      3.759566762340     -2.177645049484     -3.124640478080
  258     -5.636567453234      1.093626584333     -3.124640478080
  258     -7.519133524678      4.355290098977     -3.124640478080
  258     -3.754001381703     -2.168036930277     -3.124640478080
    8      1.879783381172     -1.088822524741     -3.905800597599
    8     -0.002782690319      2.172840989879     -3.905800597599
    8      3.762349452651     -4.350486039369     -3.905800597599
    8      5.636567453234     -1.093626584333     -3.905800597599
    8      3.754001381707      2.168036930277     -3.905800597599
    8      7.519133524678     -4.355290098977     -3.905800597599
    8     -1.877000690851     -1.084018465137     -3.905800597599
    8     -3.759566762343      2.177645049483     -3.905800597599
    8      0.005565380636     -4.345681979761     -3.905800597599
    8     13.475844586025      7.175010272006      6.717130750577
    1     13.313702802460      7.250886771499      5.727730592115
    8     16.922003799081     -0.782296034920      5.937742901004
    1     17.046098187397      0.179948962468      5.774927174636
    1     17.685198167159     -1.132775805543      6.432816887008
    8     11.893100048032      2.415138839326      5.764767854288
    1     12.899996477772      2.239638555938      5.785663704552
    1     11.775698963554      3.378486769862      5.614571854272
    8      9.651297118909      5.768128819463      5.982116675189
    1     10.556034255359      5.441451985902      5.806814451123
    1      9.649451788164      6.721082054007      5.729617890435
    1     13.949982447430      6.309465154647      6.842230337043
    8     19.266482849822      2.047740685207      5.985993654654
    1     20.074903148109      1.580718441014      5.651373474035
    1     19.525545766905      2.972732906661      6.137672934851
    1     13.686825126062     19.765545289258      5.917629598882
    8     13.127056351731     18.934847312855      5.902376237517
    1     12.222414027802     19.241427524218      6.101253453257
    8     12.024199537220     15.293036416776      6.165085683043
    1     12.643958747772     14.756986407132      5.586331763017
    1     12.394944656981     16.191274594507      6.183637311429
    1     10.591308224071     17.786551080058      5.546928773355
    8      9.958640699684     18.446430531852      5.932284074137
    1      9.242459264728     17.940546204116      6.401027361246
    8      9.351549852268     14.638260155494      6.764726786832
    1     10.294353303176     14.913667413787      6.789184315683
    1      9.264397023234     14.370088971201      5.804039378391
    8      8.820298184842     11.635484818583      5.658495930183
    1      9.340180834789     12.121995843946      6.318738398394
    0    0
