   2   1   1 E -1.7659355412526E+04 DE-3.5E-08(  8)
  0.112705760550E+02 -0.145964613677E-01  0.000000000000E+00
 -0.564797050511E+01  0.978489017762E+01  0.000000000000E+00
  0.000000000000E+00  0.000000000000E+00  0.500000000000E+03
    1
  0.100000000000E+01  0.000000000000E+00  0.000000000000E+00
  0.000000000000E+00  0.100000000000E+01  0.000000000000E+00
  0.000000000000E+00  0.000000000000E+00  0.100000000000E+01
  0.000000000000E+00  0.000000000000E+00  0.000000000000E+00
  110
    8     -1.849577758919      1.109077294009      4.018738372936
    8     -3.744210279760      4.358272450767      4.118738152162
    8      0.049693457505     -2.233940934753      4.057336535044
    8      1.824641240287      1.039908934510      3.686434817239
    8      0.035973603912      4.468716669395      4.150575676593
    8      3.767758734743     -2.188254205338      4.031153256029
    8     -5.579987727911      1.144041640038      4.065421302164
    8     -7.525784169069      4.440359578788      4.117694617700
    8     -3.728035643978     -2.218964303943      4.118030163054
  258      1.896245734381     -1.108879736089      3.252484207094
  258      0.001978332428      2.165112230887      3.251437072508
  258      3.773332938391     -4.343423840405      3.262481885583
  258      5.641177334807     -1.089844875384      3.295241895786
  258      3.748701302432      2.166553246481      3.367368062618
  258      7.523168297425     -4.339547059394      3.193841507445
  258     -1.871224769004     -1.068666166291      3.270117024054
  258     -3.768565464743      2.190607126753      3.286632927091
  258      0.000599044281     -4.336236274615      3.243391319025
    8     -0.073553538367     -0.069370255471      2.394416763211
    8     -1.860930903471      3.301540263055      2.441154541785
    8      1.894394947319     -3.291143576501      2.405195951388
    8      3.840230243434     -0.024097723207      2.447303781940
    8      1.869097208956      3.327514013930      2.432451409285
    8      5.650808076229     -3.246893676326      2.400091925607
    8     -3.752414218254     -0.017363470686      2.455000569545
    8     -5.643603260364      3.298895424937      2.452265471969
    8     -1.862917905941     -3.230849020071      2.397032049327
    8      1.894760479009     -1.085942356427      0.870713668298
    8      0.001567125582      2.163964011520      0.869978142044
    8      3.770766759270     -4.347925970633      0.844848335382
    8      5.652581084408     -1.091396204042      0.844299295360
    8      3.749798765542      2.169983550415      0.875080366913
    8      7.525607822582     -4.341859202722      0.836206693495
    8     -1.904172848464     -1.084133900212      0.829795196688
    8     -3.757265670192      2.180408955344      0.888005604281
    8      0.004130028116     -4.344228362811      0.853338640637
  258     -0.002236971027     -0.002297076116      0.062217968662
  258     -1.880038800745      3.265436616381      0.062013047193
  258      1.889607038092     -3.262742198705      0.054522494519
  258      3.765813157427      0.004599893709      0.080889843149
  258      1.883089263568      3.250883120507      0.065857683661
  258      5.640063541961     -3.256571491525      0.046133665751
  258     -3.757826396262      0.007355021607      0.064027658874
  258     -5.643373204213      3.265757395370      0.075861254443
  258     -1.872432428915     -3.248701966418      0.043366864787
    8     -1.879032846815      1.100387713059     -0.782383191787
    8     -3.760758912895      4.345900521711     -0.780127953157
    8      0.011507737636     -2.167779921195     -0.784323631051
    8      1.879555729466      1.084619239707     -0.781029597847
    8     -0.002212918451      4.338219429271     -0.782836262424
    8      3.759512365989     -2.171006139280     -0.786269186812
    8     -5.634196745755      1.105255434327     -0.777613945614
    8     -7.515364937302      4.350695946731     -0.784824920160
    8     -3.755337464819     -2.165046392512     -0.801797515316
    8      0.000000000000      0.000000000000     -2.343480358560
    8     -1.882656835037      3.261630059212     -2.343480358560
    8      1.882656835043     -3.261630059207     -2.343480358560
    8      3.756858684988     -0.004865487128     -2.343480358560
    8      1.874201849944      3.256764572089     -2.343480358560
    8      5.639515520038     -3.266495546333     -2.343480358560
    8     -3.756858684988      0.004865487119     -2.343480358560
    8     -5.639515520038      3.266495546333     -2.343480358560
    8     -1.874201849950     -3.256764572084     -2.343480358560
  258     -1.879838506677      1.088831848777     -3.124640478080
  258     -3.762495341708      4.350461907994     -3.124640478080
  258      0.002818328364     -2.172798210432     -3.124640478080
  258      1.877020178311      1.083966361653     -3.124640478080
  258     -0.005636656727      4.345596420866     -3.124640478080
  258      3.759677013352     -2.177663697556     -3.124640478080
  258     -5.636697191706      1.093697335888     -3.124640478080
  258     -7.519354026702      4.355327395121     -3.124640478080
  258     -3.754040356624     -2.167932723311     -3.124640478080
    8      1.879838506677     -1.088831848777     -3.905800597599
    8     -0.002818328364      2.172798210432     -3.905800597599
    8      3.762495341708     -4.350461907994     -3.905800597599
    8      5.636697191706     -1.093697335888     -3.905800597599
    8      3.754040356628      2.167932723311     -3.905800597599
    8      7.519354026702     -4.355327395121     -3.905800597599
    8     -1.877020178311     -1.083966361653     -3.905800597599
    8     -3.759677013355      2.177663697555     -3.905800597599
    8      0.005636656726     -4.345596420866     -3.905800597599
    8     13.473858927083      7.176708150221      6.717712074565
    1     13.312390277712      7.251046532054      5.727931061124
    8     16.924137613560     -0.781868054622      5.939703576025
    1     17.048856445905      0.180180438017      5.777365258588
    1     17.687614526402     -1.133569162323      6.433488737063
    8     11.896581991979      2.413749970807      5.765923232518
    1     12.903405804079      2.238009892807      5.785627203286
    1     11.779938640673      3.377014219791      5.616471762171
    8      9.652058968463      5.756855614327      5.979503254470
    1     10.554308581044      5.422840777770      5.794516874574
    1      9.655764983361      6.712587341621      5.734038296714
    1     13.947935574296      6.311622176215      6.844308979382
    8     19.267625510579      2.049827968114      5.985234697412
    1     20.075783181409      1.582156990382      5.650778629484
    1     19.526524282315      2.974954022081      6.135644615526
    1     13.690944946720     19.763025720741      5.913372442032
    8     13.128685419571     18.934108786656      5.896625927418
    1     12.225930712036     19.243534216628      6.099788686293
    8     12.028737996550     15.296930413294      6.169469883363
    1     12.645655440791     14.759419825672      5.589087809749
    1     12.399636728447     16.195145784198      6.183738882197
    1     10.592132585757     17.786855628324      5.547939421871
    8      9.961986413520     18.450467825804      5.931137369694
    1      9.243705564144     17.948647703199      6.400058662703
    8      9.354669072642     14.639342073640      6.765437687406
    1     10.297285007904     14.915291917807      6.789583302506
    1      9.266986658076     14.370753955238      5.804814509625
    8      8.822933873894     11.633762567585      5.657271263796
    1      9.343597000471     12.119314241810      6.317580799034
    0    0
