   2   1   1 E -1.7659355422949E+04 DE 1.4E-07(  4)
  0.112707381210E+02 -0.149857792176E-01  0.000000000000E+00
 -0.564839002707E+01  0.978465197884E+01  0.000000000000E+00
  0.000000000000E+00  0.000000000000E+00  0.500000000000E+03
    1
  0.100000000000E+01  0.000000000000E+00  0.000000000000E+00
  0.000000000000E+00  0.100000000000E+01  0.000000000000E+00
  0.000000000000E+00  0.000000000000E+00  0.100000000000E+01
  0.000000000000E+00  0.000000000000E+00  0.000000000000E+00
  110
    8     -1.848998212784      1.109166334243      4.019501344973
    8     -3.745380929900      4.359730194333      4.118214670259
    8      0.050576981112     -2.234178988685      4.057248277618
    8      1.824485956257      1.039743506041      3.687757195146
    8      0.037982113684      4.466845747616      4.150905722124
    8      3.767815137022     -2.189748942322      4.030686906910
    8     -5.579163611777      1.143552551679      4.063696078368
    8     -7.525404126555      4.439849897138      4.118564667217
    8     -3.728346596345     -2.219988662308      4.118858593640
  258      1.896742744410     -1.108841612656      3.252543761767
  258      0.002533928097      2.165490106231      3.252484361609
  258      3.773717404510     -4.342588441836      3.262378476105
  258      5.641859129645     -1.090355252534      3.294525093511
  258      3.749203194097      2.165887221543      3.367493066155
  258      7.524218116647     -4.339872068956      3.193760637948
  258     -1.870813836976     -1.068518104432      3.270804509032
  258     -3.768222253766      2.190753491589      3.286680506794
  258      0.001204205363     -4.336302926074      3.243161414604
    8     -0.073439260329     -0.069275581678      2.394467571598
    8     -1.861138682602      3.301540440722      2.442047535476
    8      1.894958758331     -3.290777109339      2.404261369490
    8      3.839615976299     -0.024765378979      2.448518142609
    8      1.870582613500      3.326709459308      2.432167433737
    8      5.651586149862     -3.247376153113      2.399897702196
    8     -3.751097652478     -0.017831480316      2.455434177488
    8     -5.643846048307      3.298946212236      2.452050999984
    8     -1.862238530313     -3.230609514566      2.397070858438
    8      1.895065481866     -1.085405915400      0.870231158079
    8      0.001615064386      2.164308084497      0.870655196693
    8      3.771399904760     -4.347971412460      0.844633095059
    8      5.652873134871     -1.090848900787      0.845483508481
    8      3.750531882353      2.168855362169      0.874797714273
    8      7.526137707470     -4.342097387822      0.836099273259
    8     -1.903873696545     -1.084148772018      0.829451375861
    8     -3.757292415741      2.180218557011      0.888387020965
    8      0.004554084891     -4.343967393112      0.853002181351
  258     -0.002071577310     -0.002120004112      0.062761436680
  258     -1.879913663092      3.265469367539      0.062274897754
  258      1.889759035071     -3.262404012239      0.054545811533
  258      3.766106656357      0.004509144954      0.080612200105
  258      1.883272287200      3.250591190194      0.065921040776
  258      5.640492693988     -3.256685983917      0.046390426331
  258     -3.757252155661      0.007499054796      0.063912151954
  258     -5.643409352022      3.265574510256      0.075780361226
  258     -1.872041226634     -3.248523115933      0.043450032522
    8     -1.878854775896      1.100583709563     -0.782226671859
    8     -3.760716213710      4.345851815943     -0.779939809644
    8      0.011805881879     -2.167863534569     -0.784498584816
    8      1.879418889859      1.084784939245     -0.781022246300
    8     -0.002146331835      4.337974342872     -0.782832923095
    8      3.760301329280     -2.170904562391     -0.786099729569
    8     -5.633865921415      1.105173804408     -0.778163696950
    8     -7.515406814960      4.350535540229     -0.784607126940
    8     -3.755496349061     -2.164827983534     -0.801633830160
    8      0.000000000000      0.000000000000     -2.343480358560
    8     -1.882796675692      3.261550659617     -2.343480358560
    8      1.882796675698     -3.261550659612     -2.343480358560
    8      3.756912706980     -0.004995259744     -2.343480358560
    8      1.874116031280      3.256555399878     -2.343480358560
    8      5.639709382686     -3.266545919356     -2.343480358560
    8     -3.756912706980      0.004995259735     -2.343480358560
    8     -5.639709382686      3.266545919356     -2.343480358560
    8     -1.874116031286     -3.256555399873     -2.343480358560
  258     -1.879903127560      1.088848639785     -3.124640478080
  258     -3.762699803246      4.350399299407     -3.124640478080
  258      0.002893548137     -2.172702019830     -3.124640478080
  258      1.877009579421      1.083853380044     -3.124640478080
  258     -0.005787096274      4.345404039663     -3.124640478080
  258      3.759806255117     -2.177697279571     -3.124640478080
  258     -5.636815834580      1.093843899512     -3.124640478080
  258     -7.519612510232      4.355394559150     -3.124640478080
  258     -3.754019158843     -2.167706760092     -3.124640478080
    8      1.879903127560     -1.088848639785     -3.905800597599
    8     -0.002893548137      2.172702019830     -3.905800597599
    8      3.762699803246     -4.350399299407     -3.905800597599
    8      5.636815834580     -1.093843899512     -3.905800597599
    8      3.754019158847      2.167706760092     -3.905800597599
    8      7.519612510232     -4.355394559150     -3.905800597599
    8     -1.877009579421     -1.083853380044     -3.905800597599
    8     -3.759806255120      2.177697279570     -3.905800597599
    8      0.005787096273     -4.345404039663     -3.905800597599
    8     13.475424658261      7.176636560570      6.718535764590
    1     13.313271632612      7.250436753654      5.728837959299
    8     16.922821767903     -0.784833681408      5.938189061011
    1     17.049125500109      0.177456422107      5.779330855373
    1     17.686073465584     -1.139269960418      6.430601141632
    8     11.899499794894      2.411378125662      5.768260699740
    1     12.906417864287      2.235208242507      5.787292624893
    1     11.783724994029      3.374906744564      5.620869702751
    8      9.657279286157      5.749162311287      5.977917051197
    1     10.557775613979      5.413745618074      5.788467657307
    1      9.663732872256      6.706719260195      5.743067023178
    1     13.951006870946      6.312151264850      6.844417474484
    8     19.267895585644      2.050535341112      5.984471748684
    1     20.076014745290      1.582473240295      5.650199732501
    1     19.527351562460      2.975459429657      6.135752570023
    1     13.697033518778     19.758462235035      5.916117017720
    8     13.131567699861     18.931560730254      5.900127081625
    1     12.229570617084     19.245404277180      6.099889432419
    8     12.033537630568     15.299209921522      6.174798826487
    1     12.647766261195     14.761955510849      5.592046392720
    1     12.401559894955     16.198767702347      6.183129726016
    1     10.591802748875     17.784864321163      5.550103105552
    8      9.958649051510     18.447140378113      5.930272252645
    1      9.241437944938     17.944140350021      6.399890751691
    8      9.356223187760     14.642358467415      6.765842713620
    1     10.299052353420     14.917788247104      6.790694340630
    1      9.268879631126     14.372498874307      5.805550250045
    8      8.825567442800     11.631747175268      5.658283468275
    1      9.346957123225     12.118155085660      6.317436290561
    0    0
