   2   1   1 E -1.7659355425438E+04 DE-7.9E-08(  7)
  0.112707979728E+02 -0.150507790027E-01  0.000000000000E+00
 -0.564847657176E+01  0.978456156848E+01  0.000000000000E+00
  0.000000000000E+00  0.000000000000E+00  0.500000000000E+03
    1
  0.100000000000E+01  0.000000000000E+00  0.000000000000E+00
  0.000000000000E+00  0.100000000000E+01  0.000000000000E+00
  0.000000000000E+00  0.000000000000E+00  0.100000000000E+01
  0.000000000000E+00  0.000000000000E+00  0.000000000000E+00
  110
    8     -1.849177914356      1.109111705424      4.019820914277
    8     -3.745504096786      4.360053114060      4.118199410444
    8      0.050590488775     -2.234036342185      4.057312313993
    8      1.824624789105      1.039923449590      3.687972027765
    8      0.038759133877      4.466160548183      4.150978560205
    8      3.767828107625     -2.189937141759      4.030035393112
    8     -5.579049650118      1.143387871251      4.063291220636
    8     -7.525411773025      4.439510787921      4.118625543648
    8     -3.728338855875     -2.220412691867      4.119075439738
  258      1.896372190500     -1.108697646075      3.252310705754
  258      0.002650885596      2.165824961875      3.252925130864
  258      3.773864608489     -4.342145064565      3.262545619799
  258      5.641893334797     -1.090567413597      3.294296372132
  258      3.749558039992      2.165700933269      3.367433118105
  258      7.524625687038     -4.340171016295      3.193784329194
  258     -1.870881551357     -1.068795393819      3.271015510592
  258     -3.768004402652      2.190829332848      3.286975610082
  258      0.001614833521     -4.336393443682      3.243071581561
    8     -0.073486704348     -0.069148277520      2.394847679323
    8     -1.861026664918      3.301734907064      2.442687428673
    8      1.894795018103     -3.290781130172      2.404203813830
    8      3.839505979535     -0.025000481794      2.448535269465
    8      1.870944958298      3.326597029613      2.431618423856
    8      5.651719556174     -3.247459427673      2.399913501009
    8     -3.750754771577     -0.017904449337      2.455431896666
    8     -5.643610425426      3.298953023906      2.452036541133
    8     -1.862063909770     -3.230410550825      2.397123898681
    8      1.894962344936     -1.085225585917      0.870172555411
    8      0.001503220877      2.164350890878      0.870994491470
    8      3.771404723299     -4.347952389709      0.844830259369
    8      5.653102589742     -1.090653490518      0.845541046917
    8      3.750953336120      2.168576820779      0.874849000625
    8      7.526251092106     -4.341904750302      0.836017343885
    8     -1.903611155109     -1.084072094607      0.829150148567
    8     -3.756999452083      2.180299590930      0.888470593317
    8      0.004503677133     -4.343984970057      0.852951617290
  258     -0.001974540908     -0.002036945368      0.062982706339
  258     -1.879910652446      3.265417501164      0.062232818953
  258      1.890002906347     -3.262413211263      0.054529541643
  258      3.766232454914      0.004584376231      0.080737986094
  258      1.883295818135      3.250558041166      0.065862868051
  258      5.640536844579     -3.256762047141      0.046379393595
  258     -3.757156209333      0.007586396878      0.064091102802
  258     -5.643345320439      3.265590248583      0.075707552966
  258     -1.871861887038     -3.248474190016      0.043516272861
    8     -1.878699520052      1.100730965869     -0.782274057028
    8     -3.760670562187      4.345970489249     -0.779758354285
    8      0.011961796890     -2.167965288053     -0.784488730912
    8      1.879462820376      1.084928118750     -0.781005522973
    8     -0.002176699531      4.337966811634     -0.782781551836
    8      3.760476962901     -2.170915634860     -0.785934301455
    8     -5.633693123795      1.105180261953     -0.778413427354
    8     -7.515398763038      4.350368958870     -0.784525518187
    8     -3.755557073776     -2.164786645009     -0.801670510837
    8      0.000000000000      0.000000000000     -2.343480358560
    8     -1.882825523923      3.261520522831     -2.343480358560
    8      1.882825523929     -3.261520522826     -2.343480358560
    8      3.756932657606     -0.005016926339     -2.343480358560
    8      1.874107133676      3.256503596497     -2.343480358560
    8      5.639758181543     -3.266537449165     -2.343480358560
    8     -3.756932657606      0.005016926330     -2.343480358560
    8     -5.639758181543      3.266537449165     -2.343480358560
    8     -1.874107133682     -3.256503596492     -2.343480358560
  258     -1.879919393846      1.088845816388     -3.124640478080
  258     -3.762744917762      4.350366339224     -3.124640478080
  258      0.002906130082     -2.172674706441     -3.124640478080
  258      1.877013263762      1.083828890052     -3.124640478080
  258     -0.005812260163      4.345349412885     -3.124640478080
  258      3.759838787688     -2.177691632777     -3.124640478080
  258     -5.636852051493      1.093862742710     -3.124640478080
  258     -7.519677575374      4.355383265562     -3.124640478080
  258     -3.754026527525     -2.167657780108     -3.124640478080
    8      1.879919393846     -1.088845816388     -3.905800597599
    8     -0.002906130082      2.172674706441     -3.905800597599
    8      3.762744917762     -4.350366339224     -3.905800597599
    8      5.636852051493     -1.093862742710     -3.905800597599
    8      3.754026527529      2.167657780108     -3.905800597599
    8      7.519677575374     -4.355383265562     -3.905800597599
    8     -1.877013263762     -1.083828890052     -3.905800597599
    8     -3.759838787691      2.177691632776     -3.905800597599
    8      0.005812260162     -4.345349412885     -3.905800597599
    8     13.475283222053      7.175692154566      6.718838648448
    1     13.313288974570      7.249806523422      5.729179904640
    8     16.922165962932     -0.784514195461      5.939923956735
    1     17.048682612268      0.177676292960      5.780904308301
    1     17.686230980678     -1.139160492751      6.430918009177
    8     11.900205516490      2.410039303706      5.768297976329
    1     12.907143891445      2.234078921771      5.787357157349
    1     11.784362590614      3.373734955331      5.622654753695
    8      9.660136845778      5.747279337803      5.978524047318
    1     10.560161613754      5.412058963738      5.785663611928
    1      9.666439021135      6.705537390630      5.747663375039
    1     13.950826690705      6.311129553963      6.844666684979
    8     19.268207289259      2.050301279652      5.985018428778
    1     20.076258678061      1.582352898532      5.650415765153
    1     19.527616190290      2.975202013112      6.136392653610
    1     13.698742929449     19.756670682401      5.916107702725
    8     13.132381556841     18.930506882843      5.899827358647
    1     12.230964349165     19.245358818708      6.100380698816
    8     12.034743876593     15.299933593746      6.175802658653
    1     12.648399740160     14.762776566071      5.592399876493
    1     12.401132109845     16.200237678270      6.181403828225
    1     10.591639366308     17.784426606812      5.550805289879
    8      9.958244015236     18.446691809031      5.930308438563
    1      9.241190210084     17.943618699327      6.400110126015
    8      9.356810725491     14.643154351679      6.765445768196
    1     10.299325256655     14.919616906245      6.790080658018
    1      9.269506431900     14.372970037732      5.805240732255
    8      8.826390163116     11.631165626744      5.658315458275
    1      9.347707630053     12.117506072940      6.317551696385
    0    0
