   2   1   1 E -1.7659355355844E+04 DE-2.9E-08(  3)
  0.112707369614E+02 -0.150944629897E-01  0.000000000000E+00
 -0.564848412488E+01  0.978440724744E+01  0.000000000000E+00
  0.000000000000E+00  0.000000000000E+00  0.500000000000E+03
    1
  0.100000000000E+01  0.000000000000E+00  0.000000000000E+00
  0.000000000000E+00  0.100000000000E+01  0.000000000000E+00
  0.000000000000E+00  0.000000000000E+00  0.100000000000E+01
  0.000000000000E+00  0.000000000000E+00  0.000000000000E+00
  110
    8     -1.849267871019      1.109117600236      4.019935998152
    8     -3.745636306865      4.360262059689      4.118304095748
    8      0.050563038024     -2.233980758744      4.057437575100
    8      1.824636265314      1.039981000476      3.687994078699
    8      0.039137867574      4.465836174209      4.151019564267
    8      3.767887872583     -2.190074634898      4.029571666948
    8     -5.578976787932      1.143200833170      4.063021948488
    8     -7.525405781879      4.439318789884      4.118616524751
    8     -3.728308129282     -2.220390780501      4.119126750775
  258      1.896144947238     -1.108651536374      3.252091488797
  258      0.002660861663      2.165975806474      3.253058713068
  258      3.773802665372     -4.341813805838      3.262522339896
  258      5.641891888507     -1.090620594661      3.294094993830
  258      3.749591721146      2.165544476244      3.367278015418
  258      7.524778857428     -4.340229656091      3.193730874584
  258     -1.870880725809     -1.068878137092      3.271083492787
  258     -3.767854090694      2.190826717545      3.287048380632
  258      0.001738051860     -4.336377367254      3.242884931536
    8     -0.073501818781     -0.069145941247      2.394964817528
    8     -1.861008347002      3.301827922200      2.442934317802
    8      1.894607100115     -3.290723405805      2.404051046391
    8      3.839353265392     -0.025162444385      2.448438579971
    8      1.871096545925      3.326517500250      2.431226195339
    8      5.651741704999     -3.247479554711      2.399868315534
    8     -3.750520767584     -0.017967505229      2.455319411941
    8     -5.643475709520      3.298917843854      2.451964010165
    8     -1.862038615044     -3.230244562878      2.397068974902
    8      1.894863981687     -1.085192402400      0.870072570572
    8      0.001401303308      2.164334236252      0.871094756742
    8      3.771358197768     -4.347898365039      0.844891074909
    8      5.653155110823     -1.090577401802      0.845515824393
    8      3.751101821068      2.168380533863      0.874810750919
    8      7.526241915570     -4.341747395148      0.835901360410
    8     -1.903444742845     -1.084026408675      0.828900982993
    8     -3.756852436541      2.180281657029      0.888475441707
    8      0.004413166744     -4.343983859427      0.852856378020
  258     -0.001959726393     -0.002011144316      0.062994650002
  258     -1.879905971739      3.265298970211      0.062123046030
  258      1.890069989895     -3.262407322439      0.054399119328
  258      3.766247275346      0.004596788132      0.080730865260
  258      1.883252802558      3.250485602971      0.065758825633
  258      5.640542212091     -3.256766047150      0.046269682948
  258     -3.757113445027      0.007605374478      0.064146697037
  258     -5.643294891478      3.265536056014      0.075594541203
  258     -1.871795487950     -3.248384309031      0.043449416318
    8     -1.878628351766      1.100781690539     -0.782385374417
    8     -3.760644209992      4.345904935846     -0.779750094539
    8      0.012015002731     -2.167955298330     -0.784553396245
    8      1.879475695321      1.084962211514     -0.781043512525
    8     -0.002193294732      4.337885485400     -0.782822249081
    8      3.760497301443     -2.170909921788     -0.785924576356
    8     -5.633571585950      1.105149059308     -0.778557567165
    8     -7.515377124845      4.350229401417     -0.784564881986
    8     -3.755561371768     -2.164713219756     -0.801745053642
    8      0.000000000000      0.000000000000     -2.343480358560
    8     -1.882828041628      3.261469082483     -2.343480358560
    8      1.882828041634     -3.261469082478     -2.343480358560
    8      3.756912320454     -0.005031487668     -2.343480358560
    8      1.874084278819      3.256437594820     -2.343480358560
    8      5.639740362096     -3.266500570145     -2.343480358560
    8     -3.756912320454      0.005031487659     -2.343480358560
    8     -5.639740362096      3.266500570145     -2.343480358560
    8     -1.874084278825     -3.256437594815     -2.343480358560
  258     -1.879913454030      1.088833523381     -3.124640478080
  258     -3.762741495652      4.350302605869     -3.124640478080
  258      0.002914587603     -2.172635559099     -3.124640478080
  258      1.876998866425      1.083802035717     -3.124640478080
  258     -0.005829175205      4.345271118201     -3.124640478080
  258      3.759826908057     -2.177667046764     -3.124640478080
  258     -5.636825774525      1.093865011033     -3.124640478080
  258     -7.519653816113      4.355334093537     -3.124640478080
  258     -3.753997732852     -2.167604071437     -3.124640478080
    8      1.879913454030     -1.088833523381     -3.905800597599
    8     -0.002914587603      2.172635559099     -3.905800597599
    8      3.762741495652     -4.350302605869     -3.905800597599
    8      5.636825774525     -1.093865011033     -3.905800597599
    8      3.753997732856      2.167604071437     -3.905800597599
    8      7.519653816113     -4.355334093537     -3.905800597599
    8     -1.876998866425     -1.083802035717     -3.905800597599
    8     -3.759826908060      2.177667046763     -3.905800597599
    8      0.005829175204     -4.345271118201     -3.905800597599
    8     13.475001442346      7.175922029445      6.718869016943
    1     13.313079714630      7.249808152191      5.729198288928
    8     16.920831722743     -0.785432323433      5.939296348081
    1     17.047779359866      0.176772978999      5.781080870877
    1     17.684142305142     -1.140425357794      6.431143191685
    8     11.900322417889      2.409434014601      5.769333224809
    1     12.907200586357      2.233206593698      5.787964582152
    1     11.784765654141      3.373189678429      5.624402269827
    8      9.662237136914      5.745300814126      5.978466136025
    1     10.561652779274      5.409877162504      5.782640033520
    1      9.668761206116      6.704072565699      5.750705928923
    1     13.950899121022      6.311590804349      6.844747458228
    8     19.267971388763      2.050563343605      5.984984828407
    1     20.075915988459      1.582456075330      5.650381042458
    1     19.527648768077      2.975289601081      6.136729302098
    1     13.698290284455     19.754957728766      5.916030301768
    8     13.131029596492     18.929488116267      5.899675813712
    1     12.229764862518     19.245604644510      6.098821557460
    8     12.035252500146     15.300806974502      6.176163166125
    1     12.648399959587     14.763318766773      5.592635154421
    1     12.402349121632     16.200727763225      6.182164034108
    1     10.590983259834     17.784169449262      5.551271573865
    8      9.957675614697     18.446707981972      5.930369613318
    1      9.240396352272     17.944040635186      6.400209098572
    8      9.357632700774     14.643073238021      6.765247776455
    1     10.300257812318     14.919037232650      6.789944883677
    1      9.270111873830     14.372843832296      5.805079456136
    8      8.826327982487     11.629868614741      5.658403843639
    1      9.348054591939     12.115843741541      6.317537813410
    0    0
