   2   1   1 E -1.7659355424738E+04 DE-4.2E-08(  6)
  0.112707849244E+02 -0.150093717224E-01  0.000000000000E+00
 -0.564843396599E+01  0.978465093040E+01  0.000000000000E+00
  0.000000000000E+00  0.000000000000E+00  0.500000000000E+03
    1
  0.100000000000E+01  0.000000000000E+00  0.000000000000E+00
  0.000000000000E+00  0.100000000000E+01  0.000000000000E+00
  0.000000000000E+00  0.000000000000E+00  0.100000000000E+01
  0.000000000000E+00  0.000000000000E+00  0.000000000000E+00
  110
    8     -1.849098045204      1.109115317896      4.019618051908
    8     -3.745417618595      4.359816688585      4.118202478737
    8      0.050555857838     -2.234149432399      4.057259444663
    8      1.824561114376      1.039806024038      3.687819279070
    8      0.038262993539      4.466594831671      4.150949782338
    8      3.767814148229     -2.189774629292      4.030461093392
    8     -5.579154495062      1.143490189427      4.063534699823
    8     -7.525402958454      4.439668048518      4.118579149425
    8     -3.728353967435     -2.220170558251      4.118951374751
  258      1.896581152946     -1.108792224004      3.252453879209
  258      0.002571831425      2.165608557941      3.252656297576
  258      3.773810830594     -4.342456422171      3.262484367846
  258      5.641866893937     -1.090451392525      3.294452836447
  258      3.749372623991      2.165805894090      3.367465445287
  258      7.524378620698     -4.340024938723      3.193794763072
  258     -1.870869738999     -1.068660010859      3.270872673431
  258     -3.768153454632      2.190766694414      3.286806364504
  258      0.001375118144     -4.336382709461      3.243142252071
    8     -0.073467358215     -0.069228398053      2.394624950475
    8     -1.861082071031      3.301607792191      2.442310251641
    8      1.894894867080     -3.290813868684      2.404279506985
    8      3.839609460784     -0.024847257448      2.448500060281
    8      1.870705021694      3.326670150688      2.431969462504
    8      5.651645651596     -3.247419354085      2.399926855839
    8     -3.751003244349     -0.017857174915      2.455430483849
    8     -5.643750958297      3.298940025090      2.452049971920
    8     -1.862166878064     -3.230563698526      2.397104502669
    8      1.895026769823     -1.085340666913      0.870222453089
    8      0.001574742599      2.164316759337      0.870790597537
    8      3.771406553839     -4.347981558910      0.844731051486
    8      5.652979547845     -1.090789061970      0.845490552995
    8      3.750704591825      2.168767289882      0.874829237888
    8      7.526194267400     -4.342041499127      0.836083896034
    8     -1.903781058232     -1.084127152607      0.829345461346
    8     -3.757171968644      2.180261647553      0.888413898465
    8      0.004536972814     -4.343996615914      0.852998439832
  258     -0.002032465773     -0.002093980624      0.062851058459
  258     -1.879916186507      3.265456503826      0.062266499411
  258      1.889870442849     -3.262423396710      0.054554877377
  258      3.766164558438      0.004543437152      0.080677271525
  258      1.883289523029      3.250589097694      0.065906877349
  258      5.640518564650     -3.256733564820      0.046403792075
  258     -3.757226136612      0.007531549686      0.063991860577
  258     -5.643394587431      3.265592231656      0.075758046560
  258     -1.871972628994     -3.248527722297      0.043490718882
    8     -1.878795288015      1.100641299411     -0.782240094247
    8     -3.760705457010      4.345928479796     -0.779856371010
    8      0.011869665827     -2.167924804097     -0.784484921695
    8      1.879441500891      1.084844816077     -0.781014391573
    8     -0.002160156819      4.337989095148     -0.782797583201
    8      3.760374175104     -2.170919192592     -0.786021623642
    8     -5.633814275730      1.105186619082     -0.778259834365
    8     -7.515415140186      4.350482506442     -0.784567927516
    8     -3.755521121824     -2.164830816306     -0.801645401990
    8      0.000000000000      0.000000000000     -2.343480358560
    8     -1.882811321998      3.261550310139     -2.343480358560
    8      1.882811322004     -3.261550310134     -2.343480358560
    8      3.756928308114     -0.005003123913     -2.343480358560
    8      1.874116986109      3.256547186231     -2.343480358560
    8      5.639739630127     -3.266553434045     -2.343480358560
    8     -3.756928308114      0.005003123904     -2.343480358560
    8     -5.639739630127      3.266553434045     -2.343480358560
    8     -1.874116986115     -3.256547186226     -2.343480358560
  258     -1.879913210040      1.088851144681     -3.124640478080
  258     -3.762724532033      4.350401454825     -3.124640478080
  258      0.002898111963     -2.172699165455     -3.124640478080
  258      1.877015098075      1.083848020772     -3.124640478080
  258     -0.005796223925      4.345398330912     -3.124640478080
  258      3.759826420077     -2.177702289364     -3.124640478080
  258     -5.636841518195      1.093854268577     -3.124640478080
  258     -7.519652840153      4.355404578736     -3.124640478080
  258     -3.754030196152     -2.167696041549     -3.124640478080
    8      1.879913210040     -1.088851144681     -3.905800597599
    8     -0.002898111963      2.172699165455     -3.905800597599
    8      3.762724532033     -4.350401454825     -3.905800597599
    8      5.636841518195     -1.093854268577     -3.905800597599
    8      3.754030196156      2.167696041549     -3.905800597599
    8      7.519652840153     -4.355404578736     -3.905800597599
    8     -1.877015098075     -1.083848020772     -3.905800597599
    8     -3.759826420080      2.177702289363     -3.905800597599
    8      0.005796223924     -4.345398330912     -3.905800597599
    8     13.475356133238      7.176509337730      6.718769541839
    1     13.313277648501      7.250309432682      5.729071819254
    8     16.921841471211     -0.784586136347      5.938825610056
    1     17.048909305530      0.177563185651      5.779821125758
    1     17.685156337472     -1.139594645592      6.430735291738
    8     11.899375851630      2.411052245666      5.768494393330
    1     12.906257291213      2.234751112511      5.787472986649
    1     11.783815751214      3.374632937907      5.621571158692
    8      9.658348675655      5.748849052953      5.978317308111
    1     10.558647228886      5.413517351639      5.787067475725
    1      9.664533337072      6.706637439953      5.744726934169
    1     13.950925955258      6.312019628788      6.844907224878
    8     19.267935540023      2.050274108697      5.984652790818
    1     20.076104206687      1.582365839358      5.650282144869
    1     19.527159392483      2.975296319163      6.135693654141
    1     13.696759681940     19.757664264718      5.915972379955
    8     13.130885922031     18.931098651294      5.899700818646
    1     12.229069616623     19.245368388951      6.099508630740
    8     12.033737938747     15.299494975186      6.174948632061
    1     12.647865591467     14.762254407478      5.592069360252
    1     12.401697955861     16.199078185863      6.183129617341
    1     10.591777878570     17.784706496748      5.550301089722
    8      9.958687960383     18.447089153637      5.930263673595
    1      9.241470891082     17.944211059698      6.400008650451
    8      9.356649308068     14.642339190638      6.765704447784
    1     10.299447992251     14.917875542817      6.790517616471
    1      9.269250298271     14.372465309391      5.805428406559
    8      8.825320832444     11.631227677296      5.658321127513
    1      9.346805716549     12.117377580853      6.317576809443
    0    0
