   2   1   1 E -1.7659355425442E+04 DE 4.0E-08(  8)
  0.112707234713E+02 -0.150882361809E-01  0.000000000000E+00
 -0.564847195139E+01  0.978441254616E+01  0.000000000000E+00
  0.000000000000E+00  0.000000000000E+00  0.500000000000E+03
    1
  0.100000000000E+01  0.000000000000E+00  0.000000000000E+00
  0.000000000000E+00  0.100000000000E+01  0.000000000000E+00
  0.000000000000E+00  0.000000000000E+00  0.100000000000E+01
  0.000000000000E+00  0.000000000000E+00  0.000000000000E+00
  110
    8     -1.849289069571      1.109098343892      4.019910657361
    8     -3.745606460859      4.360214623026      4.118234366354
    8      0.050547815023     -2.233975793500      4.057372752170
    8      1.824624439524      1.039992139713      3.687998412540
    8      0.039144102052      4.465817357378      4.150969777779
    8      3.767836287353     -2.190048138904      4.029600195388
    8     -5.578979492858      1.143232600213      4.062998545866
    8     -7.525374782959      4.439299202190      4.118594621422
    8     -3.728315226336     -2.220475190021      4.119104640764
  258      1.896137594850     -1.108633668731      3.252096674046
  258      0.002665879276      2.165981648159      3.253051101782
  258      3.773857063844     -4.341846820765      3.262537792804
  258      5.641869246456     -1.090647182336      3.294075980440
  258      3.749615205100      2.165564093016      3.367279258420
  258      7.524753080638     -4.340243365644      3.193708938950
  258     -1.870914654515     -1.068897271751      3.271043907093
  258     -3.767871939166      2.190815218101      3.287024158825
  258      0.001746996226     -4.336396868612      3.242903101550
    8     -0.073527167214     -0.069118740048      2.394954190155
    8     -1.860992696256      3.301809297126      2.442926510418
    8      1.894642089654     -3.290740761247      2.404074022647
    8      3.839362481576     -0.025144185384      2.448450512944
    8      1.871093852528      3.326515135825      2.431234867208
    8      5.651730094565     -3.247470927902      2.399843087511
    8     -3.750538772726     -0.017963547804      2.455316092956
    8     -5.643473405144      3.298914752831      2.451940526380
    8     -1.862009965767     -3.230263252865      2.397057584029
    8      1.894867800704     -1.085158023961      0.870066783667
    8      0.001416580716      2.164343937930      0.871086495585
    8      3.771360755910     -4.347901644533      0.844876678968
    8      5.653149323873     -1.090558605772      0.845510083726
    8      3.751101826745      2.168393965082      0.874795540164
    8      7.526229906559     -4.341758009815      0.835896905895
    8     -1.903463983675     -1.084028608911      0.828907482370
    8     -3.756846226965      2.180292037453      0.888453052288
    8      0.004435754403     -4.343971105921      0.852852432281
  258     -0.001954432676     -0.002005149518      0.063005139479
  258     -1.879902380994      3.265322315167      0.062130335619
  258      1.890074673654     -3.262393597167      0.054424315998
  258      3.766244105351      0.004610189930      0.080721681708
  258      1.883264455723      3.250496810254      0.065755182082
  258      5.640522548529     -3.256763360830      0.046285741503
  258     -3.757093863435      0.007612908426      0.064119402075
  258     -5.643285211107      3.265542998075      0.075590486344
  258     -1.871783298490     -3.248398910952      0.043460371074
    8     -1.878619866555      1.100783773844     -0.782376184465
    8     -3.760631384659      4.345941366359     -0.779739081675
    8      0.012019343897     -2.167975726015     -0.784551982073
    8      1.879463160391      1.084975278720     -0.781053999753
    8     -0.002192617712      4.337900899598     -0.782821736604
    8      3.760509637200     -2.170903344076     -0.785917819655
    8     -5.633563311085      1.105157538633     -0.778584803353
    8     -7.515351118942      4.350235570698     -0.784557586310
    8     -3.755558172271     -2.164728557710     -0.801750095103
    8      0.000000000000      0.000000000000     -2.343480358560
    8     -1.882823983799      3.261470848724     -2.343480358560
    8      1.882823983805     -3.261470848719     -2.343480358560
    8      3.756907823758     -0.005029412065     -2.343480358560
    8      1.874083839952      3.256441436664     -2.343480358560
    8      5.639731807571     -3.266500260784     -2.343480358560
    8     -3.756907823758      0.005029412056     -2.343480358560
    8     -5.639731807571      3.266500260784     -2.343480358560
    8     -1.874083839958     -3.256441436659     -2.343480358560
  258     -1.879910602522      1.088833420261     -3.124640478080
  258     -3.762734586315      4.350304268990     -3.124640478080
  258      0.002913381282     -2.172637428461     -3.124640478080
  258      1.876997221237      1.083804008199     -3.124640478080
  258     -0.005826762564      4.345274856924     -3.124640478080
  258      3.759821205040     -2.177666840523     -3.124640478080
  258     -5.636818426320      1.093862832309     -3.124640478080
  258     -7.519642410079      4.355333681054     -3.124640478080
  258     -3.753994442476     -2.167608016402     -3.124640478080
    8      1.879910602522     -1.088833420261     -3.905800597599
    8     -0.002913381282      2.172637428461     -3.905800597599
    8      3.762734586315     -4.350304268990     -3.905800597599
    8      5.636818426320     -1.093862832309     -3.905800597599
    8      3.753994442480      2.167608016402     -3.905800597599
    8      7.519642410079     -4.355333681054     -3.905800597599
    8     -1.876997221237     -1.083804008199     -3.905800597599
    8     -3.759821205043      2.177666840522     -3.905800597599
    8      0.005826762563     -4.345274856924     -3.905800597599
    8     13.475181167592      7.175817045622      6.718844742459
    1     13.313187644503      7.249767127814      5.729216698798
    8     16.920848556139     -0.785051070938      5.939758930719
    1     17.047929690342      0.177088352235      5.781258643196
    1     17.684397534843     -1.140124723097      6.431168276822
    8     11.900221175766      2.409415674498      5.768926917105
    1     12.907085106932      2.233148797952      5.787748224542
    1     11.784677657970      3.373186799340      5.623991443498
    8      9.661823525751      5.745617720983      5.978319916239
    1     10.561416187836      5.410361676029      5.783157691608
    1      9.668225775663      6.704347053204      5.750202202624
    1     13.950954665764      6.311406149657      6.844659398260
    8     19.267903960289      2.050849720281      5.984755524553
    1     20.075770805720      1.582501281449      5.650299144996
    1     19.528042005671      2.975326059874      6.137265255257
    1     13.698042670036     19.754866714530      5.916092228688
    8     13.130784723222     18.929405193827      5.899665148973
    1     12.229495102458     19.245552320174      6.098604204237
    8     12.035063746533     15.300827479584      6.175919656004
    1     12.648276708985     14.763272052790      5.592522168647
    1     12.402678232944     16.200510750993      6.182548465300
    1     10.591029423441     17.784139123794      5.551195294711
    8      9.957753362012     18.446689204967      5.930313829749
    1      9.240430967909     17.944046462616      6.400088131217
    8      9.357471314053     14.643083867548      6.765241963808
    1     10.300090834439     14.919036570083      6.789928139323
    1      9.270005419546     14.372855301346      5.805078811122
    8      8.826227625869     11.629667221644      5.658417530529
    1      9.347870905627     12.115636996570      6.317615482178
    0    0
