   2   1   1 E -1.7659355409384E+04 DE-2.2E-08(  6)
  0.112705366767E+02 -0.145061197765E-01  0.000000000000E+00
 -0.564787225806E+01  0.978495257834E+01  0.000000000000E+00
  0.000000000000E+00  0.000000000000E+00  0.500000000000E+03
    1
  0.100000000000E+01  0.000000000000E+00  0.000000000000E+00
  0.000000000000E+00  0.100000000000E+01  0.000000000000E+00
  0.000000000000E+00  0.000000000000E+00  0.100000000000E+01
  0.000000000000E+00  0.000000000000E+00  0.000000000000E+00
  110
    8     -1.849973820554      1.108922627889      4.018478773350
    8     -3.743645639870      4.357761672596      4.118972044370
    8      0.049236924774     -2.233698083176      4.057364300548
    8      1.824752113302      1.040029132739      3.685797858906
    8      0.035528550852      4.469206241758      4.150529818476
    8      3.767728724135     -2.187575582835      4.031081480670
    8     -5.580347060267      1.144088444909      4.065847847029
    8     -7.525968192541      4.440423427784      4.117410542704
    8     -3.727883025425     -2.218624936834      4.117818738565
  258      1.895815999367     -1.108729757493      3.252302017286
  258      0.001822206688      2.165037833093      3.251181943418
  258      3.773379317674     -4.343583131277      3.262686160635
  258      5.640921980261     -1.089713453891      3.295441689942
  258      3.748658463042      2.166679631163      3.367258492210
  258      7.522943283500     -4.339521313889      3.193925213403
  258     -1.871530624874     -1.068834554757      3.269807871861
  258     -3.768593583277      2.190513737117      3.286754221434
  258      0.000580674260     -4.336195810327      3.243510793883
    8     -0.073685317168     -0.069320624019      2.394518530467
    8     -1.860748362094      3.301628484264      2.441147431256
    8      1.894178987441     -3.291278783101      2.405660269584
    8      3.840491711980     -0.023911033816      2.446758634007
    8      1.868618086593      3.327772962583      2.432356040437
    8      5.650562057060     -3.246674963749      2.400192351450
    8     -3.752841965459     -0.017164877780      2.454780855192
    8     -5.643351823615      3.298859001026      2.452378455151
    8     -1.863090809881     -3.230814737951      2.397033751315
    8      1.894594592533     -1.086031296786      0.870902495602
    8      0.001508840308      2.163834303635      0.869859590733
    8      3.770547119147     -4.347882014749      0.845092065130
    8      5.652576938081     -1.091538770139      0.843872080810
    8      3.749701255533      2.170329176989      0.875232784578
    8      7.525460945241     -4.341684117592      0.836265633742
    8     -1.904195756366     -1.084058075712      0.829823095360
    8     -3.757092009028      2.180573895075      0.887883889842
    8      0.003988286889     -4.344313390062      0.853495407390
  258     -0.002259518519     -0.002331949051      0.062119245931
  258     -1.880090895289      3.265429121411      0.061932149442
  258      1.889705753092     -3.262849863596      0.054579754330
  258      3.765749806707      0.004679228027      0.081089213372
  258      1.883033186259      3.250983029014      0.065832017137
  258      5.639907506457     -3.256564586440      0.046088710706
  258     -3.757986867099      0.007376086306      0.064175479980
  258     -5.643311315774      3.265867034044      0.075893931294
  258     -1.872479270913     -3.248725993658      0.043421516369
    8     -1.879023765192      1.100386984073     -0.782449249159
    8     -3.760753058397      4.346040773820     -0.780058343487
    8      0.011475075945     -2.167804448686     -0.784219219581
    8      1.879622852923      1.084612467878     -0.781030892979
    8     -0.002278142546      4.338342013438     -0.782774585392
    8      3.759298653162     -2.171053854845     -0.786217508157
    8     -5.634245700604      1.105333311534     -0.777503173718
    8     -7.515326926911      4.350723711390     -0.784841221997
    8     -3.755286651555     -2.165105231637     -0.801867977421
    8      0.000000000000      0.000000000000     -2.343480358560
    8     -1.882624086021      3.261650859453     -2.343480358560
    8      1.882624086027     -3.261650859448     -2.343480358560
    8      3.756845558889     -0.004835373264     -2.343480358560
    8      1.874221472862      3.256815486194     -2.343480358560
    8      5.639469644924     -3.266486232711     -2.343480358560
    8     -3.756845558889      0.004835373255     -2.343480358560
    8     -5.639469644924      3.266486232711     -2.343480358560
    8     -1.874221472868     -3.256815486189     -2.343480358560
  258     -1.879823214973      1.088828744236     -3.124640478080
  258     -3.762447300987      4.350479603694     -3.124640478080
  258      0.002800871053     -2.172822115213     -3.124640478080
  258      1.877022343918      1.083993370976     -3.124640478080
  258     -0.005601742105      4.345644230430     -3.124640478080
  258      3.759646429942     -2.177657488474     -3.124640478080
  258     -5.636668773903      1.093664117483     -3.124640478080
  258     -7.519292859883      4.355314976957     -3.124640478080
  258     -3.754044687837     -2.167986741956     -3.124640478080
    8      1.879823214973     -1.088828744236     -3.905800597599
    8     -0.002800871053      2.172822115213     -3.905800597599
    8      3.762447300987     -4.350479603694     -3.905800597599
    8      5.636668773903     -1.093664117483     -3.905800597599
    8      3.754044687841      2.167986741956     -3.905800597599
    8      7.519292859883     -4.355314976957     -3.905800597599
    8     -1.877022343918     -1.083993370976     -3.905800597599
    8     -3.759646429945      2.177657488473     -3.905800597599
    8      0.005601742104     -4.345644230430     -3.905800597599
    8     13.474473691485      7.176084629769      6.717465896665
    1     13.312796259977      7.251148442869      5.727836486464
    8     16.922267276458     -0.782525586966      5.937931552860
    1     17.047877181467      0.179534886125      5.775800186231
    1     17.688287209178     -1.136296431901      6.426312488719
    8     11.895949430113      2.414541584073      5.765686809268
    1     12.902923040332      2.239374982884      5.785693841015
    1     11.778385862252      3.377791756595      5.615807742795
    8      9.651244494621      5.759648630885      5.979113990487
    1     10.555156422036      5.428722785889      5.800768856023
    1      9.653022210535      6.714698453173      5.731445988846
    1     13.949443917740      6.311271137169      6.842968702620
    8     19.267329233252      2.049215728467      5.985563882020
    1     20.075537734287      1.581658310954      5.651006999185
    1     19.526174976019      2.974422991711      6.135816830129
    1     13.691477307467     19.765133672069      5.915447843560
    8     13.130760343536     18.935118717973      5.899789973171
    1     12.226663610222     19.243152943990      6.099148527697
    8     12.027670138115     15.295912212236      6.167809126992
    1     12.645394619171     14.758522912323      5.588069800192
    1     12.398951938573     16.193977457892      6.183436408163
    1     10.592062099378     17.786757028324      5.547592377949
    8      9.960793356525     18.448695780848      5.931890041299
    1      9.243624361283     17.944846133084      6.400583995122
    8      9.353469908042     14.638978869811      6.765348785579
    1     10.296757461983     14.912650581528      6.790079240307
    1      9.265962119095     14.370571427568      5.804640164666
    8      8.822961427615     11.635904469710      5.657424543615
    1      9.343283924345     12.122320910061      6.317393264841
    0    0
