   2   1   1 E -1.7659355422273E+04 DE-6.1E-08(  6)
  0.112707464534E+02 -0.149650444683E-01  0.000000000000E+00
 -0.564837614555E+01  0.978469450683E+01  0.000000000000E+00
  0.000000000000E+00  0.000000000000E+00  0.500000000000E+03
    1
  0.100000000000E+01  0.000000000000E+00  0.000000000000E+00
  0.000000000000E+00  0.100000000000E+01  0.000000000000E+00
  0.000000000000E+00  0.000000000000E+00  0.100000000000E+01
  0.000000000000E+00  0.000000000000E+00  0.000000000000E+00
  110
    8     -1.848913689752      1.109268670288      4.019448708806
    8     -3.745369889496      4.359765446788      4.118241031547
    8      0.050680143676     -2.234143477709      4.057323972532
    8      1.824474595685      1.039745228472      3.687724413771
    8      0.037736994420      4.467117436181      4.150906216073
    8      3.767844609416     -2.189715159392      4.030813025289
    8     -5.579187746277      1.143648055686      4.063828324621
    8     -7.525424880497      4.440064798050      4.118578511563
    8     -3.728386767989     -2.219785312339      4.118819432937
  258      1.896905681733     -1.108835105410      3.252640714580
  258      0.002520838703      2.165446506124      3.252407556451
  258      3.773622322355     -4.342636312219      3.262309790139
  258      5.641865075150     -1.090223954827      3.294613070724
  258      3.749098728401      2.166001410984      3.367544048878
  258      7.524141534090     -4.339730195057      3.193792872047
  258     -1.870745181428     -1.068358194307      3.270838476406
  258     -3.768279082066      2.190818029113      3.286637154067
  258      0.001101355480     -4.336218471147      3.243207682980
    8     -0.073388118546     -0.069279227636      2.394409051713
    8     -1.861194505421      3.301564656609      2.441899213687
    8      1.895017984056     -3.290713837889      2.404262579301
    8      3.839635892873     -0.024677857527      2.448543865088
    8      1.870502062325      3.326794850455      2.432344068720
    8      5.651547565468     -3.247320003186      2.399919169531
    8     -3.751171090862     -0.017767992416      2.455486532219
    8     -5.643927663537      3.299008384502      2.452087582312
    8     -1.862301160856     -3.230604200428      2.397102638516
    8      1.895102682071     -1.085446402163      0.870276077810
    8      0.001639728384      2.164336351502      0.870594078670
    8      3.771401841247     -4.347956885818      0.844590611704
    8      5.652817125468     -1.090874466252      0.845501652152
    8      3.750422184586      2.168951632161      0.874810200895
    8      7.526121829758     -4.342117945282      0.836145456262
    8     -1.903932726801     -1.084139409647      0.829568051115
    8     -3.757390213100      2.180221818513      0.888407631583
    8      0.004565360480     -4.343940930765      0.853036914024
  258     -0.002089549353     -0.002118724426      0.062735940384
  258     -1.879920769613      3.265516286525      0.062311570598
  258      1.889689543528     -3.262395476773      0.054566984748
  258      3.766080582008      0.004493965534      0.080600807234
  258      1.883260778541      3.250624887573      0.065966848138
  258      5.640483854779     -3.256645461808      0.046399431386
  258     -3.757291267891      0.007495429484      0.063897206233
  258     -5.643432120314      3.265600467315      0.075834598923
  258     -1.872094877605     -3.248510475417      0.043453648386
    8     -1.878904818760      1.100562789703     -0.782183310409
    8     -3.760734727427      4.345816668276     -0.779976696077
    8      0.011762769363     -2.167803240997     -0.784474638394
    8      1.879417715524      1.084753404825     -0.780992574528
    8     -0.002140753019      4.337995701705     -0.782832528894
    8      3.760255206110     -2.170894378428     -0.786138002305
    8     -5.633922030073      1.105176345112     -0.778053371351
    8     -7.515430382783      4.350604647298     -0.784607549211
    8     -3.755497861067     -2.164815849991     -0.801591858342
    8      0.000000000000      0.000000000000     -2.343480358560
    8     -1.882792048517      3.261564835615     -2.343480358560
    8      1.882792048523     -3.261564835610     -2.343480358560
    8      3.756915484443     -0.004988348161     -2.343480358560
    8      1.874123435919      3.256576487458     -2.343480358560
    8      5.639707532974     -3.266553183770     -2.343480358560
    8     -3.756915484443      0.004988348152     -2.343480358560
    8     -5.639707532974      3.266553183770     -2.343480358560
    8     -1.874123435925     -3.256576487453     -2.343480358560
  258     -1.879902510989      1.088851061256     -3.124640478080
  258     -3.762694559501      4.350415896876     -3.124640478080
  258      0.002889537533     -2.172713774356     -3.124640478080
  258      1.877012973455      1.083862713099     -3.124640478080
  258     -0.005779075065      4.345427548714     -3.124640478080
  258      3.759805021976     -2.177702122514     -3.124640478080
  258     -5.636817995473      1.093839409400     -3.124640478080
  258     -7.519610043950      4.355404245036     -3.124640478080
  258     -3.754025946911     -2.167725426201     -3.124640478080
    8      1.879902510989     -1.088851061256     -3.905800597599
    8     -0.002889537533      2.172713774356     -3.905800597599
    8      3.762694559501     -4.350415896876     -3.905800597599
    8      5.636817995473     -1.093839409400     -3.905800597599
    8      3.754025946915      2.167725426201     -3.905800597599
    8      7.519610043950     -4.355404245036     -3.905800597599
    8     -1.877012973455     -1.083862713099     -3.905800597599
    8     -3.759805021979      2.177702122513     -3.905800597599
    8      0.005779075064     -4.345427548714     -3.905800597599
    8     13.474893149007      7.176943410357      6.718446068586
    1     13.312937422584      7.250699230714      5.728691144555
    8     16.923362395102     -0.784850622279      5.937830498970
    1     17.049373352452      0.177517130478      5.778953256979
    1     17.686231831226     -1.138936252103      6.431126158154
    8     11.899351287525      2.411623593377      5.768243255251
    1     12.906260099452      2.235184270626      5.787271291179
    1     11.783653674927      3.375167261449      5.620455597377
    8      9.656802978170      5.749045233540      5.977109396738
    1     10.557578308916      5.414004197806      5.789313372265
    1      9.663259109099      6.706498526453      5.741668910891
    1     13.951370132555      6.312910378349      6.844088871815
    8     19.268024847069      2.050267726614      5.984662468281
    1     20.076274390034      1.582520396921      5.650235491220
    1     19.526913116519      2.975503667797      6.135066769099
    1     13.696536863013     19.758439815994      5.916239280913
    8     13.131241742785     18.931337218990      5.900465980405
    1     12.228966463575     19.245144924397      6.099253878080
    8     12.033501992193     15.299308188826      6.174663342898
    1     12.647734464150     14.761912640760      5.592003891214
    1     12.401540935919     16.198893938792      6.182787202511
    1     10.592292055132     17.785087913000      5.550180048120
    8      9.958934424761     18.447014206027      5.930686228313
    1      9.241639810209     17.943389800927      6.399586320228
    8      9.356221005314     14.642497067558      6.765925177601
    1     10.299676450776     14.915799389955      6.791113063632
    1      9.268783858174     14.372631402381      5.805610775890
    8      8.825364293256     11.631367413264      5.658405531929
    1      9.346804509585     12.117852091476      6.317504570542
    0    0
