   2   1   1 E -1.7659355390574E+04 DE-4.4E-08(  9)
  0.112703044104E+02 -0.144046579569E-01  0.000000000000E+00
 -0.564766765527E+01  0.978504804949E+01  0.000000000000E+00
  0.000000000000E+00  0.000000000000E+00  0.500000000000E+03
    1
  0.100000000000E+01  0.000000000000E+00  0.000000000000E+00
  0.000000000000E+00  0.100000000000E+01  0.000000000000E+00
  0.000000000000E+00  0.000000000000E+00  0.100000000000E+01
  0.000000000000E+00  0.000000000000E+00  0.000000000000E+00
  110
    8     -1.850800292820      1.108434536566      4.017979464919
    8     -3.742461329279      4.356671817383      4.119223385170
    8      0.048258802368     -2.233226261297      4.057327978839
    8      1.825203431964      1.040233260813      3.684561137696
    8      0.035168377342      4.469768904324      4.150552966078
    8      3.767455002366     -2.185631088145      4.030990026986
    8     -5.580942108314      1.144357266334      4.066767717887
    8     -7.526042016608      4.440238849723      4.116578941310
    8     -3.727461249698     -2.218106664966      4.117456024498
  258      1.894776429398     -1.108292897210      3.251797091415
  258      0.001617465427      2.164863500937      3.250659056092
  258      3.773715617905     -4.343901723062      3.263282010499
  258      5.640224754425     -1.089581856706      3.295735812629
  258      3.748886632085      2.166812386761      3.366899608824
  258      7.522621511518     -4.339742643757      3.194008742480
  258     -1.872256683229     -1.069355443174      3.268954198631
  258     -3.768511653847      2.190318439789      3.287010114283
  258      0.000789153306     -4.336267878290      3.243578930044
    8     -0.073923902698     -0.069131481067      2.394728131313
    8     -1.860115659581      3.301714680461      2.441213108779
    8      1.893662218883     -3.291600262427      2.406689492868
    8      3.841121185764     -0.023497964022      2.445454442921
    8      1.867759482577      3.328200805047      2.431885840411
    8      5.650165254828     -3.246284053207      2.400383652151
    8     -3.753686848487     -0.016728213707      2.454156470779
    8     -5.642560835257      3.298742417603      2.452450832808
    8     -1.863197541992     -3.230761567713      2.396906545895
    8      1.894257652473     -1.086102119303      0.871221067516
    8      0.001456399106      2.163473712929      0.869601734816
    8      3.770106777212     -4.347774064951      0.845585616838
    8      5.652615373895     -1.091842940542      0.842781197811
    8      3.749645512556      2.170987825891      0.875450092457
    8      7.525178053081     -4.341336428650      0.836269480772
    8     -1.904118565979     -1.083863719817      0.829652285732
    8     -3.756481361945      2.180991278445      0.887440921259
    8      0.003777251687     -4.344471348374      0.853690552501
  258     -0.002243373187     -0.002393667259      0.061816087569
  258     -1.880135633567      3.265362399719      0.061616003382
  258      1.890065704107     -3.263042539774      0.054582000040
  258      3.765645111554      0.004920077760      0.081451807610
  258      1.882991135816      3.251147278009      0.065621163952
  258      5.639580773666     -3.256640829452      0.045938090726
  258     -3.758195184266      0.007491872336      0.064394981265
  258     -5.643076192886      3.266113591593      0.075763516697
  258     -1.872415957778     -3.248792730192      0.043431237588
    8     -1.878880400784      1.100425271574     -0.782737035626
    8     -3.760674016437      4.346488773343     -0.779952467187
    8      0.011518448407     -2.167960037282     -0.784119676251
    8      1.879768511040      1.084650896178     -0.781180859783
    8     -0.002402123421      4.338577725255     -0.782689619551
    8      3.758882800041     -2.171152136918     -0.786108937719
    8     -5.634224395342      1.105585303965     -0.777525939459
    8     -7.515098669494      4.350736675709     -0.784981061492
    8     -3.755047187599     -2.165253341112     -0.802174995757
    8      0.000000000000      0.000000000000     -2.343480358560
    8     -1.882555885090      3.261682683169     -2.343480358560
    8      1.882555885096     -3.261682683164     -2.343480358560
    8      3.756768136795     -0.004801552657     -2.343480358560
    8      1.874212251698      3.256881130517     -2.343480358560
    8      5.639324021899     -3.266484235821     -2.343480358560
    8     -3.756768136795      0.004801552648     -2.343480358560
    8     -5.639324021899      3.266484235821     -2.343480358560
    8     -1.874212251704     -3.256881130512     -2.343480358560
  258     -1.879774673964      1.088828078606     -3.124640478080
  258     -3.762330559048      4.350510761780     -3.124640478080
  258      0.002781211131     -2.172854604560     -3.124640478080
  258      1.876993462832      1.084026525953     -3.124640478080
  258     -0.005562422260      4.345709209123     -3.124640478080
  258      3.759549347926     -2.177656157214     -3.124640478080
  258     -5.636542810801      1.093629631247     -3.124640478080
  258     -7.519098695850      4.355312314437     -3.124640478080
  258     -3.753986925666     -2.168053051909     -3.124640478080
    8      1.879774673964     -1.088828078606     -3.905800597599
    8     -0.002781211131      2.172854604560     -3.905800597599
    8      3.762330559048     -4.350510761780     -3.905800597599
    8      5.636542810801     -1.093629631247     -3.905800597599
    8      3.753986925670      2.168053051909     -3.905800597599
    8      7.519098695850     -4.355312314437     -3.905800597599
    8     -1.876993462832     -1.084026525953     -3.905800597599
    8     -3.759549347929      2.177656157213     -3.905800597599
    8      0.005562422259     -4.345709209123     -3.905800597599
    8     13.475045700692      7.176443427356      6.717866520946
    1     13.313239868581      7.251792241733      5.728570301844
    8     16.920648287809     -0.780667373678      5.939970169163
    1     17.045502774468      0.181214208417      5.775558496666
    1     17.685849415525     -1.131833044348      6.431369258339
    8     11.892473660055      2.415523017399      5.764413977428
    1     12.899452140523      2.240418132212      5.784585116241
    1     11.774642318893      3.378781319438      5.614223627419
    8      9.643578875671      5.772732377117      5.984323022586
    1     10.548027479219      5.443549782690      5.817157302064
    1      9.646597096012      6.724723775017      5.728806450780
    1     13.944308663194      6.308375958165      6.844488558256
    8     19.266650252101      2.047063351641      5.986573991678
    1     20.074846390130      1.579879039325      5.651796826609
    1     19.525914627302      2.972202035157      6.137283650523
    1     13.684790701270     19.766740359718      5.913103385606
    8     13.125386638047     18.935881027329      5.896045019354
    1     12.221553073500     19.241107980785      6.100272952220
    8     12.024135897785     15.293553001884      6.163150931763
    1     12.643879482563     14.756505495080      5.585230947172
    1     12.396472272503     16.191090893677      6.182647731527
    1     10.590962342223     17.786132701909      5.546597249455
    8      9.958142990663     18.445463188920      5.932761983625
    1      9.242968430117     17.939347059975      6.402820676229
    8      9.351576655745     14.637097236496      6.764482356590
    1     10.295050948647     14.910182984613      6.789225887538
    1      9.264270948143     14.369287189434      5.803796060415
    8      8.819669357155     11.636347064208      5.655580686594
    1      9.339908335805     12.121584712741      6.316477575862
    0    0
