   2   1   1 E -1.7659355416783E+04 DE-2.0E-07(  7)
  0.112706776464E+02 -0.149110040055E-01  0.000000000000E+00
 -0.564829476634E+01  0.978468029376E+01  0.000000000000E+00
  0.000000000000E+00  0.000000000000E+00  0.500000000000E+03
    1
  0.100000000000E+01  0.000000000000E+00  0.000000000000E+00
  0.000000000000E+00  0.100000000000E+01  0.000000000000E+00
  0.000000000000E+00  0.000000000000E+00  0.100000000000E+01
  0.000000000000E+00  0.000000000000E+00  0.000000000000E+00
  110
    8     -1.848825578042      1.109350520034      4.019295957945
    8     -3.745295639300      4.359670441139      4.118243279376
    8      0.050757162603     -2.234136870038      4.057336202753
    8      1.824475588295      1.039702482778      3.687559721701
    8      0.037346941423      4.467503859021      4.150854832707
    8      3.767801615840     -2.189585820291      4.030886659299
    8     -5.579212528671      1.143625665010      4.063815410289
    8     -7.525455772558      4.440210438995      4.118520301263
    8     -3.728356359915     -2.219537102706      4.118716409415
  258      1.897051505084     -1.108852744044      3.252659939560
  258      0.002477738355      2.165353364141      3.252210416080
  258      3.773422767072     -4.342695797801      3.262150404445
  258      5.641787320213     -1.090022176251      3.294658861680
  258      3.748943111229      2.166093268536      3.367501191548
  258      7.523941859497     -4.339568437627      3.193770916939
  258     -1.870642132852     -1.068216516221      3.270797597142
  258     -3.768352451244      2.190820447047      3.286492503384
  258      0.000947804257     -4.336147059938      3.243196288814
    8     -0.073318032832     -0.069322116654      2.394269469150
    8     -1.861253107643      3.301549622331      2.441629976682
    8      1.895013754308     -3.290655370021      2.404215809143
    8      3.839650559253     -0.024565764167      2.448426226525
    8      1.870325114493      3.326872912093      2.432495602377
    8      5.651419482737     -3.247211558155      2.399902093624
    8     -3.751283926136     -0.017715098132      2.455457746839
    8     -5.643986501014      3.299017293680      2.452057258116
    8     -1.862400302833     -3.230626978855      2.397086483301
    8      1.895113830664     -1.085528092890      0.870279370049
    8      0.001659045474      2.164326191618      0.870432404036
    8      3.771336582840     -4.347919475671      0.844485471189
    8      5.652702432072     -1.090922151168      0.845418979458
    8      3.750235229624      2.169079214063      0.874772585185
    8      7.526016667154     -4.342106148812      0.836143385280
    8     -1.903999740745     -1.084147688187      0.829654320405
    8     -3.757476359900      2.180189634391      0.888351868879
    8      0.004538189794     -4.343918717028      0.853031806756
  258     -0.002118029950     -0.002134226978      0.062618879697
  258     -1.879924860110      3.265525792024      0.062275797208
  258      1.889578113347     -3.262398459005      0.054518499491
  258      3.766012780548      0.004479059042      0.080536373923
  258      1.883220569748      3.250642702150      0.065957700333
  258      5.640412103462     -3.256574813634      0.046332352028
  258     -3.757349600986      0.007466908499      0.063826089456
  258     -5.643427483326      3.265594002139      0.075838137613
  258     -1.872171297543     -3.248505330717      0.043392222929
    8     -1.878960878137      1.100512094845     -0.782193898041
    8     -3.760735527377      4.345726290724     -0.780081058779
    8      0.011696085365     -2.167724803307     -0.784490158882
    8      1.879413102181      1.084698521217     -0.781007989534
    8     -0.002133568756      4.337990829829     -0.782880317088
    8      3.760137082469     -2.170875079580     -0.786241551208
    8     -5.633966838041      1.105156870813     -0.777955804471
    8     -7.515413621643      4.350638967718     -0.784665510581
    8     -3.755476853294     -2.164807968571     -0.801595699409
    8      0.000000000000      0.000000000000     -2.343480358560
    8     -1.882764922113      3.261560097925     -2.343480358560
    8      1.882764922119     -3.261560097919     -2.343480358560
    8      3.756892548792     -0.004970334674     -2.343480358560
    8      1.874127626672      3.256589763256     -2.343480358560
    8      5.639657470919     -3.266530432592     -2.343480358560
    8     -3.756892548792      0.004970334665     -2.343480358560
    8     -5.639657470919      3.266530432592     -2.343480358560
    8     -1.874127626678     -3.256589763251     -2.343480358560
  258     -1.879885823638      1.088843477530     -3.124640478080
  258     -3.762650745745      4.350403575460     -3.124640478080
  258      0.002879098480     -2.172716620391     -3.124640478080
  258      1.877006725156      1.083873142860     -3.124640478080
  258     -0.005758196959      4.345433240786     -3.124640478080
  258      3.759771647273     -2.177686955062     -3.124640478080
  258     -5.636778372471      1.093813812187     -3.124640478080
  258     -7.519543294543      4.355373910132     -3.124640478080
  258     -3.754013450313     -2.167746285725     -3.124640478080
    8      1.879885823638     -1.088843477530     -3.905800597599
    8     -0.002879098480      2.172716620391     -3.905800597599
    8      3.762650745745     -4.350403575460     -3.905800597599
    8      5.636778372471     -1.093813812187     -3.905800597599
    8      3.754013450317      2.167746285725     -3.905800597599
    8      7.519543294543     -4.355373910132     -3.905800597599
    8     -1.877006725156     -1.083873142860     -3.905800597599
    8     -3.759771647276      2.177686955061     -3.905800597599
    8      0.005758196958     -4.345433240786     -3.905800597599
    8     13.474869222505      7.176884837652      6.718290038562
    1     13.312844346453      7.250730241252      5.728502430365
    8     16.925550858483     -0.786995188652      5.933862903323
    1     17.049592183765      0.175927478842      5.776705952818
    1     17.687000369370     -1.139511366516      6.430418251063
    8     11.899027767671      2.412715669891      5.769013514029
    1     12.905921237049      2.236419697936      5.787568976453
    1     11.783229184413      3.376088897369      5.620282486979
    8      9.653277580708      5.749043378137      5.976311154587
    1     10.554177557956      5.412818248380      5.791664787908
    1      9.661884641151      6.706291369921      5.739688787416
    1     13.950664220438      6.312558027039      6.843965375561
    8     19.268113749379      2.050708428809      5.984418025507
    1     20.076242354394      1.582768108846      5.650107272119
    1     19.527353395945      2.975747589534      6.135230134945
    1     13.696954357430     19.759977616473      5.916276598516
    8     13.132450278654     18.932314630791      5.901005388819
    1     12.229758644728     19.245408054543      6.099072848477
    8     12.033298771621     15.299265399732      6.174166275772
    1     12.647628177208     14.761695962704      5.591731827284
    1     12.401518872699     16.198768562035      6.182504773392
    1     10.592613510024     17.785408346642      5.549869746917
    8      9.958818508568     18.446875245831      5.930415586507
    1      9.241921099620     17.942478107278      6.399001172610
    8      9.355278154350     14.641756411851      6.766101389528
    1     10.299184356538     14.913356766055      6.792135707565
    1      9.268154643591     14.372246441783      5.805668604581
    8      8.825061815258     11.632961792785      5.657959659036
    1      9.346681075213     12.119807079096      6.316644565197
    0    0
