   2   1   1 E -1.7659355414100E+04 DE-8.8E-08(  7)
  0.112705722772E+02 -0.147038689706E-01  0.000000000000E+00
 -0.564806200824E+01  0.978477656087E+01  0.000000000000E+00
  0.000000000000E+00  0.000000000000E+00  0.500000000000E+03
    1
  0.100000000000E+01  0.000000000000E+00  0.000000000000E+00
  0.000000000000E+00  0.100000000000E+01  0.000000000000E+00
  0.000000000000E+00  0.000000000000E+00  0.100000000000E+01
  0.000000000000E+00  0.000000000000E+00  0.000000000000E+00
  110
    8     -1.849150927524      1.109187759279      4.018985410002
    8     -3.744711261282      4.358779395386      4.118501249681
    8      0.050125892746     -2.234152707462      4.057281072098
    8      1.824540281452      1.039772705097      3.686986033160
    8      0.036466970879      4.468209762207      4.150603093490
    8      3.767846251191     -2.188875386731      4.031241647958
    8     -5.579671774275      1.143981940068      4.064911129889
    8     -7.525668952540      4.440390051734      4.117926362755
    8     -3.727867482510     -2.219377202483      4.118186831127
  258      1.896687891838     -1.108992406673      3.252650224783
  258      0.002187127730      2.165144861336      3.251676101216
  258      3.773271497241     -4.343229652935      3.262241126897
  258      5.641493540335     -1.089921306911      3.295067444001
  258      3.748712335628      2.166414747651      3.367448175871
  258      7.523444971834     -4.339567057826      3.193684069544
  258     -1.870856463471     -1.068521102678      3.270371241352
  258     -3.768510828119      2.190692256752      3.286502922045
  258      0.000645860533     -4.336218668866      3.243242217192
    8     -0.073399885213     -0.069437418893      2.394292934763
    8     -1.861092740376      3.301452682486      2.441173979989
    8      1.894645428292     -3.290969827737      2.404730404164
    8      3.839962301892     -0.024306158896      2.447854047957
    8      1.869583595030      3.327222885310      2.432508272609
    8      5.651066557006     -3.247066372914      2.399964698686
    8     -3.751920848352     -0.017564332156      2.455201068351
    8     -5.643807822025      3.298924731934      2.452138118761
    8     -1.862711914152     -3.230846964015      2.396965118259
    8      1.894935901520     -1.085855568375      0.870528305235
    8      0.001633604353      2.164078199109      0.870087948492
    8      3.770987148307     -4.347944421344      0.844591018326
    8      5.652579444388     -1.091251799826      0.844735961849
    8      3.749891228567      2.169608135175      0.874923943792
    8      7.525749209012     -4.342011909715      0.836123885010
    8     -1.904111839353     -1.084199346870      0.829760701959
    8     -3.757410281023      2.180243657709      0.888128115947
    8      0.004299513198     -4.344121239018      0.853163652197
  258     -0.002193618781     -0.002266319810      0.062315417114
  258     -1.879980147029      3.265442484333      0.062086783152
  258      1.889527474065     -3.262628362188      0.054469728581
  258      3.765870506704      0.004499704047      0.080696300796
  258      1.883136020065      3.250752612506      0.065871082407
  258      5.640192321385     -3.256566373306      0.046154030960
  258     -3.757637732073      0.007348748992      0.063881573215
  258     -5.643387590210      3.265643940578      0.075832123688
  258     -1.872350504276     -3.248649040835      0.043299236771
    8     -1.879026520588      1.100387099017     -0.782319628109
    8     -3.760742157952      4.345729759076     -0.780194767083
    8      0.011555877461     -2.167729209205     -0.784423683478
    8      1.879494364207      1.084601731305     -0.781026186347
    8     -0.002157271932      4.338077058573     -0.782912348819
    8      3.759722974924     -2.170958617921     -0.786325236254
    8     -5.634109651814      1.105172538498     -0.777710833842
    8     -7.515364260781      4.350656901126     -0.784816582516
    8     -3.755371858583     -2.164959235619     -0.801733421625
    8      0.000000000000      0.000000000000     -2.343480358560
    8     -1.882687336080      3.261592186960     -2.343480358560
    8      1.882687336086     -3.261592186955     -2.343480358560
    8      3.756857425715     -0.004901289662     -2.343480358560
    8      1.874170089628      3.256690897303     -2.343480358560
    8      5.639544761809     -3.266493476616     -2.343480358560
    8     -3.756857425715      0.004901289653     -2.343480358560
    8     -5.639544761809      3.266493476616     -2.343480358560
    8     -1.874170089634     -3.256690897298     -2.343480358560
  258     -1.879848253934      1.088831158871     -3.124640478080
  258     -3.762535590009      4.350423345836     -3.124640478080
  258      0.002839082151     -2.172761028085     -3.124640478080
  258      1.877009171782      1.083929869213     -3.124640478080
  258     -0.005678164301      4.345522056174     -3.124640478080
  258      3.759696507866     -2.177662317744     -3.124640478080
  258     -5.636705679690      1.093732448516     -3.124640478080
  258     -7.519393015730      4.355324635497     -3.124640478080
  258     -3.754018343565     -2.167859738430     -3.124640478080
    8      1.879848253934     -1.088831158871     -3.905800597599
    8     -0.002839082151      2.172761028085     -3.905800597599
    8      3.762535590009     -4.350423345836     -3.905800597599
    8      5.636705679690     -1.093732448516     -3.905800597599
    8      3.754018343569      2.167859738430     -3.905800597599
    8      7.519393015730     -4.355324635497     -3.905800597599
    8     -1.877009171782     -1.083929869213     -3.905800597599
    8     -3.759696507869      2.177662317743     -3.905800597599
    8      0.005678164300     -4.345522056174     -3.905800597599
    8     13.476294106738      7.175509924218      6.717343297077
    1     13.313834796700      7.249969931701      5.727659126585
    8     16.919032469469     -0.781628742620      5.939875858021
    1     17.048866613479      0.179732729242      5.777870732366
    1     17.680575552085     -1.137692366761      6.433564310328
    8     11.898064362488      2.413135319538      5.766336886069
    1     12.904905512992      2.237623389284      5.785602990398
    1     11.781542255890      3.376358608289      5.617359219885
    8      9.652634250029      5.754293939571      5.979917022989
    1     10.553498917851      5.417777958423      5.790729654049
    1      9.658514074831      6.710442332640      5.736668608384
    1     13.949910471098      6.310165008548      6.843499485914
    8     19.267918436001      2.050527382463      5.984783601346
    1     20.075971497696      1.582619544050      5.650490798473
    1     19.527087692708      2.975526944810      6.135388017735
    1     13.694242600081     19.762561609638      5.913745330946
    8     13.131311257587     18.934080911982      5.897637183789
    1     12.228477624328     19.245046727609      6.097981978919
    8     12.030570576120     15.298182919573      6.171212382962
    1     12.646355371628     14.760400131751      5.590086917196
    1     12.399824805260     16.197161114415      6.181743346566
    1     10.591720588118     17.786415504758      5.548261775650
    8      9.960343256612     18.449635343290      5.930022585812
    1      9.242854711338     17.947531310876      6.399788165953
    8      9.353868643895     14.640953503478      6.765434341213
    1     10.296903748507     14.915331659293      6.790686095202
    1      9.266813096365     14.371775666312      5.804946610783
    8      8.824357904851     11.634116945910      5.656811393286
    1      9.345222622367     12.120382817801      6.316422709981
    0    0
