   2   1   1 E -1.7659355363065E+04 DE-5.8E-08(  6)
  0.112701271425E+02 -0.143225316769E-01  0.000000000000E+00
 -0.564750742687E+01  0.978512265320E+01  0.000000000000E+00
  0.000000000000E+00  0.000000000000E+00  0.500000000000E+03
    1
  0.100000000000E+01  0.000000000000E+00  0.000000000000E+00
  0.000000000000E+00  0.100000000000E+01  0.000000000000E+00
  0.000000000000E+00  0.000000000000E+00  0.100000000000E+01
  0.000000000000E+00  0.000000000000E+00  0.000000000000E+00
  110
    8     -1.852560053814      1.107449737776      4.016987803439
    8     -3.739824068525      4.355060475743      4.120414814620
    8      0.046538202322     -2.232636895447      4.056192620673
    8      1.826027843786      1.040992922031      3.682917122722
    8      0.035701420235      4.469611453604      4.151097561207
    8      3.766180582758     -2.183042011985      4.030216637141
    8     -5.581844159504      1.143728567599      4.067701787081
    8     -7.525843402097      4.439740021822      4.115825900377
    8     -3.728320334054     -2.218205447644      4.117739543884
  258      1.892436869627     -1.107372728851      3.250594494404
  258      0.000950270879      2.165189362876      3.249981381090
  258      3.776188767131     -4.344245458711      3.265519538294
  258      5.638557271283     -1.090623180563      3.295818513880
  258      3.750152307260      2.167010477646      3.366569291899
  258      7.521718930323     -4.340513477246      3.194120057145
  258     -1.874092629259     -1.070368709089      3.267322769127
  258     -3.767892523912      2.189322285010      3.288095405998
  258      0.001611113665     -4.336303036090      3.244146004676
    8     -0.074625740019     -0.068077009995      2.394942064453
    8     -1.858415039590      3.301557486314      2.441919315240
    8      1.892863252815     -3.292278489952      2.408695192918
    8      3.842309674688     -0.022686748032      2.443552672085
    8      1.866724366801      3.328775548541      2.430592489262
    8      5.650020292046     -3.246025303108      2.400880127457
    8     -3.755454974490     -0.016274614840      2.453146805071
    8     -5.641141648866      3.298698904988      2.453097937670
    8     -1.862831705289     -3.230755571285      2.396771162293
    8      1.893751527066     -1.085510618913      0.871388515979
    8      0.001383391410      2.162992652312      0.869356268592
    8      3.769864835458     -4.347546099278      0.847124464215
    8      5.653147884403     -1.092057296185      0.841138442986
    8      3.750168285668      2.172143898413      0.875681918390
    8      7.524935533444     -4.340781758132      0.836187844184
    8     -1.904111231311     -1.083466643183      0.828737524402
    8     -3.755024259306      2.181695912021      0.886729872406
    8      0.003562002433     -4.344393942985      0.854154612446
  258     -0.002282796310     -0.002236639924      0.061343122767
  258     -1.879904683361      3.264921064556      0.061222432335
  258      1.890954412088     -3.262850168999      0.054573625351
  258      3.765730519793      0.005907772444      0.082093864741
  258      1.883274182114      3.251559836004      0.065218526789
  258      5.639755025230     -3.256788320132      0.046262322637
  258     -3.758367338877      0.007631794988      0.064716831841
  258     -5.643015010348      3.266473950241      0.075357443198
  258     -1.872236156865     -3.248974848004      0.043524307496
    8     -1.878443215133      1.100619368252     -0.783373346241
    8     -3.760546949171      4.347869695745     -0.779487129415
    8      0.011814023000     -2.168680193113     -0.784229860308
    8      1.879893232139      1.085267892295     -0.781681186805
    8     -0.002332103071      4.338917117901     -0.782285957881
    8      3.758592111148     -2.171023808626     -0.785493807063
    8     -5.634258680144      1.106260816158     -0.778235509748
    8     -7.514818451092      4.350557427519     -0.785084596110
    8     -3.754501832045     -2.165693116433     -0.802838912995
    8      0.000000000000      0.000000000000     -2.343480358560
    8     -1.882502475625      3.261707551071     -2.343480358560
    8      1.882502475631     -3.261707551066     -2.343480358560
    8      3.756709047477     -0.004774177231     -2.343480358560
    8      1.874206571845      3.256933373845     -2.343480358560
    8      5.639211523115     -3.266481728296     -2.343480358560
    8     -3.756709047477      0.004774177222     -2.343480358560
    8     -5.639211523115      3.266481728296     -2.343480358560
    8     -1.874206571851     -3.256933373840     -2.343480358560
  258     -1.879737174370      1.088827242765     -3.124640478080
  258     -3.762239649988      4.350534793840     -3.124640478080
  258      0.002765301260     -2.172880308303     -3.124640478080
  258      1.876971873108      1.084053065538     -3.124640478080
  258     -0.005530602519      4.345760616609     -3.124640478080
  258      3.759474348737     -2.177654485531     -3.124640478080
  258     -5.636446221887      1.093601419978     -3.124640478080
  258     -7.518948697471      4.355308971070     -3.124640478080
  258     -3.753943746218     -2.168106131079     -3.124640478080
    8      1.879737174370     -1.088827242765     -3.905800597599
    8     -0.002765301260      2.172880308303     -3.905800597599
    8      3.762239649988     -4.350534793840     -3.905800597599
    8      5.636446221887     -1.093601419978     -3.905800597599
    8      3.753943746222      2.168106131079     -3.905800597599
    8      7.518948697471     -4.355308971070     -3.905800597599
    8     -1.876971873108     -1.084053065538     -3.905800597599
    8     -3.759474348740      2.177654485530     -3.905800597599
    8      0.005530602518     -4.345760616609     -3.905800597599
    8     13.473160453660      7.172314068560      6.721353617070
    1     13.311882024391      7.250665305126      5.732560875405
    8     16.918835232539     -0.781636459619      5.940148082244
    1     17.042877446931      0.180174561804      5.774655474040
    1     17.684890358101     -1.131463256444      6.430974722899
    8     11.890734034025      2.415070574741      5.764962914904
    1     12.897970395814      2.241404876762      5.786322675955
    1     11.771838567093      3.378105167180      5.613620514439
    8      9.632252322932      5.781208617353      5.977538313909
    1     10.543392658397      5.456666935135      5.823533682015
    1      9.632418844325      6.735964945748      5.721388560956
    1     13.949367741643      6.307820493579      6.844091672103
    8     19.266137866847      2.044888101135      5.988072535873
    1     20.073225722957      1.575952233765      5.652945942753
    1     19.526326258125      2.970095526967      6.134909021762
    1     13.680951296988     19.768208825125      5.915925202567
    8     13.123506067118     18.936179311779      5.896360826950
    1     12.218029634035     19.238417247166      6.099076099437
    8     12.020428743924     15.291624615661      6.158409169978
    1     12.642492771502     14.753002436756      5.582940659537
    1     12.394556900281     16.188311539010      6.180547579384
    1     10.590574345122     17.785822133888      5.544257491481
    8      9.961238175277     18.447722003259      5.932869330562
    1      9.246695907211     17.943765503771      6.403174637084
    8      9.349664719800     14.635234830756      6.764984962231
    1     10.292580800955     14.909938652071      6.789337558705
    1      9.262681261136     14.367941571830      5.803872408300
    8      8.818326164547     11.637165950924      5.656137921365
    1      9.338576734450     12.122193191950      6.317173107351
    0    0
