   2   1   1 E -1.7659355396614E+04 DE-2.1E-08(  6)
  0.112703301378E+02 -0.144123990116E-01  0.000000000000E+00
 -0.564768732269E+01  0.978500562390E+01  0.000000000000E+00
  0.000000000000E+00  0.000000000000E+00  0.500000000000E+03
    1
  0.100000000000E+01  0.000000000000E+00  0.000000000000E+00
  0.000000000000E+00  0.100000000000E+01  0.000000000000E+00
  0.000000000000E+00  0.000000000000E+00  0.100000000000E+01
  0.000000000000E+00  0.000000000000E+00  0.000000000000E+00
  110
    8     -1.850523246081      1.108591433884      4.018138457466
    8     -3.742975279624      4.356955903127      4.119112117580
    8      0.048533614306     -2.233376247799      4.057397404121
    8      1.824954608608      1.040126545853      3.684866506447
    8      0.035056276981      4.469693727307      4.150409244707
    8      3.767526746163     -2.186188522573      4.030999706006
    8     -5.580799938969      1.144307043704      4.066469093600
    8     -7.526117160201      4.440319144649      4.116800199473
    8     -3.727444289922     -2.218206044302      4.117484472896
  258      1.895143758171     -1.108461280776      3.251968968719
  258      0.001664912296      2.164864604041      3.250781331674
  258      3.773367085759     -4.343784429650      3.262968438201
  258      5.640437597339     -1.089474215811      3.295655748546
  258      3.748604109563      2.166764518682      3.366968619269
  258      7.522648671612     -4.339610986535      3.193952016497
  258     -1.871957311652     -1.069167903144      3.269256583011
  258     -3.768623566262      2.190410758001      3.286839115822
  258      0.000587851957     -4.336246489187      3.243513253276
    8     -0.073858016090     -0.069289011587      2.394629316342
    8     -1.860442013357      3.301717560385      2.441121275501
    8      1.893805402545     -3.291470451430      2.406305539114
    8      3.840805152773     -0.023647777389      2.445854493082
    8      1.867947597901      3.328063405937      2.432088494452
    8      5.650169419609     -3.246359896668      2.400289373380
    8     -3.753380452296     -0.016877870741      2.454363116030
    8     -5.642890180474      3.298742263427      2.452379042008
    8     -1.863269007989     -3.230778723968      2.396921118416
    8      1.894326858124     -1.086160409702      0.871133941034
    8      0.001437277137      2.163591214359      0.869652300915
    8      3.770173590785     -4.347807202402      0.845356469834
    8      5.652497155617     -1.091760292731      0.843142821643
    8      3.749542447952      2.170758444000      0.875378172912
    8      7.525184977764     -4.341442287481      0.836270135842
    8     -1.904167081384     -1.083952022985      0.829784304909
    8     -3.756766731065      2.180821959639      0.887604072078
    8      0.003803017035     -4.344455162642      0.853616330052
  258     -0.002270642505     -0.002402855885      0.061910562698
  258     -1.880159715105      3.265413604631      0.061724652668
  258      1.889867935691     -3.263025307128      0.054592949875
  258      3.765610379788      0.004772734370      0.081311125290
  258      1.882933406062      3.251075765439      0.065701831032
  258      5.639579472693     -3.256590588886      0.045932465089
  258     -3.758159171727      0.007436759995      0.064318186083
  258     -5.643129554612      3.266016154048      0.075839762547
  258     -1.872477858142     -3.248763040376      0.043417311502
    8     -1.878967327149      1.100386538512     -0.782615448441
    8     -3.760699628799      4.346241039486     -0.780014719371
    8      0.011454991703     -2.167848942429     -0.784122903953
    8      1.879705299006      1.084575139495     -0.781101408466
    8     -0.002397714086      4.338494078701     -0.782746809991
    8      3.758948107481     -2.171140223397     -0.786195196496
    8     -5.634228173952      1.105454944398     -0.777432426254
    8     -7.515161803519      4.350741347270     -0.784944824000
    8     -3.755155795789     -2.165181487314     -0.802046164317
    8      0.000000000000      0.000000000000     -2.343480358560
    8     -1.882562440896      3.261668541306     -2.343480358560
    8      1.882562440903     -3.261668541301     -2.343480358560
    8      3.756776712599     -0.004804133009     -2.343480358560
    8      1.874214271696      3.256864408302     -2.343480358560
    8      5.639339153510     -3.266472674309     -2.343480358560
    8     -3.756776712599      0.004804133000     -2.343480358560
    8     -5.639339153510      3.266472674309     -2.343480358560
    8     -1.874214271702     -3.256864408297     -2.343480358560
  258     -1.879779717835      1.088824224769     -3.124640478080
  258     -3.762342158725      4.350492766080     -3.124640478080
  258      0.002782723067     -2.172844316534     -3.124640478080
  258      1.876996994766      1.084020091764     -3.124640478080
  258     -0.005565446133      4.345688633071     -3.124640478080
  258      3.759559435666     -2.177648449540     -3.124640478080
  258     -5.636556430475      1.093628357761     -3.124640478080
  258     -7.519118871330      4.355296899088     -3.124640478080
  258     -3.753993989533     -2.168040183532     -3.124640478080
    8      1.879779717835     -1.088824224769     -3.905800597599
    8     -0.002782723067      2.172844316534     -3.905800597599
    8      3.762342158725     -4.350492766080     -3.905800597599
    8      5.636556430475     -1.093628357761     -3.905800597599
    8      3.753993989537      2.168040183532     -3.905800597599
    8      7.519118871330     -4.355296899088     -3.905800597599
    8     -1.876996994766     -1.084020091764     -3.905800597599
    8     -3.759559435669      2.177648449539     -3.905800597599
    8      0.005565446132     -4.345688633071     -3.905800597599
    8     13.475932657520      7.176080930096      6.717318415968
    1     13.313751152579      7.251449249633      5.727921341196
    8     16.922007431919     -0.781808599004      5.938459553833
    1     17.045971054478      0.180379562753      5.775182341964
    1     17.685234894288     -1.131914204555      6.433735492561
    8     11.893164109252      2.415244333428      5.764537612780
    1     12.900120844527      2.240137481538      5.785575694250
    1     11.775438384226      3.378559328507      5.614444531943
    8      9.649850410524      5.769472632746      5.982983307941
    1     10.554725514581      5.442643539623      5.810332800658
    1      9.648898223132      6.722077502122      5.729599860454
    1     13.950455578520      6.310788569900      6.842966020040
    8     19.266483923521      2.047555428231      5.986105675597
    1     20.074876139077      1.580541730268      5.651454609578
    1     19.525620766701      2.972543848277      6.137771302194
    1     13.687045382223     19.766268865220      5.915871657567
    8     13.127504964332     18.935452389050      5.899435081480
    1     12.222540208851     19.241711165356      6.097254087781
    8     12.023988686683     15.292991328466      6.164640625686
    1     12.643838943865     14.756863942378      5.586063491190
    1     12.394928972630     16.191138849698      6.183464119646
    1     10.591028260257     17.786269604071      5.546858141436
    8      9.957686715233     18.445451510649      5.932314323308
    1      9.241232894852     17.938810733899      6.399909155805
    8      9.351662346207     14.637841259218      6.764632796246
    1     10.294208745054     14.914161442849      6.788763871310
    1      9.264430177799     14.369799785535      5.803948451593
    8      8.820567351320     11.636476919627      5.658497732898
    1      9.340098790805     12.122414294395      6.319436116620
    0    0
