   2   1   1 E -1.7659355418439E+04 DE-2.6E-07(  4)
  0.112707008796E+02 -0.149276435759E-01  0.000000000000E+00
 -0.564832084208E+01  0.978469032754E+01  0.000000000000E+00
  0.000000000000E+00  0.000000000000E+00  0.500000000000E+03
    1
  0.100000000000E+01  0.000000000000E+00  0.000000000000E+00
  0.000000000000E+00  0.100000000000E+01  0.000000000000E+00
  0.000000000000E+00  0.000000000000E+00  0.100000000000E+01
  0.000000000000E+00  0.000000000000E+00  0.000000000000E+00
  110
    8     -1.848856989857      1.109342798320      4.019321513051
    8     -3.745313803672      4.359715489076      4.118244090618
    8      0.050765321299     -2.234130164880      4.057346957762
    8      1.824468212083      1.039711837133      3.687566737423
    8      0.037434937938      4.467425402474      4.150869920099
    8      3.767804263369     -2.189610452077      4.030838105470
    8     -5.579241054480      1.143627281337      4.063789178528
    8     -7.525441519327      4.440160416401      4.118555018109
    8     -3.728428007359     -2.219550969950      4.118759167075
  258      1.897019542570     -1.108835918545      3.252640888360
  258      0.002483268349      2.165375888143      3.252252361043
  258      3.773473914738     -4.342668353832      3.262188367799
  258      5.641789350543     -1.090054405882      3.294641890103
  258      3.748968702745      2.166063204078      3.367502699084
  258      7.523987273637     -4.339596117412      3.193797688875
  258     -1.870678256369     -1.068226520126      3.270818913484
  258     -3.768344762142      2.190824101673      3.286527190770
  258      0.000987529292     -4.336162410314      3.243204822203
    8     -0.073339697519     -0.069305804881      2.394296933188
    8     -1.861247814240      3.301565999639      2.441701192598
    8      1.895023482553     -3.290660471963      2.404223570082
    8      3.839641377870     -0.024586964728      2.448441127395
    8      1.870363868034      3.326857284826      2.432466032684
    8      5.651443455442     -3.247228661478      2.399912322427
    8     -3.751271628354     -0.017716115585      2.455471852049
    8     -5.643983966003      3.299019253978      2.452067754673
    8     -1.862382999047     -3.230611790003      2.397106471535
    8      1.895109416892     -1.085503320039      0.870275510219
    8      0.001648832323      2.164336108843      0.870471446077
    8      3.771355997222     -4.347925608809      0.844516190873
    8      5.652726871342     -1.090905530786      0.845448238372
    8      3.750277605476      2.169050469599      0.874781783503
    8      7.526042622072     -4.342107652329      0.836154012477
    8     -1.903991734197     -1.084138502674      0.829639911355
    8     -3.757463823866      2.180204220720      0.888369200884
    8      0.004545832060     -4.343920645804      0.853038638514
  258     -0.002114625895     -0.002126949470      0.062651934517
  258     -1.879928692330      3.265531039136      0.062291155321
  258      1.889604444155     -3.262393607047      0.054535910226
  258      3.766027103805      0.004484761150      0.080551114321
  258      1.883227229059      3.250641989176      0.065965496220
  258      5.640429606037     -3.256589008411      0.046355838703
  258     -3.757340156087      0.007480152028      0.063846925900
  258     -5.643434997282      3.265601329006      0.075842736908
  258     -1.872155692235     -3.248501664715      0.043416068253
    8     -1.878951727457      1.100528512590     -0.782185922542
    8     -3.760740066746      4.345754598036     -0.780050237013
    8      0.011710901478     -2.167741869743     -0.784483055955
    8      1.879411628907      1.084713185653     -0.781003953485
    8     -0.002139533269      4.337997939306     -0.782863842059
    8      3.760168203752     -2.170878360976     -0.786214613629
    8     -5.633962132941      1.105166093535     -0.777977717444
    8     -7.515425005068      4.350638535047     -0.784645390368
    8     -3.755488146064     -2.164805779375     -0.801587711959
    8      0.000000000000      0.000000000000     -2.343480358560
    8     -1.882773614029      3.261563442518     -2.343480358560
    8      1.882773614035     -3.261563442513     -2.343480358560
    8      3.756900293199     -0.004975881197     -2.343480358560
    8      1.874126679163      3.256587561326     -2.343480358560
    8      5.639673907242     -3.266539323709     -2.343480358560
    8     -3.756900293199      0.004975881188     -2.343480358560
    8     -5.639673907242      3.266539323709     -2.343480358560
    8     -1.874126679169     -3.256587561321     -2.343480358560
  258     -1.879891302412      1.088846441236     -3.124640478080
  258     -3.762664916435      4.350409883759     -3.124640478080
  258      0.002882311622     -2.172717001279     -3.124640478080
  258      1.877008990788      1.083870560043     -3.124640478080
  258     -0.005764623243      4.345434002562     -3.124640478080
  258      3.759782604821     -2.177692882473     -3.124640478080
  258     -5.636791595652      1.093822322416     -3.124640478080
  258     -7.519565209640      4.355385764955     -3.124640478080
  258     -3.754017981578     -2.167741120089     -3.124640478080
    8      1.879891302412     -1.088846441236     -3.905800597599
    8     -0.002882311622      2.172717001279     -3.905800597599
    8      3.762664916435     -4.350409883759     -3.905800597599
    8      5.636791595652     -1.093822322416     -3.905800597599
    8      3.754017981582      2.167741120089     -3.905800597599
    8      7.519565209640     -4.355385764955     -3.905800597599
    8     -1.877008990788     -1.083870560043     -3.905800597599
    8     -3.759782604824      2.177692882472     -3.905800597599
    8      0.005764623242     -4.345434002562     -3.905800597599
    8     13.474392273157      7.177233607272      6.718450410227
    1     13.312560306634      7.250931563383      5.728637071351
    8     16.924168922293     -0.786588014880      5.934508189959
    1     17.049386905952      0.176139363273      5.777063136742
    1     17.685517352991     -1.140013447233      6.430602934145
    8     11.899273766725      2.412443143137      5.768810128115
    1     12.906206817652      2.236205033168      5.787487609553
    1     11.783352449272      3.375863913790      5.620339627669
    8      9.654257821863      5.748742590167      5.975840737541
    1     10.555365197066      5.413343720314      5.791351964616
    1      9.662181343375      6.706102142556      5.739868196493
    1     13.949972253123      6.312774866274      6.844286917701
    8     19.268106455505      2.050607481330      5.984469206161
    1     20.076260714452      1.582698382416      5.650123815371
    1     19.527337654130      2.975652306423      6.135368976381
    1     13.697280906745     19.759765488516      5.916461549821
    8     13.132643546184     18.932168713275      5.901212952474
    1     12.230063926499     19.245290245626      6.099791204374
    8     12.033352639280     15.299373873308      6.174235844254
    1     12.647624010068     14.761771712988      5.591790941200
    1     12.402176727347     16.198606220173      6.183391921837
    1     10.592769295444     17.785307681397      5.550048767224
    8      9.959111176646     18.446831147386      5.930703669722
    1      9.242082647471     17.942474864798      6.399199074946
    8      9.355849769788     14.641757519077      6.766110486584
    1     10.299273703073     14.915113207524      6.791446493124
    1      9.268502801736     14.372214672678      5.805700440978
    8      8.825388319653     11.632814629740      5.658062400718
    1      9.346931326063     12.119683009997      6.316802954873
    0    0
