   2   1   1 E -1.7659355405116E+04 DE-9.3E-09(  9)
  0.112704632207E+02 -0.144422162732E-01  0.000000000000E+00
 -0.564777992172E+01  0.978498823156E+01  0.000000000000E+00
  0.000000000000E+00  0.000000000000E+00  0.500000000000E+03
    1
  0.100000000000E+01  0.000000000000E+00  0.000000000000E+00
  0.000000000000E+00  0.100000000000E+01  0.000000000000E+00
  0.000000000000E+00  0.000000000000E+00  0.100000000000E+01
  0.000000000000E+00  0.000000000000E+00  0.000000000000E+00
  110
    8     -1.850285548723      1.108757585898      4.018274079060
    8     -3.743231912834      4.357317871334      4.119118710724
    8      0.048873990459     -2.233479674778      4.057368265393
    8      1.824840536733      1.040105201425      3.685263095433
    8      0.035181886522      4.469555982927      4.150434886516
    8      3.767641491737     -2.186900008635      4.031011001444
    8     -5.580641753396      1.144143286001      4.066143822695
    8     -7.526141841339      4.440486077149      4.117107935714
    8     -3.727633901600     -2.218453995172      4.117615582919
  258      1.895468170385     -1.108581481444      3.252125871721
  258      0.001712865342      2.164962482622      3.250955865890
  258      3.773387839197     -4.343689647130      3.262838621792
  258      5.640689805401     -1.089579452059      3.295580449612
  258      3.748602834601      2.166766645818      3.367116482261
  258      7.522755848037     -4.339536870468      3.193916898912
  258     -1.871750675102     -1.069001373556      3.269525003261
  258     -3.768619172060      2.190436178637      3.286820819307
  258      0.000563176270     -4.336169437773      3.243559432615
    8     -0.073785581993     -0.069292726155      2.394576565128
    8     -1.860599783122      3.301692541655      2.441132808584
    8      1.893999144157     -3.291374028445      2.406021616115
    8      3.840670239001     -0.023763546563      2.446287576712
    8      1.868231099301      3.327957193329      2.432220507809
    8      5.650344560039     -3.246486984333      2.400243415397
    8     -3.753153189994     -0.017019410796      2.454577762152
    8     -5.643134866215      3.298817980259      2.452424002844
    8     -1.863212021501     -3.230785216187      2.396979482737
    8      1.894454373958     -1.086102250389      0.871040349700
    8      0.001460145498      2.163718424261      0.869746881806
    8      3.770354185189     -4.347839574810      0.845260196754
    8      5.652547219357     -1.091652758018      0.843505929644
    8      3.749609447702      2.170586751292      0.875323944431
    8      7.525319170546     -4.341543428057      0.836276272609
    8     -1.904196353798     -1.083999516715      0.829825938386
    8     -3.756939758499      2.180703635056      0.887763616566
    8      0.003881223801     -4.344381519055      0.853589802428
  258     -0.002272636523     -0.002364218201      0.062021636798
  258     -1.880132599421      3.265424238723      0.061845203466
  258      1.889785437499     -3.262939610893      0.054609933312
  258      3.765682199888      0.004734252849      0.081226500683
  258      1.882976508774      3.251048196744      0.065781142807
  258      5.639748322487     -3.256562065707      0.046021303768
  258     -3.758099813668      0.007398861620      0.064272989621
  258     -5.643236075233      3.265952177110      0.075896262846
  258     -1.872499725081     -3.248741032788      0.043437552342
    8     -1.879007757711      1.100384721134     -0.782519051023
    8     -3.760735484455      4.346143733916     -0.780017313738
    8      0.011454482974     -2.167818615854     -0.784148990339
    8      1.879670415329      1.084596131989     -0.781050329316
    8     -0.002340330955      4.338432306875     -0.782747557804
    8      3.759113331888     -2.171094968451     -0.786193312947
    8     -5.634260453639      1.105394109391     -0.777431715107
    8     -7.515266733383      4.350741755145     -0.784878687818
    8     -3.755234059134     -2.165144837067     -0.801945044461
    8      0.000000000000      0.000000000000     -2.343480358560
    8     -1.882593307241      3.261662743858     -2.343480358560
    8      1.882593307247     -3.261662743853     -2.343480358560
    8      3.756821073553     -0.004814072096     -2.343480358560
    8      1.874227766305      3.256848671767     -2.343480358560
    8      5.639414380808     -3.266476815948     -2.343480358560
    8     -3.756821073553      0.004814072087     -2.343480358560
    8     -5.639414380808      3.266476815948     -2.343480358560
    8     -1.874227766311     -3.256848671762     -2.343480358560
  258     -1.879804793601      1.088825605315     -3.124640478080
  258     -3.762398100836      4.350488349178     -3.124640478080
  258      0.002788513645     -2.172837138540     -3.124640478080
  258      1.877016279953      1.084011533223     -3.124640478080
  258     -0.005577027290      4.345674277082     -3.124640478080
  258      3.759609587198     -2.177651210633     -3.124640478080
  258     -5.636625867195      1.093639677395     -3.124640478080
  258     -7.519219174395      4.355302421274     -3.124640478080
  258     -3.754032559909     -2.168023066450     -3.124640478080
    8      1.879804793601     -1.088825605315     -3.905800597599
    8     -0.002788513645      2.172837138540     -3.905800597599
    8      3.762398100836     -4.350488349178     -3.905800597599
    8      5.636625867195     -1.093639677395     -3.905800597599
    8      3.754032559913      2.168023066450     -3.905800597599
    8      7.519219174395     -4.355302421274     -3.905800597599
    8     -1.877016279953     -1.084011533223     -3.905800597599
    8     -3.759609587201      2.177651210632     -3.905800597599
    8      0.005577027289     -4.345674277082     -3.905800597599
    8     13.476020039142      7.174228189034      6.716974444564
    1     13.313789575144      7.250440478990      5.727567484356
    8     16.920739543599     -0.783089115435      5.936506727319
    1     17.046618507894      0.179041565981      5.774559501925
    1     17.683833397945     -1.135798852910      6.430188480729
    8     11.894041354018      2.415116449191      5.765639091711
    1     12.900931932521      2.239419671513      5.786210111606
    1     11.776784198132      3.378436687157      5.615237605110
    8      9.649982359608      5.763574231096      5.980044518995
    1     10.554445183942      5.434285936307      5.804731112945
    1      9.650584897335      6.717667181840      5.729860894399
    1     13.951456934235      6.309391837683      6.841071990464
    8     19.266938646568      2.048566252899      5.985771785875
    1     20.075208643073      1.581148734922      5.651184753010
    1     19.525985948667      2.973644909306      6.136711906938
    1     13.687819386754     19.764768776249      5.915570161663
    8     13.127579884484     18.934418705385      5.899125762711
    1     12.223810133613     19.240892141166      6.102331921566
    8     12.026151010272     15.294284210573      6.166452373353
    1     12.644923288443     14.757584541534      5.587172454626
    1     12.396748253916     16.192644280730      6.182965235558
    1     10.591736247612     17.786669526098      5.547184019071
    8      9.959367619620     18.447153776298      5.932142617149
    1      9.242716598875     17.941667703065      6.400184983192
    8      9.351632609208     14.639079344878      6.765102954029
    1     10.294734598552     14.913418027254      6.790027565051
    1      9.264616847159     14.370688560311      5.804363104107
    8      8.821031680476     11.635068513104      5.658701358612
    1      9.341080490136     12.120771092262      6.319423429540
    0    0
