   2   1   1 E -1.7659355378851E+04 DE-3.5E-08(  7)
  0.112702856650E+02 -0.143332752215E-01  0.000000000000E+00
 -0.564759621422E+01  0.978510438460E+01  0.000000000000E+00
  0.000000000000E+00  0.000000000000E+00  0.500000000000E+03
    1
  0.100000000000E+01  0.000000000000E+00  0.000000000000E+00
  0.000000000000E+00  0.100000000000E+01  0.000000000000E+00
  0.000000000000E+00  0.000000000000E+00  0.100000000000E+01
  0.000000000000E+00  0.000000000000E+00  0.000000000000E+00
  110
    8     -1.851812054487      1.107937471622      4.017436901438
    8     -3.740993338218      4.355690431810      4.119821136330
    8      0.047358327451     -2.232738238100      4.056821181035
    8      1.825733481359      1.040703493290      3.683627004968
    8      0.035392017113      4.469765040471      4.151021848671
    8      3.766954606493     -2.184194227829      4.030764795782
    8     -5.581503971545      1.144035986308      4.067353200162
    8     -7.526049155152      4.440084362476      4.116155607585
    8     -3.727952087585     -2.218176749217      4.117555046945
  258      1.893481081234     -1.107743770345      3.251197497438
  258      0.001247642571      2.165013043072      3.250305186752
  258      3.774988659462     -4.344166572188      3.264496908151
  258      5.639372126241     -1.090106526551      3.295870361647
  258      3.749656702983      2.166990733897      3.366755884855
  258      7.522201074479     -4.340142881356      3.194110940499
  258     -1.873297321363     -1.069912274373      3.268070555503
  258     -3.768222354998      2.189801263872      3.287632533835
  258      0.001261853849     -4.336242471553      3.243950751107
    8     -0.074292810075     -0.068515563910      2.394923029172
    8     -1.859189965099      3.301631645098      2.441615621103
    8      1.893185765767     -3.291984773974      2.407870616708
    8      3.841907340284     -0.023019543457      2.444370320152
    8      1.867144694148      3.328582971180      2.431199979434
    8      5.650095687763     -3.246095495269      2.400690395497
    8     -3.754738810241     -0.016422741146      2.453596613524
    8     -5.641769029456      3.298733368746      2.452834061959
    8     -1.863033072631     -3.230721419572      2.396876374571
    8      1.893989216029     -1.085784785705      0.871382498014
    8      0.001420811663      2.163191773631      0.869482294669
    8      3.769938960018     -4.347645241180      0.846441589979
    8      5.652956900326     -1.091979363628      0.841838359019
    8      3.749964655695      2.171690045512      0.875630123349
    8      7.525081216510     -4.340990546767      0.836254428025
    8     -1.904102897212     -1.083614357034      0.829181073264
    8     -3.755676745185      2.181423171944      0.887031641456
    8      0.003628610023     -4.344433924157      0.853978406048
  258     -0.002249746312     -0.002306207532      0.061567104423
  258     -1.880045936889      3.265129694909      0.061381806202
  258      1.890589040685     -3.262963708247      0.054590023947
  258      3.765726261943      0.005480900311      0.081864334198
  258      1.883163322456      3.251396437028      0.065407413144
  258      5.639669472001     -3.256730668641      0.046102930971
  258     -3.758331953621      0.007596108379      0.064620384770
  258     -5.643060054097      3.266340322096      0.075556760532
  258     -1.872322223924     -3.248890983049      0.043511065067
    8     -1.878647367867      1.100542204530     -0.783086208152
    8     -3.760629152433      4.347273348440     -0.779684401063
    8      0.011679969264     -2.168354091438     -0.784146027770
    8      1.879876231249      1.084990811895     -0.781440596005
    8     -0.002377481959      4.338796215894     -0.782455353668
    8      3.758723667785     -2.171094958473     -0.785757147966
    8     -5.634281738040      1.105966965635     -0.777887501525
    8     -7.514981791262      4.350644878377     -0.785029655833
    8     -3.754771578899     -2.165505416176     -0.802542295347
    8      0.000000000000      0.000000000000     -2.343480358560
    8     -1.882532071407      3.261701461537     -2.343480358560
    8      1.882532071413     -3.261701461532     -2.343480358560
    8      3.756761888317     -0.004777758412     -2.343480358560
    8      1.874229816903      3.256923703130     -2.343480358560
    8      5.639293959738     -3.266479219943     -2.343480358560
    8     -3.756761888317      0.004777758403     -2.343480358560
    8     -5.639293959738      3.266479219943     -2.343480358560
    8     -1.874229816909     -3.256923703125     -2.343480358560
  258     -1.879764653244      1.088826406647     -3.124640478080
  258     -3.762296724646      4.350527868189     -3.124640478080
  258      0.002767418168     -2.172875054887     -3.124640478080
  258      1.876997235074      1.084048648239     -3.124640478080
  258     -0.005534836335      4.345750109777     -3.124640478080
  258      3.759529306485     -2.177652813296     -3.124640478080
  258     -5.636526541602      1.093604165042     -3.124640478080
  258     -7.519058612969      4.355305626601     -3.124640478080
  258     -3.753994470150     -2.168097296482     -3.124640478080
    8      1.879764653244     -1.088826406647     -3.905800597599
    8     -0.002767418168      2.172875054887     -3.905800597599
    8      3.762296724646     -4.350527868189     -3.905800597599
    8      5.636526541602     -1.093604165042     -3.905800597599
    8      3.753994470154      2.168097296482     -3.905800597599
    8      7.519058612969     -4.355305626601     -3.905800597599
    8     -1.876997235074     -1.084048648239     -3.905800597599
    8     -3.759529306488      2.177652813295     -3.905800597599
    8      0.005534836334     -4.345750109777     -3.905800597599
    8     13.473163473771      7.172116848351      6.719238991635
    1     13.312083643746      7.250234880128      5.730393066404
    8     16.919267913311     -0.781569108480      5.939015300715
    1     17.043970443206      0.180319363222      5.774457081975
    1     17.685112003059     -1.132493836015      6.429470440962
    8     11.891076788761      2.415631800234      5.765070722017
    1     12.898175174080      2.240791916226      5.784635602471
    1     11.772956636138      3.378757130080      5.614063460533
    8      9.636628780529      5.777300048132      5.981178583087
    1     10.544576153354      5.451320065629      5.825262534206
    1      9.639308732304      6.730271485716      5.724792274471
    1     13.951661355491      6.308752886872      6.841874673059
    8     19.266487153692      2.045551141355      5.987751420353
    1     20.074316487907      1.577969628552      5.652598129346
    1     19.525434761039      2.971200524503      6.135521288690
    1     13.682055028658     19.767231464969      5.913543464189
    8     13.123899260732     18.935597689086      5.896224933275
    1     12.219223789617     19.239522459515      6.098924825830
    8     12.022693245148     15.292292631253      6.160410901400
    1     12.643617856536     14.754507336467      5.583781984842
    1     12.395974106082     16.189391084442      6.181223236199
    1     10.591576087806     17.786576954251      5.545562924729
    8      9.963609080882     18.449676662913      5.933819853962
    1      9.243994642343     17.947839164024      6.400276646353
    8      9.349319631287     14.636366976947      6.764806649358
    1     10.292145032306     14.911570802107      6.789560923484
    1      9.262715918298     14.368861356192      5.803876319059
    8      8.818192004726     11.636152739254      5.652906475350
    1      9.339439707247     12.121490771939      6.312956924812
    0    0
