   2   1   1 E -1.7659355372824E+04 DE-9.9E-08(  7)
  0.112701965300E+02 -0.143206168134E-01  0.000000000000E+00
 -0.564754053733E+01  0.978512059033E+01  0.000000000000E+00
  0.000000000000E+00  0.000000000000E+00  0.500000000000E+03
    1
  0.100000000000E+01  0.000000000000E+00  0.000000000000E+00
  0.000000000000E+00  0.100000000000E+01  0.000000000000E+00
  0.000000000000E+00  0.000000000000E+00  0.100000000000E+01
  0.000000000000E+00  0.000000000000E+00  0.000000000000E+00
  110
    8     -1.852314896806      1.107637021710      4.017112605177
    8     -3.740211032219      4.355242190121      4.120215593888
    8      0.046794661621     -2.232669947898      4.056411886776
    8      1.825932814551      1.040907475495      3.683130033646
    8      0.035626795588      4.469656155900      4.151094655830
    8      3.766528304719     -2.183420236184      4.030462463777
    8     -5.581720920693      1.143824780387      4.067562746334
    8     -7.525890096044      4.439910877913      4.115919309928
    8     -3.728145175623     -2.218155515050      4.117639255093
  258      1.892788755515     -1.107489548019      3.250816954928
  258      0.001055984985      2.165134421684      3.250080226756
  258      3.775813880497     -4.344231205632      3.265198918776
  258      5.638866672354     -1.090429405621      3.295834076964
  258      3.750010825708      2.167020090433      3.366617853734
  258      7.521920083643     -4.340374454877      3.194112695784
  258     -1.873824050122     -1.070202758472      3.267545396265
  258     -3.768000194136      2.189486859031      3.287926146819
  258      0.001506363428     -4.336278577247      3.244077554899
    8     -0.074508478296     -0.068214226724      2.394937752730
    8     -1.858663239802      3.301587992975      2.441818343632
    8      1.892979348292     -3.292183326685      2.408444603706
    8      3.842202796596     -0.022793217302      2.443823418329
    8      1.866872202251      3.328726122120      2.430793023584
    8      5.650073762153     -3.246035522736      2.400824552249
    8     -3.755213948021     -0.016305971102      2.453268229976
    8     -5.641338346871      3.298716234480      2.452995883354
    8     -1.862889524485     -3.230729710406      2.396792087907
    8      1.893840109183     -1.085602595711      0.871398409271
    8      0.001402849925      2.163062263632      0.869397000067
    8      3.769899268923     -4.347575512101      0.846904623766
    8      5.653101143445     -1.092027857341      0.841364515427
    8      3.750113227173      2.172004451040      0.875663643101
    8      7.525003248804     -4.340842383815      0.836209545508
    8     -1.904100680034     -1.083507193380      0.828880654137
    8     -3.755234576910      2.181616107773      0.886820625812
    8      0.003588399736     -4.344406493538      0.854095915613
  258     -0.002264532923     -0.002256766425      0.061418077425
  258     -1.879950168223      3.264995598238      0.061273045303
  258      1.890844624223     -3.262889930756      0.054584222261
  258      3.765740409983      0.005770431950      0.082025526561
  258      1.883247587897      3.251512031599      0.065281073356
  258      5.639737130062     -3.256768976036      0.046209430223
  258     -3.758356073598      0.007628696294      0.064684528455
  258     -5.643029349846      3.266435253935      0.075421560195
  258     -1.872260046554     -3.248945364120      0.043519119594
    8     -1.878508562077      1.100597871112     -0.783280906304
    8     -3.760573983357      4.347677703814     -0.779550871287
    8      0.011773092670     -2.168570629439     -0.784198255493
    8      1.879896813286      1.085177550022     -0.781598846210
    8     -0.002343159685      4.338884288319     -0.782339487324
    8      3.758642464278     -2.171047892304     -0.785575976008
    8     -5.634270020404      1.106165434095     -0.778119376488
    8     -7.514876346834      4.350588978978     -0.785067228350
    8     -3.754591794677     -2.165630980927     -0.802743544470
    8      0.000000000000      0.000000000000     -2.343480358560
    8     -1.882513512443      3.261706863447     -2.343480358560
    8      1.882513512449     -3.261706863442     -2.343480358560
    8      3.756732176658     -0.004773538943     -2.343480358560
    8      1.874218664208      3.256933324509     -2.343480358560
    8      5.639245689116     -3.266480402384     -2.343480358560
    8     -3.756732176658      0.004773538934     -2.343480358560
    8     -5.639245689116      3.266480402384     -2.343480358560
    8     -1.874218664214     -3.256933324504     -2.343480358560
  258     -1.879748563037      1.088826800794     -3.124640478080
  258     -3.762262075474      4.350533664246     -3.124640478080
  258      0.002764949412     -2.172880062650     -3.124640478080
  258      1.876983613623      1.084053261855     -3.124640478080
  258     -0.005529898823      4.345760125303     -3.124640478080
  258      3.759497126070     -2.177653601590     -3.124640478080
  258     -5.636480739736      1.093600339720     -3.124640478080
  258     -7.518994252138      4.355307203188     -3.124640478080
  258     -3.753967227248     -2.168106523714     -3.124640478080
    8      1.879748563037     -1.088826800794     -3.905800597599
    8     -0.002764949412      2.172880062650     -3.905800597599
    8      3.762262075474     -4.350533664246     -3.905800597599
    8      5.636480739736     -1.093600339720     -3.905800597599
    8      3.753967227252      2.168106523714     -3.905800597599
    8      7.518994252138     -4.355307203188     -3.905800597599
    8     -1.876983613623     -1.084053261855     -3.905800597599
    8     -3.759497126073      2.177653601589     -3.905800597599
    8      0.005529898822     -4.345760125303     -3.905800597599
    8     13.473678092837      7.172269373533      6.720432848905
    1     13.312273954520      7.250570879992      5.731688875879
    8     16.919333728601     -0.781898139119      5.939339966333
    1     17.043260201376      0.180025203034      5.774374815616
    1     17.684518493579     -1.131501921886      6.431706850995
    8     11.890897674936      2.415213045178      5.765039520044
    1     12.898086954429      2.241193601411      5.786694146448
    1     11.772313256450      3.378287013830      5.613770440636
    8      9.636179056519      5.779830323250      5.978592906312
    1     10.547140237312      5.457250945336      5.825009797586
    1      9.635167212080      6.734010117013      5.722591964305
    1     13.949163703897      6.307333476004      6.843061439729
    8     19.266187557680      2.045030856596      5.987988613090
    1     20.073624455907      1.576730546907      5.652821664283
    1     19.525873202783      2.970345845160      6.135671375079
    1     13.681434233127     19.767752454974      5.916454203486
    8     13.123801936779     18.935836327837      5.897020981370
    1     12.218412486875     19.238570595185      6.098990687251
    8     12.020974043072     15.291477170962      6.159142657834
    1     12.642842894022     14.753409197568      5.583239368540
    1     12.394618301808     16.188382900482      6.181065682339
    1     10.590903386246     17.785917804869      5.544784066986
    8      9.960965192672     18.447269617386      5.933228121551
    1      9.246825185769     17.942975695367      6.404316777437
    8      9.349855912440     14.636175150261      6.764831466562
    1     10.292949278280     14.910353555169      6.789290146423
    1      9.262848862723     14.368605961661      5.803845561314
    8      8.818491092143     11.636844456871      5.657463142869
    1      9.338447255380     12.121868500069      6.318744222531
    0    0
