   2   1   1 E -1.7659355259125E+04 DE-2.9E-08(  7)
  0.112700988388E+02 -0.143187236498E-01  0.000000000000E+00
 -0.564748995255E+01  0.978511083517E+01  0.000000000000E+00
  0.000000000000E+00  0.000000000000E+00  0.500000000000E+03
    1
  0.100000000000E+01  0.000000000000E+00  0.000000000000E+00
  0.000000000000E+00  0.100000000000E+01  0.000000000000E+00
  0.000000000000E+00  0.000000000000E+00  0.100000000000E+01
  0.000000000000E+00  0.000000000000E+00  0.000000000000E+00
  110
    8     -1.852655152462      1.107368907565      4.016932573662
    8     -3.739725311626      4.355016726126      4.120426975397
    8      0.046449987555     -2.232603125580      4.056082919381
    8      1.826034375915      1.041009096581      3.682817684981
    8      0.035652818467      4.469632103853      4.151096536674
    8      3.766003057254     -2.182970739055      4.030054043531
    8     -5.581906520780      1.143692020724      4.067726034776
    8     -7.525873714292      4.439655262993      4.115769812800
    8     -3.728415425598     -2.218258079493      4.117751778525
  258      1.892302799129     -1.107345318811      3.250472332349
  258      0.000888156321      2.165195595272      3.249932136342
  258      3.776239614772     -4.344239413418      3.265553420198
  258      5.638424497971     -1.090703363054      3.295788803064
  258      3.750168109648      2.166997126038      3.366521821949
  258      7.521613776248     -4.340552783209      3.194099878902
  258     -1.874195755698     -1.070432147117      3.267235688137
  258     -3.767879541699      2.189262485362      3.288131490818
  258      0.001617677005     -4.336304247824      3.244141487879
    8     -0.074681797086     -0.068035891599      2.394916762495
    8     -1.858363382849      3.301540683340      2.441927922236
    8      1.892797912160     -3.292303361745      2.408718224713
    8      3.842318504237     -0.022662176903      2.443434308802
    8      1.866648314287      3.328788916015      2.430506071405
    8      5.649965276912     -3.246024330427      2.400864350607
    8     -3.755553328632     -0.016279836128      2.453099701529
    8     -5.641100157508      3.298684982037      2.453112165417
    8     -1.862836430844     -3.230770941099      2.396748156660
    8      1.893704899087     -1.085480569465      0.871357193234
    8      0.001360154675      2.162966392861      0.869328227373
    8      3.769830015792     -4.347532521231      0.847168268332
    8      5.653146669293     -1.092068662247      0.841048288830
    8      3.750168241773      2.172184580790      0.875667809968
    8      7.524889455496     -4.340756899815      0.836166726445
    8     -1.904128819410     -1.083459361510      0.828676174838
    8     -3.754971692311      2.181707921186      0.886687750373
    8      0.003534515452     -4.344386651499      0.854154665533
  258     -0.002301599151     -0.002232342942      0.061303529642
  258     -1.879901555815      3.264889410247      0.061192017020
  258      1.890972061897     -3.262833618514      0.054548322509
  258      3.765713684488      0.005950388429      0.082097376703
  258      1.883268806309      3.251571779082      0.065184231103
  258      5.639751259829     -3.256775667516      0.046263899337
  258     -3.758388043681      0.007610851267      0.064714713910
  258     -5.643019223081      3.266477345197      0.075324046156
  258     -1.872241645348     -3.248984359106      0.043513536864
    8     -1.878431913197      1.100619545551     -0.783411326190
    8     -3.760543758409      4.347922481086     -0.779479786373
    8      0.011817482048     -2.168715087114     -0.784254276943
    8      1.879881486000      1.085296726486     -0.781720240160
    8     -0.002334920788      4.338924566881     -0.782280751146
    8      3.758564998632     -2.171012619423     -0.785482870766
    8     -5.634260473457      1.106284136263     -0.778283398450
    8     -7.514804441213      4.350538265848     -0.785100160180
    8     -3.754482990423     -2.165714180190     -0.802876314410
    8      0.000000000000      0.000000000000     -2.343480358560
    8     -1.882496650852      3.261703611729     -2.343480358560
    8      1.882496650858     -3.261703611724     -2.343480358560
    8      3.756699612930     -0.004772907888     -2.343480358560
    8      1.874202962071      3.256930703846     -2.343480358560
    8      5.639196263797     -3.266476519611     -2.343480358560
    8     -3.756699612930      0.004772907879     -2.343480358560
    8     -5.639196263797      3.266476519611     -2.343480358560
    8     -1.874202962077     -3.256930703840     -2.343480358560
  258     -1.879732087930      1.088825506536     -3.124640478080
  258     -3.762228738777      4.350529118270     -3.124640478080
  258      0.002764562927     -2.172878105189     -3.124640478080
  258      1.876967525001      1.084052598652     -3.124640478080
  258     -0.005529125853      4.345756210382     -3.124640478080
  258      3.759464175858     -2.177651013075     -3.124640478080
  258     -5.636431700902      1.093598414408     -3.124640478080
  258     -7.518928351713      4.355302026158     -3.124640478080
  258     -3.753935050004     -2.168105197308     -3.124640478080
    8      1.879732087930     -1.088825506536     -3.905800597599
    8     -0.002764562927      2.172878105189     -3.905800597599
    8      3.762228738777     -4.350529118270     -3.905800597599
    8      5.636431700902     -1.093598414408     -3.905800597599
    8      3.753935050008      2.168105197308     -3.905800597599
    8      7.518928351713     -4.355302026158     -3.905800597599
    8     -1.876967525001     -1.084052598652     -3.905800597599
    8     -3.759464175861      2.177651013074     -3.905800597599
    8      0.005529125852     -4.345756210382     -3.905800597599
    8     13.472887984705      7.172270158271      6.721639729097
    1     13.311661142285      7.250606067124      5.732819791129
    8     16.918540412286     -0.781444924725      5.940515222174
    1     17.042705579022      0.180303894366      5.774786128655
    1     17.684581457546     -1.131260796436      6.431360919190
    8     11.890456235751      2.415145778364      5.765083064846
    1     12.897689224810      2.241579049017      5.786706854877
    1     11.771538467324      3.378162060898      5.613658783187
    8      9.630089735042      5.781050190144      5.976694523403
    1     10.542428828906      5.456688634949      5.828039060932
    1      9.631208359574      6.736083553133      5.720739663777
    1     13.951150885792      6.308898688547      6.844301994618
    8     19.266081409513      2.044787922119      5.988048342549
    1     20.073062796971      1.575651050040      5.652957987987
    1     19.526202820896      2.970150430907      6.133765280658
    1     13.680285067814     19.768426272975      5.916406201831
    8     13.122782916188     18.936448410490      5.896511249245
    1     12.217125036617     19.238761211814      6.098415816688
    8     12.020466919216     15.292067331446      6.157999924516
    1     12.642404434284     14.752965516637      5.582751962806
    1     12.395378148636     16.188409559722      6.180536640906
    1     10.590518919781     17.786109238818      5.543979042797
    8      9.962045418596     18.448842537089      5.932591551724
    1      9.249067223234     17.945881972293      6.406227159494
    8      9.349174754934     14.634578174090      6.765068554818
    1     10.291781285767     14.910310943401      6.789407913801
    1      9.262394576725     14.367519957992      5.803862819862
    8      8.818052149799     11.637268739115      5.656820124390
    1      9.338182312333     12.122198102338      6.318014506839
    0    0
