   2   1   1 E -1.7659355401385E+04 DE-1.2E-07(  4)
  0.112703950662E+02 -0.144219164365E-01  0.000000000000E+00
 -0.564772815170E+01  0.978498246190E+01  0.000000000000E+00
  0.000000000000E+00  0.000000000000E+00  0.500000000000E+03
    1
  0.100000000000E+01  0.000000000000E+00  0.000000000000E+00
  0.000000000000E+00  0.100000000000E+01  0.000000000000E+00
  0.000000000000E+00  0.000000000000E+00  0.100000000000E+01
  0.000000000000E+00  0.000000000000E+00  0.000000000000E+00
  110
    8     -1.850387078393      1.108685918418      4.018222151009
    8     -3.743151377145      4.357154028790      4.119117638546
    8      0.048739645573     -2.233424545691      4.057383026724
    8      1.824864870999      1.040105406259      3.685083943016
    8      0.035084353110      4.469618166997      4.150390037764
    8      3.767595281723     -2.186597340206      4.030987838693
    8     -5.580720338379      1.144198970310      4.066271326867
    8     -7.526156436009      4.440418094306      4.116980336046
    8     -3.727551496816     -2.218372893111      4.117543874297
  258      1.895340428415     -1.108539306974      3.252054710768
  258      0.001683475442      2.164915758128      3.250871201302
  258      3.773343109048     -4.343720594823      3.262870374370
  258      5.640571642803     -1.089518210686      3.295605320670
  258      3.748562416046      2.166762889258      3.367047719943
  258      7.522678556912     -4.339559339367      3.193913302941
  258     -1.871826180403     -1.069071838001      3.269422912753
  258     -3.768638405371      2.190422064888      3.286815617867
  258      0.000546396273     -4.336197151913      3.243534156409
    8     -0.073819413348     -0.069306063668      2.394591145253
    8     -1.860557032293      3.301701832012      2.441115199519
    8      1.893915750987     -3.291407032803      2.406124098745
    8      3.840701633670     -0.023719130075      2.446101041651
    8      1.868095825855      3.327994710019      2.432164908421
    8      5.650244456191     -3.246426084036      2.400246757322
    8     -3.753244130851     -0.016970227013      2.454493018997
    8     -5.643050398105      3.298773716353      2.452400103667
    8     -1.863254733871     -3.230782610147      2.396948170247
    8      1.894393193596     -1.086137275548      0.871075067571
    8      0.001441850417      2.163664246563      0.869698457805
    8      3.770264392052     -4.347822487366      0.845285411993
    8      5.652504437785     -1.091696848843      0.843355570556
    8      3.749559276945      2.170652548675      0.875341486726
    8      7.525241339831     -4.341496594061      0.836266319140
    8     -1.904190229910     -1.083985673489      0.829818106054
    8     -3.756883247366      2.180740663096      0.887700168682
    8      0.003839120299     -4.344413938343      0.853596427105
  258     -0.002277496634     -0.002384833995      0.061971465366
  258     -1.880149193034      3.265419173238      0.061793333955
  258      1.889802588659     -3.262978287891      0.054600197109
  258      3.765638201874      0.004740812295      0.081251384208
  258      1.882945737755      3.251053606165      0.065745199499
  258      5.639657389171     -3.256566036458      0.045971320981
  258     -3.758128978817      0.007408363624      0.064286301256
  258     -5.643188452977      3.265969197043      0.075875075986
  258     -1.872499483103     -3.248748276673      0.043423201842
    8     -1.878997812222      1.100378862841     -0.782556673720
    8     -3.760718573895      4.346161771687     -0.780023617131
    8      0.011445507951     -2.167821106075     -0.784137636091
    8      1.879679456445      1.084577684567     -0.781070949571
    8     -0.002368592002      4.338451109276     -0.782756460744
    8      3.759031623704     -2.171113208803     -0.786206178024
    8     -5.634245205262      1.105407622588     -0.777423007384
    8     -7.515218150130      4.350735084469     -0.784910762865
    8     -3.755206828268     -2.165156641386     -0.801985500082
    8      0.000000000000      0.000000000000     -2.343480358560
    8     -1.882576050569      3.261660820638     -2.343480358560
    8      1.882576050575     -3.261660820633     -2.343480358560
    8      3.756798355381     -0.004807305484     -2.343480358560
    8      1.874222304804      3.256853515159     -2.343480358560
    8      5.639374405964     -3.266468126116     -2.343480358560
    8     -3.756798355381      0.004807305475     -2.343480358560
    8     -5.639374405964      3.266468126116     -2.343480358560
    8     -1.874222304810     -3.256853515154     -2.343480358560
  258     -1.879791468653      1.088822708705     -3.124640478080
  258     -3.762367519216      4.350483529348     -3.124640478080
  258      0.002784581922     -2.172838111931     -3.124640478080
  258      1.877006886729      1.084015403225     -3.124640478080
  258     -0.005569163842      4.345676223864     -3.124640478080
  258      3.759582937303     -2.177645417412     -3.124640478080
  258     -5.636589824075      1.093630014172     -3.124640478080
  258     -7.519165874603      4.355290834831     -3.124640478080
  258     -3.754013773460     -2.168030806454     -3.124640478080
    8      1.879791468653     -1.088822708705     -3.905800597599
    8     -0.002784581922      2.172838111931     -3.905800597599
    8      3.762367519216     -4.350483529348     -3.905800597599
    8      5.636589824075     -1.093630014172     -3.905800597599
    8      3.754013773464      2.168030806454     -3.905800597599
    8      7.519165874603     -4.355290834831     -3.905800597599
    8     -1.877006886729     -1.084015403225     -3.905800597599
    8     -3.759582937306      2.177645417411     -3.905800597599
    8      0.005569163841     -4.345676223864     -3.905800597599
    8     13.475992852470      7.174425976952      6.717018001830
    1     13.313778799475      7.250572822627      5.727621779627
    8     16.921068057832     -0.782772733939      5.936955976508
    1     17.046291711535      0.179396530137      5.774633725599
    1     17.684857065960     -1.134924533612      6.429931350370
    8     11.893599876194      2.415153319268      5.765125390250
    1     12.900510559619      2.239694167951      5.786041190458
    1     11.776164073708      3.378482125599      5.614846715854
    8      9.652014408097      5.765999407039      5.980892390464
    1     10.557118681048      5.439404300262      5.805738483939
    1      9.650047547572      6.719525805087      5.729643293530
    1     13.952251772180      6.309999710403      6.841338704587
    8     19.266639378135      2.048137206511      5.985868379964
    1     20.074992641186      1.580924112329      5.651281814554
    1     19.525806467345      2.973071468501      6.137602736032
    1     13.687458148955     19.765326388831      5.916001485788
    8     13.127536638144     18.934760451591      5.899594440392
    1     12.223824468982     19.240606867748      6.103886002601
    8     12.024997868992     15.293623756140      6.165660741785
    1     12.644325465417     14.757255806219      5.586705471705
    1     12.396033459496     16.191752418314      6.183802490226
    1     10.591488634063     17.786641317268      5.547012095248
    8      9.958978847630     18.446829742051      5.932147481373
    1      9.242582028000     17.941152662284      6.400596018750
    8      9.351451968499     14.638661011196      6.764902675128
    1     10.294742631169     14.912340196155      6.789934177892
    1      9.264410597587     14.370381032254      5.804188013973
    8      8.820795336478     11.635623453506      5.658985084333
    1      9.340519581884     12.121456025222      6.319856363239
    0    0
