   2   1   1 E -1.7659355415637E+04 DE-1.2E-07(  7)
  0.112705930573E+02 -0.148166045993E-01  0.000000000000E+00
 -0.564817040871E+01  0.978468985163E+01  0.000000000000E+00
  0.000000000000E+00  0.000000000000E+00  0.500000000000E+03
    1
  0.100000000000E+01  0.000000000000E+00  0.000000000000E+00
  0.000000000000E+00  0.100000000000E+01  0.000000000000E+00
  0.000000000000E+00  0.000000000000E+00  0.100000000000E+01
  0.000000000000E+00  0.000000000000E+00  0.000000000000E+00
  110
    8     -1.848820417843      1.109305549795      4.019181229085
    8     -3.745066553791      4.359251919100      4.118336903473
    8      0.050564514348     -2.234206832976      4.057307169687
    8      1.824525297641      1.039692875287      3.687437265793
    8      0.036935618943      4.467813544318      4.150722223869
    8      3.767896023298     -2.189349263409      4.031188193508
    8     -5.579290073403      1.143804902585      4.064306700539
    8     -7.525507797170      4.440411528900      4.118236762877
    8     -3.727933531827     -2.219535990445      4.118437621206
  258      1.897051309514     -1.108978989165      3.252753074829
  258      0.002398670694      2.165227182394      3.251958258988
  258      3.773305920850     -4.342968411460      3.262110997695
  258      5.641750091517     -1.089955961327      3.294859966321
  258      3.748827797712      2.166272700863      3.367508071622
  258      7.523733101527     -4.339540403495      3.193662898221
  258     -1.870582892536     -1.068323037268      3.270631592228
  258     -3.768402955476      2.190771481473      3.286424768471
  258      0.000782783967     -4.336156352753      3.243186736990
    8     -0.073266367223     -0.069420041168      2.394235827935
    8     -1.861193426149      3.301452782867      2.441314705043
    8      1.894905889367     -3.290768608563      2.404374624922
    8      3.839781927357     -0.024459454311      2.448271470417
    8      1.870044496892      3.327000756388      2.432566759691
    8      5.651302610646     -3.247168342433      2.399905294678
    8     -3.751474140901     -0.017685813407      2.455363603082
    8     -5.643925899666      3.298981250903      2.452059196046
    8     -1.862501063378     -3.230753885249      2.396991296821
    8      1.895091841623     -1.085708801986      0.870382347783
    8      0.001693519513      2.164213672569      0.870242294299
    8      3.771209654287     -4.347932419666      0.844446079525
    8      5.652625873012     -1.091081950609      0.845146637585
    8      3.750042859276      2.169292628209      0.874806145624
    8      7.525904317711     -4.342098177963      0.836105618935
    8     -1.904033204028     -1.084201704803      0.829728204929
    8     -3.757479980080      2.180157653046      0.888251653503
    8      0.004468914260     -4.343991083770      0.853056022036
  258     -0.002136340778     -0.002203562859      0.062453222587
  258     -1.879920773361      3.265476969686      0.062184022807
  258      1.889513600582     -3.262495213049      0.054466648852
  258      3.765950215599      0.004454190406      0.080558866297
  258      1.883193238042      3.250666230425      0.065913596237
  258      5.640326715034     -3.256555182640      0.046222813204
  258     -3.757448842027      0.007388624336      0.063795838328
  258     -5.643390175214      3.265584921198      0.075826923003
  258     -1.872247583980     -3.248568047310      0.043302145697
    8     -1.878995319490      1.100426775900     -0.782248297891
    8     -3.760721450195      4.345648782576     -0.780192388867
    8      0.011628240857     -2.167690268296     -0.784483553296
    8      1.879451249572      1.084623838247     -0.781014169206
    8     -0.002115486293      4.337987955061     -0.782931825763
    8      3.759947410238     -2.170904080976     -0.786326996575
    8     -5.634015423419      1.105134765484     -0.777820664029
    8     -7.515366460797      4.350643382329     -0.784763082411
    8     -3.755404508621     -2.164863885056     -0.801656019935
    8      0.000000000000      0.000000000000     -2.343480358560
    8     -1.882723469571      3.261563283880     -2.343480358560
    8      1.882723469577     -3.261563283875     -2.343480358560
    8      3.756864352425     -0.004938868205     -2.343480358560
    8      1.874140882847      3.256624415680     -2.343480358560
    8      5.639587822010     -3.266502152079     -2.343480358560
    8     -3.756864352425      0.004938868196     -2.343480358560
    8     -5.639587822010      3.266502152079     -2.343480358560
    8     -1.874140882853     -3.256624415675     -2.343480358560
  258     -1.879862607335      1.088834050692     -3.124640478080
  258     -3.762586076900      4.350397334577     -3.124640478080
  258      0.002860862241     -2.172729233185     -3.124640478080
  258      1.877001745091      1.083895182491     -3.124640478080
  258     -0.005721724482      4.345458466372     -3.124640478080
  258      3.759725214666     -2.177668101387     -3.124640478080
  258     -5.636726959800      1.093772918880     -3.124640478080
  258     -7.519450429330      4.355336202781     -3.124640478080
  258     -3.754003490184     -2.167790364987     -3.124640478080
    8      1.879862607335     -1.088834050692     -3.905800597599
    8     -0.002860862241      2.172729233185     -3.905800597599
    8      3.762586076900     -4.350397334577     -3.905800597599
    8      5.636726959800     -1.093772918880     -3.905800597599
    8      3.754003490188      2.167790364987     -3.905800597599
    8      7.519450429330     -4.355336202781     -3.905800597599
    8     -1.877001745091     -1.083895182491     -3.905800597599
    8     -3.759725214669      2.177668101386     -3.905800597599
    8      0.005721724481     -4.345458466372     -3.905800597599
    8     13.476787768096      7.175501985542      6.717565146306
    1     13.314070643418      7.249854196367      5.727868751225
    8     16.922164276368     -0.784462899615      5.936465492444
    1     17.049640047857      0.177610251103      5.777079533077
    1     17.685879585793     -1.140489602279      6.426860676095
    8     11.897583990152      2.412878385974      5.768181398337
    1     12.904205537915      2.235873334636      5.786937212554
    1     11.782590551189      3.376197597858      5.618915774444
    8      9.653146740354      5.751538581316      5.978935478483
    1     10.553666155386      5.414287550189      5.789956703062
    1      9.660693015735      6.708227143178      5.738666524096
    1     13.949474313156      6.309637163227      6.843518148806
    8     19.268060995643      2.050799775036      5.984470127727
    1     20.076142385034      1.582876672438      5.650233206111
    1     19.527103014090      2.975907123815      6.134677718747
    1     13.692554514773     19.759060183140      5.914002336383
    8     13.128217743033     18.931463711509      5.897543045573
    1     12.225521009704     19.244348354193      6.095646506799
    8     12.032174297226     15.298220446470      6.173334126618
    1     12.647222512378     14.760928388986      5.591196357784
    1     12.399381121495     16.198133774618      6.181084787310
    1     10.591840067652     17.785918623070      5.548929179636
    8      9.958641292649     18.447982017295      5.929577593698
    1      9.242307367409     17.944498474451      6.399676441508
    8      9.353932653557     14.642031423270      6.765692635575
    1     10.296305534994     14.918757137673      6.790759363759
    1      9.267153942115     14.372479371770      5.805273696803
    8      8.823047941765     11.630823923694      5.657742514772
    1      9.344707632560     12.116519433130      6.317167251243
    0    0
