   2   1   1 E -1.7659355360450E+04 DE 1.8E-08(  4)
  0.112701120683E+02 -0.143210953419E-01  0.000000000000E+00
 -0.564749863134E+01  0.978511851497E+01  0.000000000000E+00
  0.000000000000E+00  0.000000000000E+00  0.500000000000E+03
    1
  0.100000000000E+01  0.000000000000E+00  0.000000000000E+00
  0.000000000000E+00  0.100000000000E+01  0.000000000000E+00
  0.000000000000E+00  0.000000000000E+00  0.100000000000E+01
  0.000000000000E+00  0.000000000000E+00  0.000000000000E+00
  110
    8     -1.852607346372      1.107414602464      4.016961791905
    8     -3.739776383760      4.355042378258      4.120425087919
    8      0.046496810712     -2.232612588919      4.056143272432
    8      1.826030570704      1.041005532794      3.682869901383
    8      0.035677958187      4.469623660992      4.151098042426
    8      3.766084818207     -2.182996318056      4.030143619201
    8     -5.581875961128      1.143715351192      4.067717354984
    8     -7.525857512349      4.439704488752      4.115802652287
    8     -3.728364342933     -2.218225499586      4.117753766980
  258      1.892369568989     -1.107353619818      3.250535777655
  258      0.000919604414      2.165196638419      3.249958381598
  258      3.776214243081     -4.344240266307      3.265542553965
  258      5.638490336371     -1.090657801781      3.295808626533
  258      3.750158741105      2.167008008035      3.366549197609
  258      7.521666306379     -4.340530578041      3.194113928482
  258     -1.874143298567     -1.070394864899      3.267282604286
  258     -3.767886732750      2.189296630837      3.288115158147
  258      0.001613785877     -4.336300119319      3.244146875295
    8     -0.074653836236     -0.068053182798      2.394929579431
    8     -1.858389735753      3.301552569418      2.441925634049
    8      1.892829890572     -3.292288266389      2.408710435507
    8      3.842312887358     -0.022670854485      2.443496988012
    8      1.866686817990      3.328785421494      2.430552261967
    8      5.649992161913     -3.246021967082      2.400877081144
    8     -3.755503084444     -0.016273453188      2.453126121784
    8     -5.641121709434      3.298695978497      2.453107769825
    8     -1.862834121691     -3.230759568826      2.396762661595
    8      1.893728079660     -1.085493886644      0.871374352425
    8      0.001371845243      2.162982277028      0.869343274616
    8      3.769846739736     -4.347538883271      0.847147884453
    8      5.653146008051     -1.092061098323      0.841096634298
    8      3.750167575539      2.172166250769      0.875676668024
    8      7.524911955647     -4.340768424607      0.836178966155
    8     -1.904120224245     -1.083460598677      0.828708887500
    8     -3.754998302227      2.181705567109      0.886710434351
    8      0.003548073657     -4.344388786916      0.854156175014
  258     -0.002292285176     -0.002232709807      0.061324065225
  258     -1.879903306259      3.264908003988      0.061208368097
  258      1.890962650243     -3.262841209768      0.054562415799
  258      3.765721664697      0.005930161753      0.082096723223
  258      1.883271036585      3.251567679297      0.065202641674
  258      5.639749479152     -3.256786190296      0.046264219596
  258     -3.758374801376      0.007628438121      0.064717005336
  258     -5.643016945281      3.266478224157      0.075342051874
  258     -1.872238937453     -3.248978054574      0.043519770748
    8     -1.878437157947      1.100621751935     -0.783391742753
    8     -3.760545572810      4.347897593935     -0.779482745470
    8      0.011815499557     -2.168696284806     -0.784241258279
    8      1.879887290202      1.085283143700     -0.781699859277
    8     -0.002334388314      4.338921572201     -0.782282575040
    8      3.758578160452     -2.171017922076     -0.785487735476
    8     -5.634259137203      1.106274217417     -0.778257959695
    8     -7.514811111929      4.350550307752     -0.785091595034
    8     -3.754491734945     -2.165702590742     -0.802857250473
    8      0.000000000000      0.000000000000     -2.343480358560
    8     -1.882499543781      3.261706171662     -2.343480358560
    8      1.882499543787     -3.261706171657     -2.343480358560
    8      3.756704022764     -0.004773698452     -2.343480358560
    8      1.874204478976      3.256932473214     -2.343480358560
    8      5.639203566559     -3.266479870108     -2.343480358560
    8     -3.756704022764      0.004773698443     -2.343480358560
    8     -5.639203566559      3.266479870108     -2.343480358560
    8     -1.874204478982     -3.256932473209     -2.343480358560
  258     -1.879734522184      1.088826623369     -3.124640478080
  258     -3.762234065959      4.350532795035     -3.124640478080
  258      0.002765021602     -2.172879548290     -3.124640478080
  258      1.876969500580      1.084052924920     -3.124640478080
  258     -0.005530043203      4.345759096583     -3.124640478080
  258      3.759469044365     -2.177653246739     -3.124640478080
  258     -5.636438544989      1.093600321804     -3.124640478080
  258     -7.518938088729      4.355306493487     -3.124640478080
  258     -3.753939001163     -2.168105849844     -3.124640478080
    8      1.879734522184     -1.088826623369     -3.905800597599
    8     -0.002765021602      2.172879548290     -3.905800597599
    8      3.762234065959     -4.350532795035     -3.905800597599
    8      5.636438544989     -1.093600321804     -3.905800597599
    8      3.753939001167      2.168105849844     -3.905800597599
    8      7.518938088729     -4.355306493487     -3.905800597599
    8     -1.876969500580     -1.084052924920     -3.905800597599
    8     -3.759469044368      2.177653246738     -3.905800597599
    8      0.005530043202     -4.345759096583     -3.905800597599
    8     13.473057434664      7.172301406112      6.721506882545
    1     13.311793717758      7.250648130554      5.732702735891
    8     16.918681777805     -0.781530085104      5.940342993599
    1     17.042785288904      0.180248933727      5.774728017443
    1     17.684762748646     -1.131361239403      6.431120268583
    8     11.890553386570      2.415120258859      5.765042772127
    1     12.897782596832      2.241473970538      5.786521377766
    1     11.771677010352      3.378146201537      5.613644836063
    8      9.630816359069      5.781252036839      5.977282299608
    1     10.542378102979      5.456438153966      5.825677075268
    1      9.631751337465      6.736111587734      5.721121070074
    1     13.950033081495      6.308229585240      6.844222430849
    8     19.266102875443      2.044841822991      5.988055209995
    1     20.073141803958      1.575811629544      5.652949546270
    1     19.526212400320      2.970162491972      6.134189526758
    1     13.680492258229     19.768285094429      5.916135828000
    8     13.122993376991     18.936298802883      5.896392873130
    1     12.217421494250     19.238610522905      6.098624113893
    8     12.020447003466     15.291864500105      6.158202310623
    1     12.642442980926     14.752994131323      5.582848618165
    1     12.394976272084     16.188375268329      6.180531475638
    1     10.590583347039     17.785981566814      5.544143432695
    8      9.961805595354     18.448392694765      5.932799662189
    1      9.247744823406     17.945038661166      6.404416417863
    8      9.349440713383     14.634946486708      6.765025082256
    1     10.292261757687     14.909954475748      6.789405899417
    1      9.262546035293     14.367755686252      5.803871250180
    8      8.818125908697     11.637157094408      5.656469325217
    1      9.338332770880     12.122108599604      6.317590667950
    0    0
