   2   1   1 E -1.7583050493508E+04 DE 1.0E-07(  5)
  0.114378902666E+02 -0.276185168110E-02  0.000000000000E+00
 -0.572133563814E+01  0.991201015528E+01  0.000000000000E+00
  0.000000000000E+00  0.000000000000E+00  0.500000000000E+03
    1
  0.100000000000E+01  0.000000000000E+00  0.000000000000E+00
  0.000000000000E+00  0.100000000000E+01  0.000000000000E+00
  0.000000000000E+00  0.000000000000E+00  0.100000000000E+01
  0.000000000000E+00  0.000000000000E+00  0.000000000000E+00
  111
    8     -1.938027826646      1.141884105872      4.038850725036
    8     -3.628382157905      4.182226910605      4.269247849544
    8     -0.132189213617     -2.260274773007      4.090753452000
    8      1.893601868947      1.219281542655      4.143031634878
    8      0.040394983278      4.358998172710      4.143551202493
    0      3.813161312174     -2.203282668212      4.089120503632
    8     -5.628782364959      1.202248180437      4.207932561008
    8     -7.688158653699      4.481048784624      3.948598952970
    8     -3.746405858423     -2.337143173175      4.224199118869
  258      1.822386261611     -1.022907484707      3.289297062433
  258      0.011437516932      2.184877723470      3.279612489690
  258      3.824533242430     -4.583673718682      3.259362654685
  258      5.806219666890     -1.028732441472      3.238976760133
  258      3.810626820277      2.230811035145      3.330731953216
  258      7.628166935087     -4.400574893230      3.208925016904
  258     -1.894474595472     -1.082915633649      3.308978955498
  258     -3.784959292367      2.173595401676      3.222943180996
  258     -0.060178000221     -4.367236250206      3.280815698716
    8     -0.031642526853      0.023158188587      2.474861400693
    8     -1.869921266734      3.302551047273      2.404480741428
    8      2.045190203348     -3.351452554699      2.658659495916
    8      3.829542428701     -0.014797195021      2.576142209320
    8      1.899050267504      3.296400327632      2.420784372552
    8      5.560453707335     -3.295631641693      2.580118413653
    8     -3.773311707275     -0.027571230403      2.440055499492
    8     -5.697283465026      3.346056659386      2.484903924270
    8     -1.929382984440     -3.270196520763      2.397577226648
    8      1.899964743295     -1.122413871251      0.863238711113
    8      0.008182186451      2.193977723925      0.852762947920
    8      3.804972900654     -4.431724815584      0.845915273214
    8      5.724342291851     -1.108157449427      0.834461208800
    8      3.832652663514      2.182661404705      0.918784264700
    8      7.566200773849     -4.374973952762      0.897805330120
    8     -1.888668893907     -1.094684815021      0.844150099835
    8     -3.817078902198      2.202785194081      0.864221714229
    8      0.043831562172     -4.359347649643      0.916320974513
  258      0.001789164748     -0.003562196181      0.046910346857
  258     -1.900195320682      3.294730949806      0.018294338006
  258      1.917810208162     -3.302709411407      0.059192830340
  258      3.816167348470      0.001616067076      0.076454724253
  258      1.903560833124      3.292881020359      0.062653151429
  258      5.697185363932     -3.300846214497      0.048604183206
  258     -3.805661606813     -0.006512622207      0.031958838620
  258     -5.718223961278      3.306568505283      0.070708730531
  258     -1.901333498606     -3.280470932854      0.051444595169
    8     -1.904608130154      1.108385515349     -0.780086557257
    8     -3.826527079581      4.407717006353     -0.765062018057
    8      0.006490155395     -2.213308035164     -0.773331055227
    8      1.925905750492      1.104513629078     -0.753978160099
    8      0.003710051481      4.405307863320     -0.770925623741
    8      3.809435440112     -2.207082834834     -0.758710050735
    8     -5.730067884771      1.115481233963     -0.759601397500
    8     -7.623760562346      4.412808497900     -0.725303129255
    8     -3.811026115013     -2.212239026555     -0.771136439454
    8      0.000000000000      0.000000000000     -2.343480358560
    8     -1.907111879384      3.304003385090     -2.343480358560
    8      1.907111879389     -3.304003385085     -2.343480358560
    8      3.812630088872     -0.000920617231     -2.343480358560
    8      1.905518209482      3.303082767865     -2.343480358560
    8      5.719741968268     -3.304924002318     -2.343480358560
    8     -3.812630088872      0.000920617221     -2.343480358560
    8     -5.719741968268      3.304924002318     -2.343480358560
    8     -1.905518209488     -3.303082767860     -2.343480358560
  258     -1.906580656087      1.101641334105     -3.124640478080
  258     -3.813692535465      4.405644719200     -3.124640478080
  258      0.000531223302     -2.202362050982     -3.124640478080
  258      1.906049432786      1.100720716877     -3.124640478080
  258     -0.001062446601      4.404724101970     -3.124640478080
  258      3.813161312174     -2.203282668212     -3.124640478080
  258     -5.719210745000      1.102561951321     -3.124640478080
  258     -7.626322624344      4.406565336434     -3.124640478080
  258     -3.812098865574     -2.201441433756     -3.124640478080
    8      1.906580656087     -1.101641334105     -3.905800597599
    8     -0.000531223302      2.202362050982     -3.905800597599
    8      3.813692535465     -4.405644719200     -3.905800597599
    8      5.719210745000     -1.102561951321     -3.905800597599
    8      3.812098865578      2.201441433757     -3.905800597599
    8      7.626322624344     -4.406565336434     -3.905800597599
    8     -1.906049432786     -1.100720716877     -3.905800597599
    8     -3.813161312176      2.203282668212     -3.905800597599
    8      0.001062446599     -4.404724101970     -3.905800597599
    8      1.404723151005      4.423115844648      6.393562591286
    1      0.737656880279      4.439890080980      5.626456844737
    1      6.824636733654     -4.873911634525      7.078162822048
    8      3.972272842531      2.820828914294      6.093479004880
    1      4.240059056982      2.094686132899      6.694588372329
    1      3.142908793158      3.245204734040      6.392816958284
    1     -1.327895599347     -1.807123092855      6.305710017085
    8     -2.139338519668     -1.334684088136      6.057116931780
    1     -2.758591652470     -2.012042667841      5.688036849966
    1     -4.742859850534      4.589107705801      5.623225998223
    8      0.130238551303     -4.862627040205      5.847566797694
    1     -6.260663989535      4.346650173146      6.016516332828
    8      1.960981297026     -1.811618698274      5.791612279310
    1      1.068984089200     -2.202645948494      5.651742132084
    1      2.565845048692     -2.566048047561      5.996303610234
    8      5.685329916478     -1.819390797573      5.855700481112
    1      6.599831892900     -2.080105145999      5.533951531044
    1      5.734816928897     -0.972402289690      6.385824965293
    1      4.623004761742     -3.128960479013      6.015879651915
    8      3.869677502898     -3.735464612920      5.783478225965
    1      3.901426996201     -4.594790042682      6.292044210677
    8      0.259066027530      1.889456082242      6.205742205002
    1      0.992692190507      1.381570889031      5.783986972987
    1      0.697874909840      2.696491920778      6.546311296633
    8      5.714653737480      0.715790169118      6.758703721870
    1     -5.620042832180      0.988497028393      5.770204072374
    1     -4.922917818338      1.012524282680      7.223554108295
    8      3.500666278667     13.544749968243      6.627841900320
    1      2.948588090373     13.570358711872      5.805492639157
    1      4.137103332228     12.810712214502      6.504860713336
    0    0
