   2   1   1 E -1.7583050215131E+04 DE-7.1E-07( 13)
  0.114385159296E+02 -0.195476056309E-02  0.000000000000E+00
 -0.572094959064E+01  0.991007700693E+01  0.000000000000E+00
  0.000000000000E+00  0.000000000000E+00  0.500000000000E+03
    1
  0.100000000000E+01  0.000000000000E+00  0.000000000000E+00
  0.000000000000E+00  0.100000000000E+01  0.000000000000E+00
  0.000000000000E+00  0.000000000000E+00  0.100000000000E+01
  0.000000000000E+00  0.000000000000E+00  0.000000000000E+00
  111
    8     -1.932649088470      1.141431682278      4.042299248829
    8     -3.635262692865      4.175068774639      4.271354558623
    8     -0.131343855122     -2.262537291753      4.086781508659
    8      1.886462851531      1.217962044461      4.150301155691
    8      0.044581439246      4.353222647525      4.138927209669
    0      3.813214560076     -2.202673726107      4.089120503632
    8     -5.632881845493      1.198088759992      4.212069559880
    8     -7.688097006152      4.477787219150      3.946348659858
    8     -3.745182757643     -2.333457776106      4.221032396520
  258      1.821361895452     -1.025356796421      3.294753567127
  258      0.009733593717      2.182124232367      3.271924311533
  258      3.823266066140     -4.588320857609      3.263113216679
  258      5.807033306124     -1.029665354470      3.237035368412
  258      3.808614865309      2.227979273953      3.333293389432
  258      7.628788279677     -4.401123534334      3.207011304243
  258     -1.894311123565     -1.084567612257      3.308318803870
  258     -3.787045765577      2.173626790906      3.226273793626
  258     -0.059864280354     -4.369331865386      3.279618814211
    8     -0.030108758061      0.021420924231      2.473619595918
    8     -1.871352363427      3.300588679252      2.405618931917
    8      2.045525503096     -3.355601331660      2.659832016012
    8      3.826080020366     -0.016042368554      2.581707535242
    8      1.897599017237      3.292067551952      2.420402778672
    8      5.558006804216     -3.296916203194      2.583060127463
    8     -3.773011776951     -0.027061518469      2.442754087805
    8     -5.701219282970      3.340021806448      2.484206136134
    8     -1.930735898030     -3.271301355598      2.397027928863
    8      1.900912676256     -1.124149202123      0.865391711008
    8      0.006189418454      2.192638414783      0.853846803552
    8      3.804383398172     -4.431669596148      0.846030565575
    8      5.722292870328     -1.108585244966      0.836427047405
    8      3.828987144871      2.179239324951      0.920085576779
    8      7.565679917634     -4.375461394154      0.897565531431
    8     -1.887449900408     -1.095673245450      0.845747501546
    8     -3.816537031498      2.203622968449      0.867076656333
    8      0.043470565464     -4.360348128407      0.914867359133
  258      0.003143089174     -0.006094777262      0.045889832648
  258     -1.901168132162      3.293872481370      0.018013511150
  258      1.917823990303     -3.303089522818      0.060431577592
  258      3.815713521039      0.000839793674      0.077126140357
  258      1.904367865689      3.291096102199      0.062070371267
  258      5.695042149323     -3.300513645160      0.050077295168
  258     -3.805291500007     -0.006861943133      0.032688694943
  258     -5.719400470334      3.304387508565      0.071199935447
  258     -1.902943481797     -3.280846337923      0.050851710675
    8     -1.902903992618      1.107568969654     -0.781409203627
    8     -3.826310559221      4.404872525121     -0.765881500602
    8      0.005897180616     -2.212125322914     -0.772371208428
    8      1.924641836375      1.102998226264     -0.753922633289
    8      0.003778702435      4.403789929264     -0.770942676562
    8      3.808299525835     -2.207214756211     -0.758748364911
    8     -5.731478392193      1.116488502509     -0.757437076780
    8     -7.624629656661      4.409504862599     -0.724116338536
    8     -3.811478319509     -2.213775219961     -0.770404014256
    8      0.000000000000      0.000000000000     -2.343480358560
    8     -1.906983196886      3.303359002305     -2.343480358560
    8      1.906983196891     -3.303359002300     -2.343480358560
    8      3.812838643223     -0.000651586859     -2.343480358560
    8      1.905855446332      3.302707415453     -2.343480358560
    8      5.719821840122     -3.304010589161     -2.343480358560
    8     -3.812838643223      0.000651586849     -2.343480358560
    8     -5.719821840122      3.304010589161     -2.343480358560
    8     -1.905855446338     -3.302707415448     -2.343480358560
  258     -1.906607280039      1.101336863053     -3.124640478080
  258     -3.813590476918      4.404695865362     -3.124640478080
  258      0.000375916853     -2.202022139249     -3.124640478080
  258      1.906231363187      1.100685276197     -3.124640478080
  258     -0.000751833702      4.404044278505     -3.124640478080
  258      3.813214560076     -2.202673726107     -3.124640478080
  258     -5.719445923303      1.101988449895     -3.124640478080
  258     -7.626429120149      4.405347452224     -3.124640478080
  258     -3.812462726376     -2.201370552397     -3.124640478080
    8      1.906607280039     -1.101336863053     -3.905800597599
    8     -0.000375916853      2.202022139249     -3.905800597599
    8      3.813590476918     -4.404695865362     -3.905800597599
    8      5.719445923303     -1.101988449895     -3.905800597599
    8      3.812462726380      2.201370552398     -3.905800597599
    8      7.626429120149     -4.405347452224     -3.905800597599
    8     -1.906231363187     -1.100685276197     -3.905800597599
    8     -3.813214560078      2.202673726107     -3.905800597599
    8      0.000751833700     -4.404044278505     -3.905800597599
    8      1.425016811899      4.426906875020      6.383164459871
    1      0.753475726486      4.432912722985      5.620893199772
    1      6.834818473948     -4.877324285813      7.071499572591
    8      3.969705926448      2.813541150348      6.078370656457
    1      4.221666603411      2.088869895044      6.686980902708
    1      3.147935636163      3.257941324017      6.370029690086
    1     -1.338224268991     -1.828638857057      6.322469085176
    8     -2.138712404762     -1.345512840286      6.060512844754
    1     -2.761516107822     -2.014915151687      5.682656998191
    1     -4.740333987834      4.592446383532      5.621047507698
    8      0.132238040323     -4.859982654034      5.850982606238
    1     -6.256409868299      4.344215937778      6.011329885871
    8      1.965581252458     -1.823809319122      5.792117957586
    1      1.072497657550     -2.211341594803      5.652582015744
    1      2.569809221048     -2.579808868280      5.992898089551
    8      5.678722216417     -1.824557048873      5.861485685295
    1      6.593160897104     -2.077430312761      5.535006468261
    1      5.719144233789     -0.971952910746      6.385025001762
    1      4.625397724807     -3.127632422322      6.010391367927
    8      3.873404342532     -3.739098162942      5.782002138913
    1      3.918066114200     -4.603597894267      6.280493896443
    8      0.287560183999      1.891910995086      6.262939426652
    1      0.989942058597      1.392642086607      5.780426192058
    1      0.748428252689      2.698484665856      6.574888333456
    8      5.705879947850      0.702208675836      6.758208774361
    1     -5.625223562402      0.978133421824      5.770198980170
    1     -4.932290170506      0.989115859213      7.228101374911
    8      3.572806084005     13.531671804984      6.627757705166
    1      3.003338675373     13.511546384250      5.819264725842
    1      4.223203196842     12.803774945275      6.521686547944
    0    0
