   2   1   1 E -1.7583050501426E+04 DE-4.9E-07(  3)
  0.114378880914E+02 -0.277626535600E-02  0.000000000000E+00
 -0.572134703202E+01  0.991204685583E+01  0.000000000000E+00
  0.000000000000E+00  0.000000000000E+00  0.500000000000E+03
    1
  0.100000000000E+01  0.000000000000E+00  0.000000000000E+00
  0.000000000000E+00  0.100000000000E+01  0.000000000000E+00
  0.000000000000E+00  0.000000000000E+00  0.100000000000E+01
  0.000000000000E+00  0.000000000000E+00  0.000000000000E+00
  111
    8     -1.938270449443      1.141948226706      4.038725206629
    8     -3.628460577435      4.182479409747      4.269068353056
    8     -0.132193708102     -2.260130672334      4.090923151410
    8      1.893840182052      1.219282149685      4.142801396320
    8      0.040227664638      4.359083294422      4.143585340806
    0      3.813163360768     -2.203294026928      4.089120503632
    8     -5.628849096022      1.202395542133      4.207741426863
    8     -7.688220034229      4.481107643361      3.948549438645
    8     -3.746508208221     -2.337098292961      4.224252152454
  258      1.822395301016     -1.022831180818      3.289132108705
  258      0.011358963076      2.185000326438      3.279833428500
  258      3.824452650369     -4.583644927856      3.259142444790
  258      5.806122838239     -1.028664890053      3.238964403026
  258      3.810598188087      2.230915316652      3.330617628090
  258      7.628111670814     -4.400549552215      3.208927098598
  258     -1.894554227233     -1.082802003109      3.308995515002
  258     -3.785014505915      2.173668742263      3.222824733050
  258     -0.060268146960     -4.367198371177      3.280826226442
    8     -0.031716871404      0.023252601936      2.474971856529
    8     -1.869917693945      3.302593674234      2.404393794093
    8      2.045089133960     -3.351342340909      2.658635831282
    8      3.829582496923     -0.014788717492      2.576001457232
    8      1.898948346639      3.296505624767      2.420796660705
    8      5.560480435536     -3.295556284278      2.580012759734
    8     -3.773424664211     -0.027601883092      2.440039354098
    8     -5.697316135473      3.346236867678      2.484911339247
    8     -1.929387995396     -3.270103688036      2.397607171272
    8      1.899903096021     -1.122344086996      0.863216900426
    8      0.008190527384      2.194024200602      0.852735126838
    8      3.804919024526     -4.431714808839      0.845894660338
    8      5.724312192637     -1.108139729822      0.834463308079
    8      3.832659541945      2.182760553910      0.918789844525
    8      7.566193449950     -4.374956560474      0.897794073000
    8     -1.888662257153     -1.094660931683      0.844135418536
    8     -3.817151595431      2.202826636912      0.864186278299
    8      0.043782122565     -4.359303887983      0.916331407727
  258      0.001755712707     -0.003483580470      0.046945468548
  258     -1.900186856226      3.294775084467      0.018296146569
  258      1.917771992464     -3.302681519510      0.059153737794
  258      3.816138674435      0.001636912488      0.076460053100
  258      1.903501018966      3.292923243169      0.062667277263
  258      5.697198205310     -3.300826342225      0.048564274510
  258     -3.805721863304     -0.006506736027      0.031953521024
  258     -5.718269889269      3.306643260554      0.070691510162
  258     -1.901321919051     -3.280456553971      0.051440651921
    8     -1.904603165716      1.108427197645     -0.780073882814
    8     -3.826560942555      4.407778219391     -0.765054176028
    8      0.006489310270     -2.213296504688     -0.773343667693
    8      1.925915491294      1.104555738538     -0.753965459625
    8      0.003697181811      4.405341782215     -0.770945529435
    8      3.809415788476     -2.207061321711     -0.758699008181
    8     -5.730107990487      1.115504249702     -0.759636356111
    8     -7.623771774489      4.412867897516     -0.725329578199
    8     -3.811040257199     -2.212231433527     -0.771171437042
    8      0.000000000000      0.000000000000     -2.343480358560
    8     -1.907115677346      3.304015618606     -2.343480358560
    8      1.907115677351     -3.304015618601     -2.343480358560
    8      3.812629363801     -0.000925421790     -2.343480358560
    8      1.905513686450      3.303090196822     -2.343480358560
    8      5.719745041160     -3.304941040392     -2.343480358560
    8     -3.812629363801      0.000925421780     -2.343480358560
    8     -5.719745041160      3.304941040392     -2.343480358560
    8     -1.905513686456     -3.303090196817     -2.343480358560
  258     -1.906581680385      1.101647013463     -3.124640478080
  258     -3.813697357724      4.405662632073     -3.124640478080
  258      0.000533996967     -2.202368605139     -3.124640478080
  258      1.906047683419      1.100721591677     -3.124640478080
  258     -0.001067993931      4.404737210285     -3.124640478080
  258      3.813163360768     -2.203294026928     -3.124640478080
  258     -5.719211044227      1.102572435237     -3.124640478080
  258     -7.626326721533      4.406588053865     -3.124640478080
  258     -3.812095366839     -2.201443183356     -3.124640478080
    8      1.906581680385     -1.101647013463     -3.905800597599
    8     -0.000533996967      2.202368605139     -3.905800597599
    8      3.813697357724     -4.405662632073     -3.905800597599
    8      5.719211044227     -1.102572435237     -3.905800597599
    8      3.812095366843      2.201443183357     -3.905800597599
    8      7.626326721533     -4.406588053865     -3.905800597599
    8     -1.906047683419     -1.100721591677     -3.905800597599
    8     -3.813163360770      2.203294026928     -3.905800597599
    8      0.001067993929     -4.404737210285     -3.905800597599
    8      1.403927457636      4.422839959937      6.393909571367
    1      0.737143395066      4.439928837503      5.626544020879
    1      6.824168285292     -4.873753291115      7.078269852500
    8      3.972264869572      2.820352716025      6.091376490413
    1      4.239954719493      2.094738765554      6.693147441040
    1      3.142189934321      3.244145913242      6.389506795693
    1     -1.328928779379     -1.808962520044      6.308588996079
    8     -2.138172255199     -1.335014222628      6.056397184890
    1     -2.758438868201     -2.011834870503      5.688104650039
    1     -4.743748160460      4.589386029900      5.622713983047
    8      0.129145019926     -4.862581142251      5.846308832657
    1     -6.261506522363      4.346470944694      6.014933411040
    8      1.959918467196     -1.811732180721      5.792525896520
    1      1.068594174619     -2.203828370611      5.650768126044
    1      2.565242588249     -2.565721985007      5.997354313475
    8      5.685471599312     -1.818729907838      5.856002868078
    1      6.600028768956     -2.079914598859      5.534696617068
    1      5.735069511529     -0.971770052876      6.386092823975
    1      4.622857335152     -3.128251862964      6.016853854375
    8      3.869654227219     -3.734809932252      5.784453779041
    1      3.901513473601     -4.594004643735      6.293146225143
    8      0.257891061470      1.889520675646      6.205116885200
    1      0.991787350432      1.381554883946      5.783975052443
    1      0.696491286835      2.696568727128      6.545975924402
    8      5.714773654514      0.716743827589      6.758694532594
    1     -5.620033961971      0.989046262641      5.770113047391
    1     -4.922827496997      1.013850132418      7.223383993348
    8      3.501176761171     13.545053437218      6.628784108661
    1      2.949646297413     13.570595235402      5.806079176755
    1      4.138039735984     12.811474462294      6.505446376623
    0    0
