   2   1   1 E -1.7583050572057E+04 DE-9.7E-08(  6)
  0.114383091012E+02 -0.347572972046E-02  0.000000000000E+00
 -0.572216358112E+01  0.991289343893E+01  0.000000000000E+00
  0.000000000000E+00  0.000000000000E+00  0.500000000000E+03
    1
  0.100000000000E+01  0.000000000000E+00  0.000000000000E+00
  0.000000000000E+00  0.100000000000E+01  0.000000000000E+00
  0.000000000000E+00  0.000000000000E+00  0.100000000000E+01
  0.000000000000E+00  0.000000000000E+00  0.000000000000E+00
  111
    8     -1.942669782613      1.142604104404      4.038337058423
    8     -3.629417341855      4.186347240380      4.265586249915
    8     -0.133017723942     -2.260095655955      4.093888977532
    8      1.899072404292      1.219058236775      4.139312502205
    8      0.037395801927      4.359332603486      4.145003749326
    0      3.813438373856     -2.203637593031      4.089120503632
    8     -5.630625327933      1.205177326830      4.205628977720
    8     -7.690048847717      4.481804733905      3.946844524451
    8     -3.745620563702     -2.340206463790      4.226189569972
  258      1.822123972245     -1.022656472912      3.287116966432
  258      0.009964577815      2.186396922980      3.287179468472
  258      3.823616312273     -4.584582079209      3.253867292156
  258      5.804413017013     -1.029537389259      3.240608820768
  258      3.809571213534      2.231750368178      3.328592208316
  258      7.627658268138     -4.401599544443      3.208771182315
  258     -1.895310137865     -1.082554077054      3.309556289468
  258     -3.786008304983      2.174348014678      3.220941898720
  258     -0.061977051748     -4.367474794714      3.281511841880
    8     -0.033618708019      0.024768886162      2.478540005431
    8     -1.868721645287      3.301728239554      2.402348290146
    8      2.043085581067     -3.350779825874      2.658529559290
    8      3.828639163399     -0.015373384539      2.573193588881
    8      1.895518238720      3.297560162512      2.421527399633
    8      5.561793167120     -3.297479682349      2.576848136190
    8     -3.773794917128     -0.028783753368      2.440022637417
    8     -5.698050206858      3.349279525812      2.484984700575
    8     -1.928995735981     -3.268791116504      2.397715801114
    8      1.898220724013     -1.121657151237      0.862670443470
    8      0.008297783567      2.193881075236      0.852423630987
    8      3.803957658440     -4.432444129598      0.845489127089
    8      5.724092686654     -1.108712307678      0.833239073931
    8      3.832484707406      2.184138489357      0.919190896199
    8      7.567047895003     -4.375502048260      0.897229962306
    8     -1.888099664704     -1.094722826690      0.843575281514
    8     -3.818617024733      2.202984613825      0.863794567234
    8      0.042943061566     -4.359023041506      0.915984386493
  258      0.001088933715     -0.002286717387      0.048044439023
  258     -1.899962118190      3.294882952438      0.018373708946
  258      1.917008448621     -3.302731495990      0.058237855442
  258      3.815434782774      0.001313873263      0.076859281221
  258      1.902082939443      3.292968188540      0.063300606351
  258      5.698003330861     -3.300938606965      0.047711161989
  258     -3.806923272847     -0.006799686932      0.032189241517
  258     -5.719642683913      3.307925852386      0.070292888280
  258     -1.900771813502     -3.280611381854      0.051236899786
    8     -1.904595038243      1.108821276143     -0.779799494186
    8     -3.827463107456      4.408417509416     -0.765027374519
    8      0.006602916735     -2.213220171610     -0.773577326619
    8      1.926012081392      1.104961158587     -0.753441570160
    8      0.003114490811      4.405501150519     -0.771327975034
    8      3.808933279102     -2.207236598310     -0.758237250795
    8     -5.731021623435      1.116131427421     -0.759805028755
    8     -7.624334062199      4.413714527083     -0.725920055625
    8     -3.811108248893     -2.212061009693     -0.771727089070
    8      0.000000000000      0.000000000000     -2.343480358560
    8     -1.907387860380      3.304297812973     -2.343480358560
    8      1.907387860385     -3.304297812968     -2.343480358560
    8      3.812769700400     -0.001158576578     -2.343480358560
    8      1.905381840015      3.303139236401     -2.343480358560
    8      5.720157560791     -3.305456389547     -2.343480358560
    8     -3.812769700399      0.001158576568     -2.343480358560
    8     -5.720157560791      3.305456389547     -2.343480358560
    8     -1.905381840021     -3.303139236396     -2.343480358560
  258     -1.906719186928      1.101818796515     -3.124640478080
  258     -3.814107047301      4.406116609492     -3.124640478080
  258      0.000668673456     -2.202479016455     -3.124640478080
  258      1.906050513473      1.100660219940     -3.124640478080
  258     -0.001337346909      4.404958032916     -3.124640478080
  258      3.813438373856     -2.203637593031     -3.124640478080
  258     -5.719488887369      1.102977373077     -3.124640478080
  258     -7.626876747708      4.407275186073     -3.124640478080
  258     -3.812101026948     -2.201320439883     -3.124640478080
    8      1.906719186928     -1.101818796515     -3.905800597599
    8     -0.000668673456      2.202479016455     -3.905800597599
    8      3.814107047301     -4.406116609492     -3.905800597599
    8      5.719488887369     -1.102977373077     -3.905800597599
    8      3.812101026952      2.201320439884     -3.905800597599
    8      7.626876747708     -4.407275186073     -3.905800597599
    8     -1.906050513473     -1.100660219940     -3.905800597599
    8     -3.813438373858      2.203637593031     -3.905800597599
    8      0.001337346907     -4.404958032916     -3.905800597599
    8      1.391886651348      4.417569562801      6.398728251036
    1      0.730423547583      4.441907315538      5.627175282712
    1      6.821728486591     -4.868017343437      7.076900151647
    8      3.970701895042      2.821602593741      6.085410655802
    1      4.246780236236      2.096406292675      6.684163658582
    1      3.137868317335      3.236009381523      6.387627150118
    1     -1.327277722749     -1.815004583229      6.319321639945
    8     -2.130244738421     -1.337033414489      6.056619994136
    1     -2.753291432890     -2.013465353325      5.693137558630
    1     -4.753051130629      4.587866303111      5.626099731873
    8      0.120113816599     -4.864919419837      5.843973025783
    1     -6.271888232088      4.344755956574      6.009785314717
    8      1.953152134070     -1.814248706260      5.785640358694
    1      1.064627199206     -2.208160068852      5.628489902174
    1      2.558229018944     -2.566798131088      5.993222391990
    8      5.685452220084     -1.817442715981      5.866410361612
    1      6.598276877307     -2.077720157255      5.537375721039
    1      5.736193760339     -0.971361010626      6.396169198535
    1      4.620315525186     -3.130698368909      6.026429973073
    8      3.869738203610     -3.735560722814      5.784576966010
    1      3.893067711477     -4.591747781184      6.296665305960
    8      0.246563077722      1.892225748396      6.186965291643
    1      0.988189178454      1.380540970482      5.784285086163
    1      0.679635747213      2.701465241824      6.534136992840
    8      5.717927817113      0.729025720049      6.760833001302
    1     -5.619983608656      0.994397846247      5.770185280294
    1     -4.920094184314      1.032915250512      7.221482342936
    8      3.476887694071     13.540724754918      6.635216019882
    1      2.938157579069     13.569943191932      5.804684716815
    1      4.113527455319     12.808106123638      6.514475725187
    0    0
