   2   1   1 E -1.7583050782384E+04 DE-1.9E-07(  6)
  0.114373868591E+02 -0.328676118721E-02  0.000000000000E+00
 -0.572153872390E+01  0.991202675475E+01  0.000000000000E+00
  0.000000000000E+00  0.000000000000E+00  0.500000000000E+03
    1
  0.100000000000E+01  0.000000000000E+00  0.000000000000E+00
  0.000000000000E+00  0.100000000000E+01  0.000000000000E+00
  0.000000000000E+00  0.000000000000E+00  0.100000000000E+01
  0.000000000000E+00  0.000000000000E+00  0.000000000000E+00
  111
    8     -1.945006470303      1.143906447713      4.042433088908
    8     -3.632642106336      4.188204362203      4.260692543441
    8     -0.132609061762     -2.262320220349      4.093847723319
    8      1.903696029241      1.217433851936      4.137154790141
    8      0.037582446985      4.363623234231      4.149741281391
    0      3.813094574027     -2.203403003540      4.089120503632
    8     -5.632331535069      1.204415533438      4.205641795094
    8     -7.689536632702      4.482203384901      3.944643690491
    8     -3.744682875028     -2.339624895577      4.227526799848
  258      1.821844754023     -1.022031361041      3.286631414796
  258      0.008028720338      2.185737791865      3.295380430969
  258      3.823614874973     -4.582762960044      3.251162342883
  258      5.803800014217     -1.029913468008      3.242180499456
  258      3.808129127687      2.230156166423      3.326154316372
  258      7.627329272529     -4.400683232365      3.205537997310
  258     -1.895773911687     -1.083871176233      3.308786954670
  258     -3.786673724047      2.174465598392      3.220418781929
  258     -0.059660852569     -4.368716688464      3.283180813520
    8     -0.034414596519      0.025952216946      2.481130439496
    8     -1.865773786078      3.300745693522      2.403216929620
    8      2.043308246052     -3.350018428337      2.658700341836
    8      3.829218009565     -0.017353925520      2.567991921924
    8      1.890252041739      3.297472048182      2.423020560892
    8      5.564509846825     -3.298052326128      2.572820445467
    8     -3.773146065140     -0.029195420307      2.439843486888
    8     -5.697567745733      3.347537801783      2.482952964711
    8     -1.928372474049     -3.266887804751      2.396031703090
    8      1.896401496796     -1.121538867537      0.862223919439
    8      0.007427188609      2.191547436071      0.849751151480
    8      3.802856910200     -4.431851872459      0.846284390410
    8      5.725355900803     -1.108107428327      0.831263730922
    8      3.829708471637      2.184490121845      0.919624890249
    8      7.568713904453     -4.375718281965      0.894735355061
    8     -1.888359842749     -1.092603615987      0.843314291945
    8     -3.817082909533      2.201763368441      0.864411700605
    8      0.043565862254     -4.359060180267      0.914688811414
  258      0.001091506618     -0.001718970400      0.047793396504
  258     -1.899197493337      3.293712549958      0.018149164860
  258      1.916200028583     -3.302509057228      0.057438576076
  258      3.815378858109      0.000996718389      0.076888849826
  258      1.901122043864      3.291756807960      0.063915416654
  258      5.697694795243     -3.300113561674      0.047688033322
  258     -3.806298140978     -0.006468373441      0.032159696184
  258     -5.719213618377      3.308048410892      0.069387158061
  258     -1.900299515074     -3.280635818609      0.050789621270
    8     -1.906298896383      1.107866303834     -0.781217985509
    8     -3.826587128917      4.407151983526     -0.765429093472
    8      0.006177665099     -2.212688916531     -0.774061084574
    8      1.926223182824      1.104164402980     -0.754707216343
    8      0.002468046766      4.405679772205     -0.770450437745
    8      3.808337590334     -2.207343606454     -0.758173627149
    8     -5.729704302118      1.116550229978     -0.759170242504
    8     -7.623266698351      4.412461574068     -0.726180179090
    8     -3.810265046194     -2.210841163577     -0.771601584406
    8      0.000000000000      0.000000000000     -2.343480358560
    8     -1.907179574640      3.304008918247     -2.343480358560
    8      1.907179574645     -3.304008918242     -2.343480358560
    8      3.812462286396     -0.001095587067     -2.343480358560
    8      1.905282711751      3.302913331187     -2.343480358560
    8      5.719641861047     -3.305104505311     -2.343480358560
    8     -3.812462286396      0.001095587057     -2.343480358560
    8     -5.719641861047      3.305104505311     -2.343480358560
    8     -1.905282711757     -3.302913331182     -2.343480358560
  258     -1.906547287014      1.101701501770     -3.124640478080
  258     -3.813726861647      4.405710420021     -3.124640478080
  258      0.000632287631     -2.202307416475     -3.124640478080
  258      1.905914999384      1.100605914706     -3.124640478080
  258     -0.001264575259      4.404614832956     -3.124640478080
  258      3.813094574027     -2.203403003540     -3.124640478080
  258     -5.719009573450      1.102797088820     -3.124640478080
  258     -7.626189148050      4.406806007091     -3.124640478080
  258     -3.811829998769     -2.201211829414     -3.124640478080
    8      1.906547287014     -1.101701501770     -3.905800597599
    8     -0.000632287631      2.202307416475     -3.905800597599
    8      3.813726861647     -4.405710420021     -3.905800597599
    8      5.719009573450     -1.102797088820     -3.905800597599
    8      3.811829998773      2.201211829415     -3.905800597599
    8      7.626189148050     -4.406806007091     -3.905800597599
    8     -1.905914999384     -1.100605914706     -3.905800597599
    8     -3.813094574029      2.203403003540     -3.905800597599
    8      0.001264575257     -4.404614832956     -3.905800597599
    8      1.380199087150      4.404404042212      6.407740257143
    1      0.728863372372      4.445665825443      5.627162210745
    1      6.818713348157     -4.872446176414      7.081947486555
    8      3.965344672341      2.823259179474      6.089269426029
    1      4.243755323179      2.100768810360      6.689988723004
    1      3.131950149007      3.237185313872      6.390650647301
    1     -1.321613022960     -1.815970848403      6.308833937409
    8     -2.128086039392     -1.338130891896      6.056246415465
    1     -2.751640662576     -2.013430627991      5.691428703723
    1     -4.760633590995      4.586741691396      5.642047591219
    8      0.109690944281     -4.866263515164      5.848021337491
    1     -6.282697459874      4.341584437654      6.007903406654
    8      1.946696010727     -1.804495482776      5.790717079453
    1      1.058587085427     -2.197980791254      5.629648452504
    1      2.551685886238     -2.558027360329      5.995579384427
    8      5.687879740855     -1.817917755658      5.866227233059
    1      6.600805117244     -2.077480171581      5.537676315795
    1      5.738709514731     -0.971853065821      6.395638412957
    1      4.616523272941     -3.126404819801      6.021400860819
    8      3.861859082603     -3.726488681528      5.780073497685
    1      3.881934061583     -4.582570707868      6.292219380807
    8      0.236775838184      1.896494559445      6.172868543597
    1      0.981428555428      1.371876532902      5.795876809038
    1      0.669648404789      2.707721323809      6.517053368444
    8      5.718866814623      0.730525508424      6.760199508786
    1     -5.619095342417      0.994308587039      5.769010042789
    1     -4.917949832205      1.035145573977      7.219506049895
    8      3.462575527100     13.550615654053      6.633501822827
    1      2.928430910444     13.578448774196      5.799579700920
    1      4.094138652672     12.812431014985      6.522676269630
    0    0
