   2   1   1 E -1.7583050781481E+04 DE-4.5E-07(  4)
  0.114373894779E+02 -0.327596430952E-02  0.000000000000E+00
 -0.572153068423E+01  0.991200152606E+01  0.000000000000E+00
  0.000000000000E+00  0.000000000000E+00  0.500000000000E+03
    1
  0.100000000000E+01  0.000000000000E+00  0.000000000000E+00
  0.000000000000E+00  0.100000000000E+01  0.000000000000E+00
  0.000000000000E+00  0.000000000000E+00  0.100000000000E+01
  0.000000000000E+00  0.000000000000E+00  0.000000000000E+00
  111
    8     -1.944991904032      1.143905207633      4.042425190565
    8     -3.632619317056      4.188130707084      4.260734249679
    8     -0.132631220204     -2.262327672751      4.093828017786
    8      1.903585452316      1.217381238491      4.137180972939
    8      0.037603017677      4.363612212259      4.149705616732
    0      3.813093369371     -2.203394997859      4.089120503632
    8     -5.632321873308      1.204336463485      4.205630792778
    8     -7.689501004277      4.482209396734      3.944648994529
    8     -3.744701129142     -2.339631508571      4.227507555405
  258      1.821807147717     -1.022019732891      3.286649824777
  258      0.008000578669      2.185686851422      3.295285148765
  258      3.823656688053     -4.582666294431      3.251198134378
  258      5.803816936570     -1.029951699919      3.242159403638
  258      3.808171822534      2.230151220231      3.326146729888
  258      7.627328968913     -4.400667005590      3.205501813998
  258     -1.895761801065     -1.083865854807      3.308776590001
  258     -3.786709274810      2.174377494292      3.220417832933
  258     -0.059662717908     -4.368697927708      3.283187081844
    8     -0.034401613920      0.025978232836      2.481104984493
    8     -1.865802663696      3.300750395040      2.403204017740
    8      2.043309000713     -3.350011172921      2.658697511118
    8      3.829232864065     -0.017369709259      2.567992424578
    8      1.890298848931      3.297460215577      2.423001732307
    8      5.564544462699     -3.297995733226      2.572824329124
    8     -3.773144636091     -0.029220464847      2.439817673822
    8     -5.697551443533      3.347514886514      2.482953081034
    8     -1.928360781565     -3.266891363807      2.396024362805
    8      1.896401573314     -1.121545353226      0.862237726188
    8      0.007428388903      2.191548237581      0.849746294196
    8      3.802875078497     -4.431836269090      0.846325382072
    8      5.725384477767     -1.108101207336      0.831271477842
    8      3.829723756010      2.184477201842      0.919627177472
    8      7.568725173546     -4.375704664528      0.894730855449
    8     -1.888390413357     -1.092583982662      0.843324817307
    8     -3.817075477717      2.201727283599      0.864409550965
    8      0.043568283429     -4.359050828781      0.914685581260
  258      0.001108529285     -0.001700766237      0.047828672240
  258     -1.899200298215      3.293710809155      0.018158257571
  258      1.916201511008     -3.302502368859      0.057453993925
  258      3.815376636546      0.000993516013      0.076883010369
  258      1.901141361820      3.291753274320      0.063919910395
  258      5.697714113546     -3.300108832083      0.047720536747
  258     -3.806281446593     -0.006465618080      0.032158922774
  258     -5.719202652980      3.308034854526      0.069386884736
  258     -1.900296198661     -3.280638163489      0.050794836908
    8     -1.906329659463      1.107858107765     -0.781212127400
    8     -3.826576895114      4.407136430103     -0.765415470891
    8      0.006176491148     -2.212680334447     -0.774060709597
    8      1.926236491587      1.104162265603     -0.754710781464
    8      0.002471577185      4.405682478645     -0.770431867279
    8      3.808342808452     -2.207340992811     -0.758166430450
    8     -5.729677980853      1.116523489097     -0.759176928622
    8     -7.623259185444      4.412445595186     -0.726173018726
    8     -3.810261270592     -2.210822400467     -0.771598427633
    8      0.000000000000      0.000000000000     -2.343480358560
    8     -1.907176894748      3.304000508685     -2.343480358560
    8      1.907176894753     -3.304000508680     -2.343480358560
    8      3.812463159304     -0.001091988107     -2.343480358560
    8      1.905286264551      3.302908520583     -2.343480358560
    8      5.719640054064     -3.305092496789     -2.343480358560
    8     -3.812463159304      0.001091988097     -2.343480358560
    8     -5.719640054064      3.305092496789     -2.343480358560
    8     -1.905286264557     -3.302908520578     -2.343480358560
  258     -1.906546684686      1.101697498929     -3.124640478080
  258     -3.813723579427      4.405698007618     -3.124640478080
  258      0.000630210067     -2.202303009753     -3.124640478080
  258      1.905916474620      1.100605510825     -3.124640478080
  258     -0.001260420131      4.404606019512     -3.124640478080
  258      3.813093369371     -2.203394997859     -3.124640478080
  258     -5.719009844031      1.102789487020     -3.124640478080
  258     -7.626186738740      4.406789995728     -3.124640478080
  258     -3.811832949242     -2.201211021651     -3.124640478080
    8      1.906546684686     -1.101697498929     -3.905800597599
    8     -0.000630210067      2.202303009753     -3.905800597599
    8      3.813723579427     -4.405698007618     -3.905800597599
    8      5.719009844031     -1.102789487020     -3.905800597599
    8      3.811832949246      2.201211021652     -3.905800597599
    8      7.626186738740     -4.406789995728     -3.905800597599
    8     -1.905916474620     -1.100605510825     -3.905800597599
    8     -3.813093369373      2.203394997859     -3.905800597599
    8      0.001260420129     -4.404606019512     -3.905800597599
    8      1.380233185985      4.404406847019      6.407716778391
    1      0.728894614831      4.445655026040      5.627150911716
    1      6.818703006576     -4.872434189654      7.081912798717
    8      3.965306060302      2.823287750683      6.089280751934
    1      4.243713522750      2.100781842551      6.689979034175
    1      3.131932280606      3.237236409889      6.390675969751
    1     -1.321635232216     -1.815928904566      6.308832810961
    8     -2.128119203557     -1.338131090797      6.056192390247
    1     -2.751673899951     -2.013458951193      5.691418116143
    1     -4.760624514248      4.586746772525      5.641943680435
    8      0.109680544289     -4.866218041060      5.847908463179
    1     -6.282689414080      4.341613325577      6.007859211495
    8      1.946689713638     -1.804480720364      5.790709387352
    1      1.058571099261     -2.197960338952      5.629709620936
    1      2.551667647005     -2.558026993374      5.995582745800
    8      5.687858112249     -1.817904083017      5.866192222239
    1      6.600814939961     -2.077478362953      5.537728443891
    1      5.738696412713     -0.971849295145      6.395615095112
    1      4.616513477830     -3.126407680913      6.021373646403
    8      3.861830731597     -3.726476982871      5.780090443124
    1      3.881914326808     -4.582577429160      6.292213240897
    8      0.236784912729      1.896482021961      6.172986387113
    1      0.981391427868      1.371926022529      5.795813184586
    1      0.669692649056      2.707680472162      6.517148457537
    8      5.718886104922      0.730501028325      6.760179867054
    1     -5.619068640342      0.994267897604      5.768999586813
    1     -4.917930631531      1.035096151599      7.219481701097
    8      3.462580234967     13.550626686466      6.633523901409
    1      2.928428619517     13.578442511402      5.799596543185
    1      4.094098036391     12.812390933203      6.522725281283
    0    0
