   2   1   1 E -1.7583050578787E+04 DE 2.0E-07(  6)
  0.114379024726E+02 -0.350184758938E-02  0.000000000000E+00
 -0.572198292895E+01  0.991245142060E+01  0.000000000000E+00
  0.000000000000E+00  0.000000000000E+00  0.500000000000E+03
    1
  0.100000000000E+01  0.000000000000E+00  0.000000000000E+00
  0.000000000000E+00  0.100000000000E+01  0.000000000000E+00
  0.000000000000E+00  0.000000000000E+00  0.100000000000E+01
  0.000000000000E+00  0.000000000000E+00  0.000000000000E+00
  111
    8     -1.942939159253      1.142543737210      4.038789598613
    8     -3.629323268757      4.186231993263      4.265012759804
    8     -0.133109076186     -2.260069435313      4.093818965198
    8      1.899590813659      1.218746623127      4.139077589537
    8      0.037322003066      4.359038690803      4.145155250036
    0      3.813307867018     -2.203545170708      4.089120503632
    8     -5.630601838104      1.205241698089      4.205185693037
    8     -7.689895295699      4.481775939952      3.946243454462
    8     -3.744994356606     -2.340150941029      4.226082258245
  258      1.821898360258     -1.022800992473      3.286885503968
  258      0.009675780033      2.186173730450      3.288068575076
  258      3.823469005196     -4.584313042857      3.253212269885
  258      5.804273145801     -1.029620257820      3.240654527404
  258      3.809363297330      2.231487854160      3.328050000463
  258      7.627382922936     -4.401284529041      3.208304797268
  258     -1.895280867738     -1.082681580725      3.309222506490
  258     -3.785987135800      2.174206657066      3.220535190222
  258     -0.061910234458     -4.367258189355      3.281464557462
    8     -0.033860242815      0.024869805202      2.478718911761
    8     -1.868308921515      3.301151329651      2.401865177789
    8      2.042850608516     -3.350576138752      2.658460743931
    8      3.828503518787     -0.015764714858      2.572562181469
    8      1.894751826751      3.297366866477      2.421432547600
    8      5.562016716840     -3.297355473568      2.576181273464
    8     -3.773516451065     -0.029019550553      2.439675196574
    8     -5.697750016258      3.349205934938      2.484509387282
    8     -1.928778251721     -3.268309392104      2.397222444025
    8      1.897895372352     -1.121564461728      0.862396978170
    8      0.008247975125      2.193450911047      0.852026589305
    8      3.803706659230     -4.432240339032      0.845276702675
    8      5.724097763237     -1.108580344353      0.832775609698
    8      3.832194328717      2.184055093981      0.918991294181
    8      7.567001525981     -4.375310912082      0.896811474574
    8     -1.887953274252     -1.094484030382      0.843220037781
    8     -3.818477807002      2.202684270084      0.863549041445
    8      0.042950927374     -4.358791974915      0.915489203762
  258      0.000954959954     -0.002172418816      0.047848611488
  258     -1.899842052691      3.294465607380      0.018070749949
  258      1.916810497732     -3.302585533277      0.057883589742
  258      3.815326025394      0.001247150045      0.076674927073
  258      1.901846934679      3.292667511220      0.063148138084
  258      5.697967157178     -3.300609506179      0.047440253802
  258     -3.806797395903     -0.006812563606      0.031988997823
  258     -5.719482823026      3.307775096652      0.069923369547
  258     -1.900636158284     -3.280391328882      0.050904016723
    8     -1.904619683766      1.108619163438     -0.780116166086
    8     -3.827315036669      4.408087020571     -0.765273741926
    8      0.006596080815     -2.212985936854     -0.773832499141
    8      1.925928009380      1.104820459446     -0.753647597731
    8      0.003047598120      4.405280748785     -0.771488163971
    8      3.808744442167     -2.207128220986     -0.758317427055
    8     -5.730726934812      1.116111574628     -0.759902178391
    8     -7.624047650544      4.413439306247     -0.726182708524
    8     -3.810905632946     -2.211770542780     -0.771920721997
    8      0.000000000000      0.000000000000     -2.343480358560
    8     -1.907327642989      3.304150473531     -2.343480358560
    8      1.907327642994     -3.304150473526     -2.343480358560
    8      3.812634157534     -0.001167282534     -2.343480358560
    8      1.905306514539      3.302983191003     -2.343480358560
    8      5.719961800535     -3.305317756062     -2.343480358560
    8     -3.812634157534      0.001167282524     -2.343480358560
    8     -5.719961800535      3.305317756062     -2.343480358560
    8     -1.905306514545     -3.302983190998     -2.343480358560
  258     -1.906653933510      1.101772585353     -3.124640478080
  258     -3.813981576492      4.405923058889     -3.124640478080
  258      0.000673709485     -2.202377888175     -3.124640478080
  258      1.905980224026      1.100605302822     -3.124640478080
  258     -0.001347418966      4.404755776357     -3.124640478080
  258      3.813307867018     -2.203545170708     -3.124640478080
  258     -5.719288091084      1.102939867871     -3.124640478080
  258     -7.626615734034      4.407090341426     -3.124640478080
  258     -3.811960448054     -2.201210605647     -3.124640478080
    8      1.906653933510     -1.101772585353     -3.905800597599
    8     -0.000673709485      2.202377888175     -3.905800597599
    8      3.813981576492     -4.405923058889     -3.905800597599
    8      5.719288091084     -1.102939867871     -3.905800597599
    8      3.811960448058      2.201210605648     -3.905800597599
    8      7.626615734034     -4.407090341426     -3.905800597599
    8     -1.905980224026     -1.100605302822     -3.905800597599
    8     -3.813307867020      2.203545170708     -3.905800597599
    8      0.001347418964     -4.404755776357     -3.905800597599
    8      1.390448891125      4.414373430486      6.399280479634
    1      0.730029729942      4.441095102162      5.626903430909
    1      6.820965049015     -4.870974409138      7.077587591208
    8      3.967036673040      2.826743821835      6.088288312314
    1      4.239585740846      2.104256667174      6.691540920588
    1      3.133830870396      3.243965779271      6.385075156693
    1     -1.320020641651     -1.810559838579      6.306400746094
    8     -2.127761557263     -1.335068293243      6.053649622427
    1     -2.750540606042     -2.012332670103      5.691595847321
    1     -4.753000382014      4.586745863483      5.627877217255
    8      0.120800750402     -4.864139557067      5.845361122752
    1     -6.272840596952      4.346719848347      6.010952914442
    8      1.952106397818     -1.817709817010      5.784930696460
    1      1.064397371775     -2.213091026181      5.627894038787
    1      2.558491423509     -2.569282851579      5.992061345953
    8      5.686831147468     -1.816980548577      5.864426643611
    1      6.600161845248     -2.077174513666      5.537189281167
    1      5.737318697623     -0.971550280065      6.394817747689
    1      4.622253675531     -3.130813797108      6.024235993859
    8      3.872059551749     -3.735762255491      5.781542612511
    1      3.896299276941     -4.592207150803      6.292407512887
    8      0.246358404236      1.891221545510      6.180208951442
    1      0.988126141829      1.378955474965      5.779352314891
    1      0.679637572778      2.699656828710      6.528507414931
    8      5.718638351753      0.729710685270      6.760309277640
    1     -5.619358559048      0.994602523647      5.769691997399
    1     -4.918969151608      1.034101131081      7.220354931726
    8      3.483300387328     13.537431524374      6.629542843458
    1      2.941876316141     13.567170231932      5.801881262046
    1      4.120162166628     12.805873891274      6.505415509836
    0    0
