   2   1   1 E -1.7583050130736E+04 DE-5.9E-07( 13)
  0.114386494185E+02 -0.186973022661E-02  0.000000000000E+00
 -0.572094269945E+01  0.991000062782E+01  0.000000000000E+00
  0.000000000000E+00  0.000000000000E+00  0.500000000000E+03
    1
  0.100000000000E+01  0.000000000000E+00  0.000000000000E+00
  0.000000000000E+00  0.100000000000E+01  0.000000000000E+00
  0.000000000000E+00  0.000000000000E+00  0.100000000000E+01
  0.000000000000E+00  0.000000000000E+00  0.000000000000E+00
  111
    8     -1.932957834717      1.141588955177      4.042267283412
    8     -3.636556957766      4.174658295187      4.271343181649
    8     -0.131760415927     -2.262866357557      4.086574771256
    8      1.885839076056      1.218260163587      4.151417516098
    8      0.044450055772      4.352895530883      4.138404679649
    0      3.813242692883     -2.202637857343      4.089120503632
    8     -5.633728816097      1.197933948194      4.212191784036
    8     -7.688471622252      4.477708241577      3.945820278728
    8     -3.745463296163     -2.333089085118      4.220575123272
  258      1.821160147834     -1.025631222128      3.295790361517
  258      0.009028808287      2.182183241210      3.271654516424
  258      3.822765226559     -4.588786624843      3.263189318035
  258      5.806673876622     -1.029600529347      3.236827397362
  258      3.808235211535      2.228025090835      3.333563952497
  258      7.628538115444     -4.401148780388      3.206707318096
  258     -1.894758130929     -1.084538829678      3.308240516737
  258     -3.787695250398      2.173653643102      3.226389189278
  258     -0.060343950135     -4.369602107520      3.279417465628
    8     -0.030395328050      0.021442019532      2.473900775581
    8     -1.871765551630      3.300589841076      2.405683283329
    8      2.045258413499     -3.356123534042      2.660048182286
    8      3.825550167041     -0.015987924407      2.582407499374
    8      1.897056553188      3.291867223496      2.420491451148
    8      5.557434224340     -3.297111507344      2.583203204691
    8     -3.773327047087     -0.026973118420      2.442945077964
    8     -5.701982022877      3.339649634066      2.484079448110
    8     -1.931186084230     -3.271306449589      2.396920567082
    8      1.900859135158     -1.124270898061      0.865805728569
    8      0.005816813503      2.192675715773      0.854048077360
    8      3.804074443808     -4.431693705127      0.846084305587
    8      5.721872772715     -1.108571825449      0.836623843127
    8      3.828427919185      2.179098387277      0.920321412902
    8      7.565457366222     -4.375515045596      0.897473423276
    8     -1.887500840447     -1.095776009809      0.845882821560
    8     -3.816789510873      2.203799760354      0.867344782263
    8      0.043163670517     -4.360450392782      0.914709974389
  258      0.003157134116     -0.006262521855      0.045941717905
  258     -1.901387308265      3.293941370140      0.018051271268
  258      1.917680955909     -3.303128451138      0.060598800117
  258      3.815530796909      0.000794032637      0.077339136770
  258      1.904270601257      3.291037272831      0.062086381030
  258      5.694682744088     -3.300470203976      0.050205293253
  258     -3.805495453443     -0.006894762320      0.032776648281
  258     -5.719780736630      3.304307578975      0.071251189182
  258     -1.903255549371     -3.280919174616      0.050774212860
    8     -1.902814604134      1.107558625241     -0.781525912016
    8     -3.826430237396      4.404674815597     -0.765949873364
    8      0.005731841468     -2.212001749468     -0.772223073172
    8      1.924438459578      1.102946245910     -0.753782944471
    8      0.003676269060      4.403721230680     -0.770955826563
    8      3.808056101554     -2.207234148602     -0.758667710085
    8     -5.731776533540      1.116678074518     -0.757209469719
    8     -7.624872783826      4.409255732323     -0.724003571893
    8     -3.811664099893     -2.213941653065     -0.770391399388
    8      0.000000000000      0.000000000000     -2.343480358560
    8     -1.906980899822      3.303333542605     -2.343480358560
    8      1.906980899827     -3.303333542600     -2.343480358560
    8      3.812883139499     -0.000623243413     -2.343480358560
    8      1.905902239672      3.302710299198     -2.343480358560
    8      5.719864039332     -3.303956786015     -2.343480358560
    8     -3.812883139499      0.000623243403     -2.343480358560
    8     -5.719864039332      3.303956786015     -2.343480358560
    8     -1.905902239678     -3.302710299193     -2.343480358560
  258     -1.906621346442      1.101318928671     -3.124640478080
  258     -3.813602246257      4.404652471280     -3.124640478080
  258      0.000359553384     -2.202014613931     -3.124640478080
  258      1.906261793059      1.100695685261     -3.124640478080
  258     -0.000719106766      4.404029227868     -3.124640478080
  258      3.813242692883     -2.202637857343     -3.124640478080
  258     -5.719504485982      1.101942172068     -3.124640478080
  258     -7.626485385764      4.405275714696     -3.124640478080
  258     -3.812523586119     -2.201391370524     -3.124640478080
    8      1.906621346442     -1.101318928671     -3.905800597599
    8     -0.000359553384      2.202014613931     -3.905800597599
    8      3.813602246257     -4.404652471280     -3.905800597599
    8      5.719504485982     -1.101942172068     -3.905800597599
    8      3.812523586123      2.201391370525     -3.905800597599
    8      7.626485385764     -4.405275714696     -3.905800597599
    8     -1.906261793059     -1.100695685261     -3.905800597599
    8     -3.813242692885      2.202637857343     -3.905800597599
    8      0.000719106764     -4.404029227868     -3.905800597599
    8      1.428052563574      4.427347503037      6.381332413032
    1      0.755421181546      4.432263838689      5.619963470164
    1      6.836508634669     -4.879536696515      7.070776265299
    8      3.967102780059      2.809092398246      6.077558550910
    1      4.218475039098      2.085156642295      6.687330705694
    1      3.145361531285      3.254728763362      6.367618362167
    1     -1.340945355256     -1.833085294963      6.328145317713
    8     -2.138223080908     -1.347329002159      6.060899603108
    1     -2.762350766315     -2.015270883225      5.682613056442
    1     -4.743328294458      4.592764786995      5.620159079241
    8      0.128413125100     -4.861280704430      5.849073375814
    1     -6.259397492743      4.341744692938      6.009644462711
    8      1.970177005061     -1.824861293599      5.783115636602
    1      1.074072043830     -2.207132316423      5.648591239814
    1      2.571859237466     -2.582501275720      5.985796864826
    8      5.678958536030     -1.823739978645      5.862555211574
    1      6.595582612421     -2.076294812663      5.541113177043
    1      5.716453403071     -0.970955639141      6.385166348618
    1      4.627573284595     -3.127469011398      6.009146950403
    8      3.877359584674     -3.741138888364      5.780179642355
    1      3.926457366537     -4.604074793850      6.280705262625
    8      0.299604941325      1.889817730728      6.263785389977
    1      1.007690701014      1.381495428892      5.798216581274
    1      0.759154360956      2.697098067800      6.573998127030
    8      5.704395158378      0.701802703825      6.757893664382
    1     -5.626311900813      0.977550840844      5.769934438661
    1     -4.933798272073      0.987755000467      7.228088518563
    8      3.601902979797     13.527820724379      6.634539324664
    1      3.006314968972     13.501775231333      5.846578573311
    1      4.253776539861     12.803604828815      6.512318493745
    0    0
