   2   1   1 E -1.7583050405546E+04 DE-6.8E-07( 13)
  0.114374863591E+02 -0.251010749397E-02  0.000000000000E+00
 -0.572091565794E+01  0.991111756871E+01  0.000000000000E+00
  0.000000000000E+00  0.000000000000E+00  0.500000000000E+03
    1
  0.100000000000E+01  0.000000000000E+00  0.000000000000E+00
  0.000000000000E+00  0.100000000000E+01  0.000000000000E+00
  0.000000000000E+00  0.000000000000E+00  0.100000000000E+01
  0.000000000000E+00  0.000000000000E+00  0.000000000000E+00
  111
    8     -1.935102281424      1.140831705493      4.040539736992
    8     -3.628085326006      4.179753468528      4.269477664447
    8     -0.132331736985     -2.262166191408      4.088801344689
    8      1.891513855662      1.218640350456      4.144331192906
    8      0.042265492199      4.357878687716      4.142939085800
    0      3.812978226035     -2.203028372488      4.089120503632
    8     -5.627994106148      1.201196882727      4.209684075837
    8     -7.686735081932      4.479827329910      3.949111904636
    8     -3.743909559394     -2.338216491703      4.223425736403
  258      1.822061260029     -1.023917158133      3.290359917876
  258      0.012817133095      2.183187458806      3.277514563731
  258      3.825103099376     -4.583543177043      3.260770017388
  258      5.807584967020     -1.029499209031      3.239160062965
  258      3.810812970492      2.229407324215      3.331366751051
  258      7.628788522530     -4.400768187995      3.208685339001
  258     -1.893206006245     -1.084599117685      3.308586668333
  258     -3.784148899060      2.172679034426      3.223693025438
  258     -0.059071885161     -4.367641230811      3.280427222800
    8     -0.030697973569      0.021909105643      2.473485086027
    8     -1.869598647884      3.301449710112      2.404777907051
    8      2.045787880297     -3.352255469665      2.658268131639
    8      3.829297546526     -0.015358353153      2.577088144543
    8      1.900148685446      3.295011187999      2.420314760701
    8      5.560576126167     -3.295996299912      2.580666228243
    8     -3.771877112672     -0.027695541471      2.439929072113
    8     -5.696367686700      3.344075049890      2.484339646321
    8     -1.928897855818     -3.271290226129      2.396970464286
    8      1.900352223510     -1.123094590046      0.862990460938
    8      0.008323749390      2.192996296911      0.852670513187
    8      3.805434082753     -4.431607357988      0.845633951837
    8      5.724789204375     -1.108293502784      0.834075778854
    8      3.832715575102      2.181461818854      0.918378717956
    8      7.566227724191     -4.374950671427      0.897669477891
    8     -1.888550929752     -1.094925346024      0.843990935897
    8     -3.816094171315      2.201829360993      0.864135581105
    8      0.044372875412     -4.359665897589      0.915999410297
  258      0.002095686464     -0.004366110218      0.046379335823
  258     -1.900051571333      3.293827291444      0.017988364476
  258      1.918051919347     -3.302861112133      0.059198288892
  258      3.816405340523      0.001338413508      0.076118704338
  258      1.904142675676      3.292134208507      0.062331237789
  258      5.697101975164     -3.300835846903      0.048707964051
  258     -3.804816366793     -0.006736000713      0.031775913004
  258     -5.717383720249      3.305464651005      0.070566245719
  258     -1.901227968688     -3.280538352332      0.051301765406
    8     -1.904591784337      1.107707790188     -0.780278338149
    8     -3.825977541644      4.406820578162     -0.765342719092
    8      0.006554982429     -2.213353409210     -0.773426073441
    8      1.925782987737      1.103912304674     -0.754296457001
    8      0.003928960775      4.404680447957     -0.770886708748
    8      3.809559277924     -2.207158707599     -0.759006747380
    8     -5.729295221746      1.114911165076     -0.759501971891
    8     -7.623221486140      4.411905671765     -0.725297489047
    8     -3.810657913373     -2.212163184597     -0.770928313159
    8      0.000000000000      0.000000000000     -2.343480358560
    8     -1.906971885984      3.303705856234     -2.343480358560
    8      1.906971885989     -3.303705856229     -2.343480358560
    8      3.812495453063     -0.000836702502     -2.343480358560
    8      1.905523567075      3.302869153738     -2.343480358560
    8      5.719467339059     -3.304542558733     -2.343480358560
    8     -3.812495453063      0.000836702492     -2.343480358560
    8     -5.719467339059      3.304542558733     -2.343480358560
    8     -1.905523567081     -3.302869153733     -2.343480358560
  258     -1.906489113018      1.101514186244     -3.124640478080
  258     -3.813460998995      4.405220042482     -3.124640478080
  258      0.000482772971     -2.202191669987     -3.124640478080
  258      1.906006340048      1.100677483745     -3.124640478080
  258     -0.000965545939      4.404383339982     -3.124640478080
  258      3.812978226035     -2.203028372488     -3.124640478080
  258     -5.718984566122      1.102350888730     -3.124640478080
  258     -7.625956452066      4.406056744987     -3.124640478080
  258     -3.812012680097     -2.201354967491     -3.124640478080
    8      1.906489113018     -1.101514186244     -3.905800597599
    8     -0.000482772971      2.202191669987     -3.905800597599
    8      3.813460998995     -4.405220042482     -3.905800597599
    8      5.718984566122     -1.102350888730     -3.905800597599
    8      3.812012680101      2.201354967492     -3.905800597599
    8      7.625956452066     -4.406056744987     -3.905800597599
    8     -1.906006340048     -1.100677483745     -3.905800597599
    8     -3.812978226037      2.203028372488     -3.905800597599
    8      0.000965545937     -4.404383339982     -3.905800597599
    8      1.407676970119      4.422329361091      6.391444456613
    1      0.740351451296      4.439182670298      5.625471353726
    1      6.825299863726     -4.875375446003      7.077858803497
    8      3.972337682760      2.817006243052      6.088027808758
    1      4.237718630482      2.092510992531      6.691786651657
    1      3.144226097484      3.243932730319      6.387316884206
    1     -1.326778673673     -1.809723051151      6.310961035212
    8     -2.134291942731     -1.336649368919      6.053074528569
    1     -2.754442060722     -2.013612793817      5.684465213698
    1     -4.741084100371      4.589823430878      5.618854264530
    8      0.128400226969     -4.862354071098      5.839616155069
    1     -6.260405398898      4.345061434628      6.009960834192
    8      1.965059060602     -1.810664337799      5.780773439339
    1      1.070337067022     -2.193017855991      5.641601621758
    1      2.563737225330     -2.569515420875      5.988497069715
    8      5.673040184476     -1.818123504372      5.860515800028
    1      6.583103901452     -2.070382375607      5.521452126631
    1      5.724148408070     -0.970195770140      6.391065561463
    1      4.618551850586     -3.129030719178      6.017547700485
    8      3.867423293531     -3.738191212731      5.785873684088
    1      3.902265255987     -4.596803048096      6.296926800682
    8      0.252842155424      1.889882240516      6.199707944229
    1      0.988297859815      1.383223287025      5.777034491360
    1      0.692987355349      2.696635961784      6.544910131392
    8      5.708856950781      0.715914322376      6.761434129818
    1     -5.622025792976      0.988137172432      5.772688416748
    1     -4.928119585685      1.008605313815      7.228107382874
    8      3.515432129745     13.544428554375      6.637117976978
    1      2.960165291437     13.564285470022      5.820133100132
    1      4.151353416979     12.813651922968      6.511421212359
    0    0
