   2   1   1 E -1.7583050562800E+04 DE-4.3E-07(  6)
  0.114382696720E+02 -0.335821083877E-02  0.000000000000E+00
 -0.572204201207E+01  0.991288541046E+01  0.000000000000E+00
  0.000000000000E+00  0.000000000000E+00  0.500000000000E+03
    1
  0.100000000000E+01  0.000000000000E+00  0.000000000000E+00
  0.000000000000E+00  0.100000000000E+01  0.000000000000E+00
  0.000000000000E+00  0.000000000000E+00  0.100000000000E+01
  0.000000000000E+00  0.000000000000E+00  0.000000000000E+00
  111
    8     -1.941993772625      1.142431635170      4.038097866716
    8     -3.629003084048      4.185951600589      4.266420796029
    8     -0.133119384969     -2.260112779478      4.093493111661
    8      1.898271979453      1.219414995784      4.139622434583
    8      0.037717965738      4.359727332152      4.144900401911
    0      3.813402596476     -2.203609693620      4.089120503632
    8     -5.629968153489      1.204708646059      4.205857841084
    8     -7.689759101301      4.481772104265      3.947420542613
    8     -3.745986711123     -2.339767631145      4.225845523219
  258      1.822365623062     -1.022547434166      3.287357694477
  258      0.010439633419      2.186312671656      3.285851970179
  258      3.823797608782     -4.584165781803      3.254906319157
  258      5.804687202694     -1.029272709279      3.240190267968
  258      3.809890966152      2.231785107718      3.328964421216
  258      7.627742490941     -4.401406019166      3.208988508989
  258     -1.895220246074     -1.082537156714      3.309524243198
  258     -3.785727774499      2.174209227975      3.221255191773
  258     -0.061774120231     -4.367386507686      3.281428577356
    8     -0.033365592026      0.024566385057      2.477771253443
    8     -1.869031597453      3.302143268505      2.402861893743
    8      2.043475548267     -3.350860169583      2.658456628001
    8      3.829117984636     -0.015009805592      2.573567314157
    8      1.896440156439      3.297598527001      2.421396656044
    8      5.561520444586     -3.297041165455      2.577413439879
    8     -3.773787521532     -0.028515325460      2.439866055572
    8     -5.697803166298      3.348950961679      2.485102839064
    8     -1.929114247309     -3.269121951400      2.397802697288
    8      1.898556525542     -1.121726075014      0.862642747005
    8      0.008363156266      2.194080084309      0.852537666726
    8      3.804209381253     -4.432350121798      0.845603860635
    8      5.724249985803     -1.108585035892      0.833424555939
    8      3.832740594223      2.184069654221      0.919066843924
    8      7.566864682394     -4.375393041330      0.897434608576
    8     -1.888347071253     -1.094715613926      0.843668863223
    8     -3.818377456008      2.202942204881      0.863783482218
    8      0.043072520399     -4.359079866163      0.916238080079
  258      0.001197516786     -0.002440413252      0.047934582262
  258     -1.899993314876      3.295026867849      0.018478466575
  258      1.917204382455     -3.302725922134      0.058465037204
  258      3.815609121525      0.001427843667      0.076795922269
  258      1.902374669267      3.293121275194      0.063251952090
  258      5.697910136475     -3.301003282550      0.047866132518
  258     -3.806741749876     -0.006734877928      0.032140500036
  258     -5.719359697310      3.307805580213      0.070451456504
  258     -1.900854793583     -3.280627609875      0.051395035099
    8     -1.904691858984      1.108809363610     -0.779676373466
    8     -3.827332588784      4.408483632282     -0.764924441283
    8      0.006583745751     -2.213328126549     -0.773510714427
    8      1.926028462581      1.104995146001     -0.753482115420
    8      0.003223661315      4.405572392382     -0.771206615819
    8      3.809117988569     -2.207218680067     -0.758334521899
    8     -5.730790852084      1.115937998819     -0.759863311123
    8     -7.624250608377      4.413759556143     -0.725794125237
    8     -3.811117821796     -2.212051498813     -0.771617502248
    8      0.000000000000      0.000000000000     -2.343480358560
    8     -1.907347337363      3.304295136817     -2.343480358560
    8      1.907347337368     -3.304295136812     -2.343480358560
    8      3.812756557346     -0.001119403617     -2.343480358560
    8      1.905409219977      3.303175733205     -2.343480358560
    8      5.720103894721     -3.305414540431     -2.343480358560
    8     -3.812756557346      0.001119403607     -2.343480358560
    8     -5.720103894721      3.305414540431     -2.343480358560
    8     -1.905409219983     -3.303175733200     -2.343480358560
  258     -1.906701298238      1.101804846810     -3.124640478080
  258     -3.814048635595      4.406099983630     -3.124640478080
  258      0.000646039130     -2.202490290004     -3.124640478080
  258      1.906055259109      1.100685443195     -3.124640478080
  258     -0.001292078257      4.404980580015     -3.124640478080
  258      3.813402596476     -2.203609693620     -3.124640478080
  258     -5.719457855625      1.102924250411     -3.124640478080
  258     -7.626805192948      4.407219387250     -3.124640478080
  258     -3.812110518221     -2.201370886393     -3.124640478080
    8      1.906701298238     -1.101804846810     -3.905800597599
    8     -0.000646039130      2.202490290004     -3.905800597599
    8      3.814048635595     -4.406099983630     -3.905800597599
    8      5.719457855625     -1.102924250411     -3.905800597599
    8      3.812110518225      2.201370886394     -3.905800597599
    8      7.626805192948     -4.407219387250     -3.905800597599
    8     -1.906055259109     -1.100685443195     -3.905800597599
    8     -3.813402596478      2.203609693620     -3.905800597599
    8      0.001292078255     -4.404980580015     -3.905800597599
    8      1.393249816328      4.419754895574      6.398419288931
    1      0.730898012677      4.442447247953      5.627526818856
    1      6.821605953464     -4.866913998894      7.077201880150
    8      3.970502650962      2.823965009118      6.088386045281
    1      4.241965486976      2.100946207769      6.691768012905
    1      3.136391260562      3.240700078746      6.383707653957
    1     -1.330029439563     -1.813908259823      6.322095484301
    8     -2.132056141572     -1.336149051480      6.056064196533
    1     -2.754661521464     -2.012945625456      5.692300766083
    1     -4.751004054377      4.588216259423      5.625833706705
    8      0.122787160211     -4.863650941109      5.845619177834
    1     -6.269536508484      4.346764085953      6.012486494577
    8      1.960985976727     -1.815939540057      5.788017521878
    1      1.070725780707     -2.208464888272      5.638840446366
    1      2.565927207922     -2.569152206853      5.994082449001
    8      5.689156061990     -1.818861678772      5.861503508715
    1      6.601497447791     -2.077204564160      5.529784983330
    1      5.739722020797     -0.973123683669      6.392485167136
    1      4.626356609403     -3.133513333249      6.022226697380
    8      3.875354574536     -3.739047568832      5.783218482967
    1      3.900448221726     -4.594737411730      6.296875856087
    8      0.244705331086      1.893222230894      6.190830924890
    1      0.985786551700      1.381701113328      5.786371151530
    1      0.678457308822      2.702106238791      6.537764801406
    8      5.718610988552      0.725086995037      6.760208150324
    1     -5.619325901389      0.992784998962      5.770062348855
    1     -4.919691022399      1.028648209143      7.221748379662
    8      3.483514346593     13.540924586628      6.639817853042
    1      2.943921102138     13.569158742711      5.809471951476
    1      4.118877505292     12.806920478214      6.520485597241
    0    0
