   2   1   1 E -1.7583050616795E+04 DE 2.2E-08(  5)
  0.114373299379E+02 -0.324158616834E-02  0.000000000000E+00
 -0.572147114713E+01  0.991185883743E+01  0.000000000000E+00
  0.000000000000E+00  0.000000000000E+00  0.500000000000E+03
    1
  0.100000000000E+01  0.000000000000E+00  0.000000000000E+00
  0.000000000000E+00  0.100000000000E+01  0.000000000000E+00
  0.000000000000E+00  0.000000000000E+00  0.100000000000E+01
  0.000000000000E+00  0.000000000000E+00  0.000000000000E+00
  111
    8     -1.945013443372      1.143930486744      4.042535261419
    8     -3.632660753363      4.187976319715      4.260582616036
    8     -0.132644304206     -2.262457887149      4.093706625786
    8      1.903501199616      1.217139491300      4.137120638980
    8      0.037725712360      4.363737022240      4.149842266017
    0      3.813066907795     -2.203355649686      4.089120503632
    8     -5.632297219828      1.204145799875      4.205653972665
    8     -7.689337748144      4.482211142101      3.944562782860
    8     -3.744628247649     -2.339699621266      4.227499655039
  258      1.821704871688     -1.021963919428      3.286656896272
  258      0.007888898213      2.185493889497      3.295370573702
  258      3.823799717128     -4.582388221922      3.251172692386
  258      5.803846955535     -1.030075578056      3.242192299674
  258      3.808223267772      2.230022815888      3.326033113572
  258      7.627343826928     -4.400612918994      3.205262134699
  258     -1.895727238677     -1.083951594360      3.308675111873
  258     -3.786754630031      2.174151001971      3.220373768852
  258     -0.059519707357     -4.368701263327      3.283237299230
    8     -0.034370434973      0.026030541442      2.481086931766
    8     -1.865723050766      3.300691791934      2.403203460694
    8      2.043364061230     -3.349947654771      2.658654145636
    8      3.829203275033     -0.017470135117      2.567725624992
    8      1.890229929343      3.297382636442      2.422992662849
    8      5.564736794562     -3.298014354180      2.572639385430
    8     -3.773004844059     -0.029251808367      2.439666970372
    8     -5.697440685830      3.347330161943      2.482825831369
    8     -1.928292633125     -3.266846507423      2.395878592098
    8      1.896323047583     -1.121568468913      0.862230747117
    8      0.007394221746      2.191408786216      0.849572191454
    8      3.802893664552     -4.431774463447      0.846432475139
    8      5.725525749358     -1.108070860412      0.831121144566
    8      3.829645023955      2.184432528101      0.919619443960
    8      7.568824032025     -4.375685642268      0.894587312877
    8     -1.888487271654     -1.092441165313      0.843294161031
    8     -3.816949235253      2.201540443695      0.864394156220
    8      0.043625285683     -4.359024080150      0.914609564319
  258      0.001161676357     -0.001666285193      0.047869185859
  258     -1.899160628087      3.293636910723      0.018161413386
  258      1.916183529622     -3.302477353219      0.057457364419
  258      3.815369258099      0.000959716259      0.076853582063
  258      1.901166599463      3.291671312909      0.063953431762
  258      5.697734201235     -3.300082430901      0.047784609855
  258     -3.806186769394     -0.006452425334      0.032139397197
  258     -5.719120791406      3.307985878924      0.069344565833
  258     -1.900257406089     -3.280652465984      0.050791441894
    8     -1.906491511568      1.107766962159     -0.781268109396
    8     -3.826492564628      4.407021382321     -0.765400015164
    8      0.006156434327     -2.212641168538     -0.774078415868
    8      1.926268207019      1.104100325097     -0.754786401279
    8      0.002453452470      4.405669359922     -0.770342707788
    8      3.808329887207     -2.207347759582     -0.758160730342
    8     -5.729509362523      1.116455031931     -0.759171809202
    8     -7.623168263666      4.412331381314     -0.726159502079
    8     -3.810193911983     -2.210710835035     -0.771580777336
    8      0.000000000000      0.000000000000     -2.343480358560
    8     -1.907157049049      3.303952945805     -2.343480358560
    8      1.907157049054     -3.303952945800     -2.343480358560
    8      3.812443312640     -0.001080528727     -2.343480358560
    8      1.905286263586      3.302872417084     -2.343480358560
    8      5.719600361701     -3.305033474529     -2.343480358560
    8     -3.812443312640      0.001080528717     -2.343480358560
    8     -5.719600361701      3.305033474529     -2.343480358560
    8     -1.905286263592     -3.302872417079     -2.343480358560
  258     -1.906533453898      1.101677824842     -3.124640478080
  258     -3.813690502940      4.405630770652     -3.124640478080
  258      0.000623595155     -2.202275120960     -3.124640478080
  258      1.905909858744      1.100597296118     -3.124640478080
  258     -0.001247190308      4.404550241927     -3.124640478080
  258      3.813066907795     -2.203355649686     -3.124640478080
  258     -5.718976766579      1.102758353553     -3.124640478080
  258     -7.626133815588      4.406711299382     -3.124640478080
  258     -3.811819717490     -2.201194592239     -3.124640478080
    8      1.906533453898     -1.101677824842     -3.905800597599
    8     -0.000623595155      2.202275120960     -3.905800597599
    8      3.813690502940     -4.405630770652     -3.905800597599
    8      5.718976766579     -1.102758353553     -3.905800597599
    8      3.811819717494      2.201194592240     -3.905800597599
    8      7.626133815588     -4.406711299382     -3.905800597599
    8     -1.905909858744     -1.100597296118     -3.905800597599
    8     -3.813066907797      2.203355649686     -3.905800597599
    8      0.001247190306     -4.404550241927     -3.905800597599
    8      1.380246330663      4.404326198368      6.407841269702
    1      0.729152952810      4.445890169648      5.627078916203
    1      6.818952288451     -4.871906406069      7.081691950571
    8      3.964816080845      2.823744672141      6.089575315933
    1      4.243370850326      2.101237751821      6.690177960746
    1      3.131603612946      3.237799548205      6.391259287023
    1     -1.321602038894     -1.815350377742      6.308424371494
    8     -2.128474457933     -1.337993163044      6.056097122137
    1     -2.751773964950     -2.013561428657      5.691255704038
    1     -4.760920051227      4.586810771387      5.642060875496
    8      0.109220666833     -4.865912693196      5.847326557484
    1     -6.283121670657      4.341828865345      6.007417419642
    8      1.946732469822     -1.804256788721      5.790370499311
    1      1.058527826834     -2.197638632545      5.629706129091
    1      2.551602336589     -2.557878209467      5.995463191226
    8      5.687868885946     -1.818029269474      5.866401205701
    1      6.600855744844     -2.077375603220      5.537843910445
    1      5.738662157430     -0.971914261529      6.395706173658
    1      4.616474338038     -3.126426279925      6.021293885227
    8      3.861649994499     -3.726363877175      5.780216465360
    1      3.881648088042     -4.582429733304      6.292443804737
    8      0.237444667327      1.896576483628      6.174327416053
    1      0.981612274389      1.372368125629      5.796449482900
    1      0.670336096835      2.708085877272      6.517659624280
    8      5.718943055855      0.730431117374      6.760096192634
    1     -5.618931010675      0.994127034382      5.768938827568
    1     -4.917754796280      1.034892834762      7.219317265909
    8      3.462486586693     13.550853585575      6.633955195887
    1      2.928658574652     13.578460761397      5.799764354242
    1      4.093731805533     12.812300056323      6.523724618657
    0    0
