   2   1   1 E -1.7583050523822E+04 DE-2.3E-07(  6)
  0.114378547883E+02 -0.289946083153E-02  0.000000000000E+00
 -0.572143711124E+01  0.991214232111E+01  0.000000000000E+00
  0.000000000000E+00  0.000000000000E+00  0.500000000000E+03
    1
  0.100000000000E+01  0.000000000000E+00  0.000000000000E+00
  0.000000000000E+00  0.100000000000E+01  0.000000000000E+00
  0.000000000000E+00  0.000000000000E+00  0.100000000000E+01
  0.000000000000E+00  0.000000000000E+00  0.000000000000E+00
  111
    8     -1.938977929370      1.141964084628      4.038477458701
    8     -3.628389397964      4.183233990822      4.268664567117
    8     -0.132467525392     -2.260075404182      4.091444654970
    8      1.894819324723      1.219448574343      4.142030219772
    8      0.039805351047      4.359316905759      4.143819165510
    0      3.813175977692     -2.203342618207      4.089120503632
    8     -5.628908414410      1.202828404194      4.207260496813
    8     -7.688378315497      4.481238369915      3.948371723665
    8     -3.746227068068     -2.337539301886      4.224377978297
  258      1.822526894458     -1.022750342872      3.288743651161
  258      0.011313620743      2.185289996591      3.280953374001
  258      3.824368258233     -4.583567369819      3.258308151772
  258      5.805842423100     -1.028689675015      3.239012945736
  258      3.810533673819      2.231111439497      3.330221976352
  258      7.628060937583     -4.400648752086      3.208880944146
  258     -1.894631254972     -1.082706976392      3.309026952786
  258     -3.785029283287      2.173736561143      3.222482006962
  258     -0.060524325221     -4.367144620884      3.280933810940
    8     -0.032075114617      0.023550077905      2.475396210246
    8     -1.869706906106      3.302544501747      2.404101557748
    8      2.044813554093     -3.351230069089      2.658533150609
    8      3.829701913211     -0.014756273616      2.575425726673
    8      1.898607599049      3.296756869764      2.420828802543
    8      5.560724167103     -3.295692940628      2.579375086183
    8     -3.773440468283     -0.027765843380      2.439836122221
    8     -5.697241208723      3.346815485540      2.484951474193
    8     -1.929259662095     -3.269883358706      2.397580780720
    8      1.899656866669     -1.122185480103      0.862987814307
    8      0.008288338276      2.194048997329      0.852648972083
    8      3.804810029667     -4.431796215451      0.845794809230
    8      5.724357207543     -1.108170563827      0.834173425620
    8      3.832757964374      2.183051109560      0.918762232152
    8      7.566293288630     -4.374987970189      0.897677317030
    8     -1.888603746970     -1.094628473367      0.843977020824
    8     -3.817318317232      2.202797018178      0.864023268839
    8      0.043679707375     -4.359204789283      0.916335819477
  258      0.001660984895     -0.003252512438      0.047118445547
  258     -1.900097616616      3.294836886909      0.018331602253
  258      1.917695435521     -3.302648726722      0.059001662267
  258      3.816057320529      0.001612276232      0.076481238912
  258      1.903303059934      3.292973562480      0.062750909776
  258      5.697338550773     -3.300836839863      0.048365185635
  258     -3.805864320299     -0.006537844546      0.031924344671
  258     -5.718374029873      3.306870957621      0.070629588469
  258     -1.901170501384     -3.280455024636      0.051419232144
    8     -1.904625785775      1.108490573891     -0.779975394056
    8     -3.826661653016      4.407924268813     -0.765023987314
    8      0.006520788750     -2.213289297609     -0.773405998365
    8      1.925933733409      1.104658639928     -0.753890546739
    8      0.003626763324      4.405365912799     -0.771018266181
    8      3.809383994979     -2.207066993320     -0.758675638840
    8     -5.730107017919      1.115538665444     -0.759760412701
    8     -7.623769799622      4.413067157151     -0.725456770563
    8     -3.810993307439     -2.212121413886     -0.771311058885
    8      0.000000000000      0.000000000000     -2.343480358560
    8     -1.907145703751      3.304047440366     -2.343480358560
    8      1.907145703756     -3.304047440361     -2.343480358560
    8      3.812618262783     -0.000966486948     -2.343480358560
    8      1.905472559027      3.303080953424     -2.343480358560
    8      5.719763966546     -3.305013927311     -2.343480358560
    8     -3.812618262783      0.000966486938     -2.343480358560
    8     -5.719763966546      3.305013927311     -2.343480358560
    8     -1.905472559033     -3.303080953419     -2.343480358560
  258     -1.906587988847      1.101671309103     -3.124640478080
  258     -3.813733692591      4.405718749473     -3.124640478080
  258      0.000557714909     -2.202376131260     -3.124640478080
  258      1.906030273939      1.100704822158     -3.124640478080
  258     -0.001115429815      4.404752262527     -3.124640478080
  258      3.813175977692     -2.203342618207     -3.124640478080
  258     -5.719206251671      1.102637796035     -3.124640478080
  258     -7.626351955382      4.406685236424     -3.124640478080
  258     -3.812060547879     -2.201409644318     -3.124640478080
    8      1.906587988847     -1.101671309103     -3.905800597599
    8     -0.000557714909      2.202376131260     -3.905800597599
    8      3.813733692591     -4.405718749473     -3.905800597599
    8      5.719206251671     -1.102637796035     -3.905800597599
    8      3.812060547883      2.201409644319     -3.905800597599
    8      7.626351955382     -4.406685236424     -3.905800597599
    8     -1.906030273939     -1.100704822158     -3.905800597599
    8     -3.813175977694      2.203342618207     -3.905800597599
    8      0.001115429813     -4.404752262527     -3.905800597599
    8      1.402276469278      4.422678303791      6.394473440110
    1      0.736099274081      4.440656263992      5.626649794105
    1      6.823925617650     -4.872280028627      7.078131748059
    8      3.971377567295      2.822210480308      6.091103179857
    1      4.240725152035      2.096173390498      6.691652325829
    1      3.141090602715      3.244209804055      6.390842371559
    1     -1.328258325367     -1.810107881289      6.310475503917
    8     -2.134878843232     -1.334606549786      6.053640509511
    1     -2.756726120349     -2.011267286586      5.687912805283
    1     -4.745299562642      4.589333813982      5.623162492256
    8      0.127924471721     -4.862159741713      5.845920371766
    1     -6.263124121500      4.347385229232      6.014529255993
    8      1.957927607625     -1.813162286173      5.791479694639
    1      1.067737560955     -2.205723274107      5.643121433271
    1      2.562865595616     -2.567276772726      5.996375414756
    8      5.684335313562     -1.819184226464      5.858911872570
    1      6.598682574456     -2.080490198169      5.536513847851
    1      5.734018445725     -0.972146292107      6.388778529496
    1      4.621182855116     -3.129511797548      6.018991503468
    8      3.868886335709     -3.736025610984      5.784449616168
    1      3.899626649609     -4.594686932991      6.293959363682
    8      0.256719644929      1.889887284002      6.201001721848
    1      0.991979224906      1.382443821108      5.781822833583
    1      0.693902947572      2.697420521254      6.543539757821
    8      5.714544528341      0.718669137674      6.759261816030
    1     -5.620290807859      0.989781854373      5.770284820252
    1     -4.923130912808      1.016790951628      7.223575265247
    8      3.497235035251     13.543032523009      6.629815794882
    1      2.947808557958     13.569402143653      5.805921859192
    1      4.134032862343     12.810154044662      6.505584260139
    0    0
