   2   1   1 E -1.7583050479255E+04 DE-3.9E-07( 10)
  0.114376969989E+02 -0.277029586453E-02  0.000000000000E+00
 -0.572124633700E+01  0.991178110404E+01  0.000000000000E+00
  0.000000000000E+00  0.000000000000E+00  0.500000000000E+03
    1
  0.100000000000E+01  0.000000000000E+00  0.000000000000E+00
  0.000000000000E+00  0.100000000000E+01  0.000000000000E+00
  0.000000000000E+00  0.000000000000E+00  0.100000000000E+01
  0.000000000000E+00  0.000000000000E+00  0.000000000000E+00
  111
    8     -1.936833180313      1.141459076199      4.039543318172
    8     -3.627723123202      4.181386381330      4.269623597802
    8     -0.132410917611     -2.261163068271      4.089953293737
    8      1.892854110266      1.219403864481      4.143554049849
    8      0.041141726779      4.358945389228      4.143550331252
    0      3.813098519111     -2.203233644421      4.089120503632
    8     -5.628209388689      1.202026715416      4.208876253117
    8     -7.687533623652      4.480803645260      3.948902316137
    8     -3.744879347152     -2.338153674199      4.223934884673
  258      1.822369742620     -1.023203210422      3.289704943856
  258      0.012213920820      2.184280985990      3.278991424989
  258      3.825045648088     -4.583399551726      3.259960919507
  258      5.806901064319     -1.029136268160      3.239264337506
  258      3.810829637570      2.230330415038      3.331019503824
  258      7.628529280111     -4.400721778410      3.208833573696
  258     -1.893832370530     -1.083642147918      3.308755631632
  258     -3.784404507452      2.173159630827      3.223258617765
  258     -0.059623009368     -4.367318887334      3.280678352156
    8     -0.031358304380      0.022758427235      2.474172290227
    8     -1.869691704349      3.302224171592      2.404653902166
    8      2.045638209153     -3.351791076226      2.658408931797
    8      3.829490348366     -0.014802498370      2.576411274661
    8      1.899703810458      3.296012797266      2.420536071433
    8      5.560632794700     -3.296042589688      2.580167783324
    8     -3.772395036427     -0.027474841690      2.439754016842
    8     -5.696632468750      3.345449284236      2.484676526773
    8     -1.929045030453     -3.270686348226      2.397181940820
    8      1.900154592625     -1.122668868317      0.862922851887
    8      0.008332412583      2.193643536650      0.852673889521
    8      3.805309851992     -4.431743779294      0.845767474145
    8      5.724722018689     -1.108224996968      0.834006168523
    8      3.832874696366      2.182277016474      0.918487148917
    8      7.566308999439     -4.375007889550      0.897676413930
    8     -1.888696572350     -1.094725358868      0.843914770577
    8     -3.816612920035      2.202332782198      0.864027696195
    8      0.044176729031     -4.359477693223      0.916194074806
  258      0.001875540954     -0.003821298174      0.046670358747
  258     -1.900104996802      3.294400773644      0.018166025915
  258      1.918002800426     -3.302801849652      0.059137336577
  258      3.816327946536      0.001518866745      0.076243362653
  258      1.903819545649      3.292653917582      0.062501727742
  258      5.697294516817     -3.300933252237      0.048553041512
  258     -3.805236146133     -0.006545582311      0.031808626446
  258     -5.717767819976      3.306222522456      0.070615181546
  258     -1.901174512053     -3.280481235480      0.051367386712
    8     -1.904733307060      1.108117446545     -0.780130464662
    8     -3.826293533178      4.407476464019     -0.765167620162
    8      0.006564735243     -2.213399090825     -0.773442355295
    8      1.925884072879      1.104324966665     -0.754141518763
    8      0.003774825933      4.405113740460     -0.770923021846
    8      3.809593433474     -2.207175822528     -0.758873875446
    8     -5.729581682179      1.115230051493     -0.759656269879
    8     -7.623497743501      4.412640450345     -0.725375209616
    8     -3.810791058570     -2.212069363399     -0.771095065085
    8      0.000000000000      0.000000000000     -2.343480358560
    8     -1.907082112340      3.303927034676     -2.343480358560
    8      1.907082112345     -3.303927034671     -2.343480358560
    8      3.812565666322     -0.000923431959     -2.343480358560
    8      1.905483553978      3.303003602723     -2.343480358560
    8      5.719647778674     -3.304850466632     -2.343480358560
    8     -3.812565666322      0.000923431949     -2.343480358560
    8     -5.719647778674      3.304850466632     -2.343480358560
    8     -1.905483553984     -3.303003602718     -2.343480358560
  258     -1.906549259556      1.101616822210     -3.124640478080
  258     -3.813631371888      4.405543856890     -3.124640478080
  258      0.000532852789     -2.202310212463     -3.124640478080
  258      1.906016406768      1.100693390254     -3.124640478080
  258     -0.001065705574      4.404620424933     -3.124640478080
  258      3.813098519111     -2.203233644421     -3.124640478080
  258     -5.719114925919      1.102540254153     -3.124640478080
  258     -7.626197038219      4.406467288852     -3.124640478080
  258     -3.812032813539     -2.201386780510     -3.124640478080
    8      1.906549259556     -1.101616822210     -3.905800597599
    8     -0.000532852789      2.202310212463     -3.905800597599
    8      3.813631371888     -4.405543856890     -3.905800597599
    8      5.719114925919     -1.102540254153     -3.905800597599
    8      3.812032813543      2.201386780511     -3.905800597599
    8      7.626197038219     -4.406467288852     -3.905800597599
    8     -1.906016406768     -1.100693390254     -3.905800597599
    8     -3.813098519113      2.203233644421     -3.905800597599
    8      0.001065705572     -4.404620424933     -3.905800597599
    8      1.406429265908      4.424977945009      6.392648869035
    1      0.738897464595      4.441002544920      5.626265427509
    1      6.825527900667     -4.872207047438      7.077537633123
    8      3.972050702178      2.818278622167      6.087636846267
    1      4.236542637243      2.092020633111      6.689906169593
    1      3.141967182390      3.243284646919      6.384165488309
    1     -1.329374092238     -1.814322990426      6.316280224413
    8     -2.133440238085     -1.337872774811      6.053802339573
    1     -2.755736472073     -2.013483410968      5.686495118264
    1     -4.740646211864      4.588331271972      5.623350723582
    8      0.131196498074     -4.864144045288      5.847709563871
    1     -6.259602525128      4.344455303468      6.015234631512
    8      1.957745448250     -1.820435966456      5.777273004543
    1      1.064485701333     -2.209699179022      5.644365097599
    1      2.562107574047     -2.574223751625      5.986124866683
    8      5.677901625545     -1.820531434026      5.860628360343
    1      6.591015962365     -2.076877225709      5.532095183432
    1      5.727427345560     -0.973021139946      6.390470442133
    1      4.619235491845     -3.132156717058      6.016878242798
    8      3.868399769534     -3.741031504481      5.782391921763
    1      3.900400614831     -4.598910023665      6.294127940744
    8      0.257775537063      1.891341776777      6.203770327172
    1      0.991278238991      1.385353859312      5.779462609289
    1      0.696787713639      2.698215333240      6.546110864266
    8      5.710765501304      0.715530422893      6.760444765107
    1     -5.621555555905      0.988004929310      5.771814819053
    1     -4.926576716926      1.010326261903      7.226319752729
    8      3.502491592098     13.542332117721      6.634345546903
    1      2.954540191197     13.564164893615      5.809275723409
    1      4.140545000577     12.809646071612      6.517799038685
    0    0
