   2   1   1 E -1.7583050603963E+04 DE 1.1E-08(  6)
  0.114383282292E+02 -0.339893302979E-02  0.000000000000E+00
 -0.572210669441E+01  0.991257553969E+01  0.000000000000E+00
  0.000000000000E+00  0.000000000000E+00  0.500000000000E+03
    1
  0.100000000000E+01  0.000000000000E+00  0.000000000000E+00
  0.000000000000E+00  0.100000000000E+01  0.000000000000E+00
  0.000000000000E+00  0.000000000000E+00  0.100000000000E+01
  0.000000000000E+00  0.000000000000E+00  0.000000000000E+00
  111
    8     -1.944333335036      1.143254472225      4.041269095860
    8     -3.630314039940      4.186788315523      4.262446414487
    8     -0.133061772785     -2.261569670570      4.094255001835
    8      1.902112112442      1.217654940082      4.138160323326
    8      0.037042701059      4.360289828412      4.146940551677
    0      3.813429983049     -2.203549882824      4.089120503632
    8     -5.632017234572      1.204768869579      4.204654846047
    8     -7.690521046380      4.482119444492      3.945155822636
    8     -3.745212452639     -2.340416469399      4.227111409307
  258      1.821988743144     -1.023103537927      3.286615488817
  258      0.008739108567      2.185713565726      3.292063253909
  258      3.823482315533     -4.583851848984      3.251484667176
  258      5.804114285646     -1.030060382809      3.241545086793
  258      3.808991111915      2.230376718854      3.326681405799
  258      7.627249643267     -4.400989872351      3.207226226160
  258     -1.895790618753     -1.083405191195      3.309055416388
  258     -3.786805343700      2.174116073185      3.220014624169
  258     -0.061166628538     -4.368181161783      3.282064462384
    8     -0.034387577678      0.025341371463      2.480111419866
    8     -1.867190680306      3.300250151593      2.401751683115
    8      2.042949067842     -3.350890430062      2.658576554800
    8      3.829117458210     -0.017162890369      2.570285783671
    8      1.892289734230      3.297198654897      2.422076508949
    8      5.563447741935     -3.297710781254      2.574600079938
    8     -3.773693401243     -0.029646706142      2.439661000528
    8     -5.697721888734      3.348623134088      2.483428475209
    8     -1.928682910979     -3.267618671813      2.396617220517
    8      1.897207653018     -1.121663031052      0.862292807782
    8      0.007896316361      2.192378622778      0.851102611511
    8      3.803488710692     -4.432292071076      0.845704537547
    8      5.725134496475     -1.108321735842      0.832101116484
    8      3.831348430899      2.184096352373      0.919307521013
    8      7.568108415973     -4.375541521912      0.896159853964
    8     -1.888305315505     -1.093638394358      0.843075960723
    8     -3.818297909646      2.201856592012      0.863848220253
    8      0.043055345216     -4.359055559403      0.914636690226
  258      0.000761933277     -0.001817977247      0.047910285805
  258     -1.899688830904      3.293731900387      0.017877227824
  258      1.916529019190     -3.302788376255      0.057494440896
  258      3.815590208212      0.000961419445      0.076797591799
  258      1.901412727681      3.292158457760      0.063538941907
  258      5.698439075344     -3.300231695563      0.047523561378
  258     -3.806996555158     -0.006758075499      0.032171638469
  258     -5.719779223404      3.307764202171      0.069442635710
  258     -1.900636371139     -3.280568481139      0.050710547396
    8     -1.905538565252      1.108148827968     -0.780693986131
    8     -3.827221260950      4.407565239218     -0.765457700484
    8      0.006473944139     -2.212833836535     -0.774084689414
    8      1.926154495060      1.104503352282     -0.754065026933
    8      0.002736916268      4.405448076281     -0.771081450168
    8      3.808742223903     -2.207310039752     -0.758093309609
    8     -5.730489728243      1.116183482128     -0.759525385048
    8     -7.624254451074      4.412963631109     -0.726304545757
    8     -3.810926440854     -2.211229259526     -0.771693422826
    8      0.000000000000      0.000000000000     -2.343480358560
    8     -1.907368898142      3.304191846559     -2.343480358560
    8      1.907368898147     -3.304191846554     -2.343480358560
    8      3.812776076427     -0.001132977681     -2.343480358560
    8      1.905407178280      3.303058868884     -2.343480358560
    8      5.720144974581     -3.305324824237     -2.343480358560
    8     -3.812776076427      0.001132977671     -2.343480358560
    8     -5.720144974581      3.305324824237     -2.343480358560
    8     -1.905407178286     -3.303058868879     -2.343480358560
  258     -1.906714991525      1.101774941412     -3.124640478080
  258     -3.814083889660      4.405966787975     -3.124640478080
  258      0.000653906622     -2.202416905144     -3.124640478080
  258      1.906061084904      1.100641963734     -3.124640478080
  258     -0.001307813240      4.404833810296     -3.124640478080
  258      3.813429983049     -2.203549882824     -3.124640478080
  258     -5.719491067993      1.102907919076     -3.124640478080
  258     -7.626859966095      4.407099765658     -3.124640478080
  258     -3.812122169810     -2.201283927470     -3.124640478080
    8      1.906714991525     -1.101774941412     -3.905800597599
    8     -0.000653906622      2.202416905144     -3.905800597599
    8      3.814083889660     -4.405966787975     -3.905800597599
    8      5.719491067993     -1.102907919076     -3.905800597599
    8      3.812122169814      2.201283927471     -3.905800597599
    8      7.626859966095     -4.407099765658     -3.905800597599
    8     -1.906061084904     -1.100641963734     -3.905800597599
    8     -3.813429983051      2.203549882824     -3.905800597599
    8      0.001307813238     -4.404833810296     -3.905800597599
    8      1.384679950673      4.409355768618      6.403798292051
    1      0.728752968564      4.442811138082      5.627100014412
    1      6.820436887303     -4.870313155149      7.079040825591
    8      3.970630887856      2.821451220105      6.088126045146
    1      4.249287668437      2.099131643834      6.689280132499
    1      3.137696058226      3.236483577567      6.389619359593
    1     -1.322005407087     -1.811687978252      6.311312966906
    8     -2.130168089225     -1.336770458751      6.058422474535
    1     -2.751177242882     -2.014109095588      5.693650655782
    1     -4.755231587609      4.585432018110      5.633275749573
    8      0.116680715142     -4.867506666053      5.845766803390
    1     -6.276275452211      4.341512483575      6.008278004731
    8      1.951517700193     -1.809916225268      5.789598251542
    1      1.062251133156     -2.202088392582      5.632788077736
    1      2.556048988229     -2.563570935014      5.995243604780
    8      5.689028430586     -1.817499378789      5.864871414916
    1      6.601506848038     -2.077205880051      5.534911247664
    1      5.740821557087     -0.972303642629      6.395596736777
    1      4.621288192600     -3.129646418084      6.024040647396
    8      3.868183831874     -3.731275562673      5.781346519427
    1      3.888691350697     -4.587548155230      6.293038269421
    8      0.244190637749      1.892704831442      6.178485892015
    1      0.988416311460      1.376209889849      5.787818883307
    1      0.675599457258      2.703600177882      6.524810694050
    8      5.720527524760      0.731483214156      6.760729231128
    1     -5.619079267491      0.994578840423      5.769328265150
    1     -4.917517564900      1.038113663676      7.219587385772
    8      3.470625742793     13.542377553858      6.632653135343
    1      2.935124178611     13.573072482004      5.799847087707
    1      4.105445304741     12.807706396919      6.516010012371
    0    0
