   2   1   1 E -1.7583050533401E+04 DE-4.8E-07(  6)
  0.114378949388E+02 -0.303255535960E-02  0.000000000000E+00
 -0.572157250253E+01  0.991227488060E+01  0.000000000000E+00
  0.000000000000E+00  0.000000000000E+00  0.500000000000E+03
    1
  0.100000000000E+01  0.000000000000E+00  0.000000000000E+00
  0.000000000000E+00  0.100000000000E+01  0.000000000000E+00
  0.000000000000E+00  0.000000000000E+00  0.100000000000E+01
  0.000000000000E+00  0.000000000000E+00  0.000000000000E+00
  111
    8     -1.939655345953      1.142002167868      4.038297859327
    8     -3.628350596364      4.183873112814      4.268295347076
    8     -0.132690800453     -2.260088573790      4.091921018677
    8      1.895774218515      1.219585611050      4.141357611493
    8      0.039364568986      4.359522697111      4.144080581769
    0      3.813214986972     -2.203401652433      4.089120503632
    8     -5.629035549701      1.203271453383      4.206866238211
    8     -7.688625680557      4.481382677798      3.948144421783
    8     -3.745974282367     -2.338014840274      4.224573223341
  258      1.822640214292     -1.022708619708      3.288421585752
  258      0.011220366384      2.185568535760      3.282109714456
  258      3.824293326874     -4.583600367819      3.257503227491
  258      5.805574846682     -1.028779449976      3.239138899828
  258      3.810441564020      2.231296324115      3.329877670494
  258      7.628043412745     -4.400786270449      3.208859543637
  258     -1.894692358391     -1.082653875852      3.309099098555
  258     -3.785078002670      2.173822818231      3.222188622489
  258     -0.060791196402     -4.367141123212      3.281052470930
    8     -0.032410963372      0.023839018460      2.475888209351
    8     -1.869492853224      3.302477318017      2.403833558600
    8      2.044550639567     -3.351187632995      2.658479245383
    8      3.829729448564     -0.014740548753      2.574925760663
    8      1.898193007409      3.296982610793      2.420913566600
    8      5.560960280146     -3.295943313649      2.578792764681
    8     -3.773435021196     -0.027922596546      2.439724904686
    8     -5.697262950460      3.347364793293      2.485010518194
    8     -1.929152660469     -3.269670282066      2.397577384646
    8      1.899420169626     -1.122056356543      0.862816223880
    8      0.008356564954      2.194072317997      0.852608747762
    8      3.804706933103     -4.431914419688      0.845730397351
    8      5.724391374527     -1.108239032123      0.833916710411
    8      3.832813710167      2.183320710199      0.918793229288
    8      7.566437537017     -4.375056847949      0.897586415748
    8     -1.888522299677     -1.094622618344      0.843860445585
    8     -3.817508991962      2.202805769627      0.863928347168
    8      0.043571177614     -4.359138205999      0.916324706906
  258      0.001582717797     -0.003044628921      0.047315526291
  258     -1.900029981551      3.294906098293      0.018385740079
  258      1.917624571754     -3.302643572045      0.058876375864
  258      3.815975465567      0.001567889067      0.076543376936
  258      1.903103963898      3.293016597637      0.062863002327
  258      5.697488685674     -3.300868448836      0.048207338296
  258     -3.806030803523     -0.006573780915      0.031941248414
  258     -5.718545251199      3.307109169411      0.070591665411
  258     -1.901039545638     -3.280475572526      0.051409222719
    8     -1.904634326862      1.108561850651     -0.779876101496
    8     -3.826791845651      4.408060648312     -0.764989692709
    8      0.006552554592     -2.213282673338     -0.773443586375
    8      1.925951869731      1.104752399081     -0.753789451306
    8      0.003543069199      4.405393641763     -0.771074523818
    8      3.809349082751     -2.207095501514     -0.758625297313
    8     -5.730174534965      1.115615166243     -0.759825875486
    8     -7.623831260761      4.413256906336     -0.725554687245
    8     -3.810970359807     -2.212043893888     -0.771419610242
    8      0.000000000000      0.000000000000     -2.343480358560
    8     -1.907190834181      3.304091626862     -2.343480358560
    8      1.907190834186     -3.304091626857     -2.343480358560
    8      3.812631646272     -0.001010851791     -2.343480358560
    8      1.905440812086      3.303080775077     -2.343480358560
    8      5.719822480465     -3.305102478650     -2.343480358560
    8     -3.812631646272      0.001010851781     -2.343480358560
    8     -5.719822480465      3.305102478650     -2.343480358560
    8     -1.905440812092     -3.303080775072     -2.343480358560
  258     -1.906607493486      1.101700826216     -3.124640478080
  258     -3.813798327661      4.405792453082     -3.124640478080
  258      0.000583340700     -2.202390800643     -3.124640478080
  258      1.906024152788      1.100689974428     -3.124640478080
  258     -0.001166681396      4.404781601293     -3.124640478080
  258      3.813214986972     -2.203401652433     -3.124640478080
  258     -5.719239139800      1.102711677991     -3.124640478080
  258     -7.626429973941      4.406803304876     -3.124640478080
  258     -3.812048305577     -2.201379948858     -3.124640478080
    8      1.906607493486     -1.101700826216     -3.905800597599
    8     -0.000583340700      2.202390800643     -3.905800597599
    8      3.813798327661     -4.405792453082     -3.905800597599
    8      5.719239139800     -1.102711677991     -3.905800597599
    8      3.812048305581      2.201379948859     -3.905800597599
    8      7.626429973941     -4.406803304876     -3.905800597599
    8     -1.906024152788     -1.100689974428     -3.905800597599
    8     -3.813214986974      2.203401652433     -3.905800597599
    8      0.001166681394     -4.404781601293     -3.905800597599
    8      1.400126805463      4.422417330329      6.395501520683
    1      0.734900884755      4.441572268289      5.626909866073
    1      6.825233097873     -4.867605620141      7.076389969425
    8      3.974355574216      2.816194993521      6.085245080529
    1      4.241982903361      2.092426134029      6.689210087424
    1      3.140439834598      3.235696132500      6.378135301601
    1     -1.325379105032     -1.806281200188      6.305618382085
    8     -2.134858722020     -1.332940115710      6.053216084668
    1     -2.755608436152     -2.010938874870      5.688221725524
    1     -4.746328089807      4.588391038995      5.624375652604
    8      0.126137905215     -4.865058638179      5.846844771818
    1     -6.263851648959      4.342999669362      6.013104416851
    8      1.958103060648     -1.813952339962      5.791325729592
    1      1.067489592474     -2.205868850355      5.643947759898
    1      2.562719468363     -2.568260503622      5.995829357737
    8      5.684347070132     -1.819822010502      5.860373945072
    1      6.597979817187     -2.080223013340      5.534679672909
    1      5.734270560158     -0.972962347373      6.390405712119
    1      4.621205954525     -3.131358452773      6.019745648753
    8      3.869337196159     -3.737498646930      5.783518659087
    1      3.898563515725     -4.595667515303      6.293755039126
    8      0.245640407002      1.894339104292      6.205091938096
    1      0.981724225681      1.381440615381      5.793073185205
    1      0.684247622510      2.701609307931      6.546876750578
    8      5.715022303104      0.719941786659      6.759680123962
    1     -5.620257942820      0.990247680058      5.770367060258
    1     -4.922762518285      1.019188248219      7.223495108811
    8      3.491902884592     13.541342720601      6.630826419927
    1      2.944639226140     13.568653761547      5.805582483962
    1      4.127827618373     12.808086656469      6.506862936166
    0    0
