   2   1   1 E -1.7583050439484E+04 DE-9.6E-07(  7)
  0.114375251447E+02 -0.261563448181E-02  0.000000000000E+00
 -0.572102645794E+01  0.991131912502E+01  0.000000000000E+00
  0.000000000000E+00  0.000000000000E+00  0.500000000000E+03
    1
  0.100000000000E+01  0.000000000000E+00  0.000000000000E+00
  0.000000000000E+00  0.100000000000E+01  0.000000000000E+00
  0.000000000000E+00  0.000000000000E+00  0.100000000000E+01
  0.000000000000E+00  0.000000000000E+00  0.000000000000E+00
  111
    8     -1.935588768984      1.140965052084      4.040272633421
    8     -3.627817691716      4.180283495540      4.269523174527
    8     -0.132488870713     -2.262005646992      4.089043218022
    8      1.891936582656      1.218920489510      4.144080345563
    8      0.041921524566      4.358316156631      4.143202930975
    0      3.813011467277     -2.203096613222      4.089120503632
    8     -5.627914248035      1.201478352357      4.209510504570
    8     -7.686915909601      4.480156982997      3.949105356250
    8     -3.743975245797     -2.338452855904      4.223564821373
  258      1.822134422284     -1.023733272644      3.290135055689
  258      0.012753262536      2.183485762589      3.278045693350
  258      3.825164259314     -4.583378033684      3.260504146909
  258      5.807462656656     -1.029457441701      3.239270036625
  258      3.810872520963      2.229666811969      3.331261394868
  258      7.628750597349     -4.400781743192      3.208723251773
  258     -1.893325736230     -1.084404720541      3.308591726490
  258     -3.784135391487      2.172749674542      3.223534080413
  258     -0.059204595290     -4.367530075516      3.280470205924
    8     -0.030918275746      0.022137046536      2.473631001694
    8     -1.869586844537      3.301668192711      2.404740690490
    8      2.045776598630     -3.352108426722      2.658228450899
    8      3.829396580889     -0.015183137968      2.576845262099
    8      1.900112640491      3.295331812573      2.420357513063
    8      5.560659245747     -3.296068984008      2.580442112756
    8     -3.771917018588     -0.027631138268      2.439781500805
    8     -5.696310098218      3.344511151766      2.484412125807
    8     -1.928886923454     -3.271168371161      2.396953781479
    8      1.900293383192     -1.122980897501      0.862883715383
    8      0.008374257907      2.193167929164      0.852645210232
    8      3.805447854039     -4.431660392179      0.845640399891
    8      5.724854690417     -1.108288880294      0.833943249109
    8      3.832853172017      2.181708934849      0.918348182229
    8      7.566279272816     -4.374976518774      0.897641418195
    8     -1.888631657518     -1.094863300248      0.843892940169
    8     -3.816215811052      2.201900816645      0.864020718478
    8      0.044353874476     -4.359617797830      0.916052754860
  258      0.002005030783     -0.004194806720      0.046448989995
  258     -1.900049819057      3.293965542986      0.018023482679
  258      1.918056816839     -3.302855736322      0.059136512330
  258      3.816408445432      0.001384081145      0.076113622228
  258      1.904056108611      3.292284152211      0.062367756893
  258      5.697216273324     -3.300891493727      0.048612550910
  258     -3.804903527697     -0.006679565283      0.031743453941
  258     -5.717435215536      3.305682568795      0.070550179054
  258     -1.901168870271     -3.280519058962      0.051304584085
    8     -1.904690600871      1.107811430851     -0.780222094801
    8     -3.826059732681      4.407032840355     -0.765298281601
    8      0.006573878441     -2.213407611971     -0.773472894471
    8      1.925829736950      1.104036551406     -0.754271481693
    8      0.003880358168      4.404804876373     -0.770905110726
    8      3.809610824995     -2.207181880041     -0.758992781113
    8     -5.729304612782      1.114959360581     -0.759600139256
    8     -7.623271012597      4.412163568816     -0.725362515550
    8     -3.810665071853     -2.212086447733     -0.770999382918
    8      0.000000000000      0.000000000000     -2.343480358560
    8     -1.907008819318      3.303773041671     -2.343480358560
    8      1.907008819323     -3.303773041666     -2.343480358560
    8      3.812508381593     -0.000871878165     -2.343480358560
    8      1.905499562269      3.302901163512     -2.343480358560
    8      5.719517200923     -3.304644919833     -2.343480358560
    8     -3.812508381593      0.000871878155     -2.343480358560
    8     -5.719517200923      3.304644919833     -2.343480358560
    8     -1.905499562275     -3.302901163507     -2.343480358560
  258     -1.906505733639      1.101548306610     -3.124640478080
  258     -3.813514552951      4.405321348285     -3.124640478080
  258      0.000503085684     -2.202224735058     -3.124640478080
  258      1.906002647956      1.100676428449     -3.124640478080
  258     -0.001006171366      4.404449470123     -3.124640478080
  258      3.813011467277     -2.203096613222     -3.124640478080
  258     -5.719014115273      1.102420184759     -3.124640478080
  258     -7.626022934551      4.406193226453     -3.124640478080
  258     -3.812005295913     -2.201352856899     -3.124640478080
    8      1.906505733639     -1.101548306610     -3.905800597599
    8     -0.000503085684      2.202224735058     -3.905800597599
    8      3.813514552951     -4.405321348285     -3.905800597599
    8      5.719014115273     -1.102420184759     -3.905800597599
    8      3.812005295917      2.201352856900     -3.905800597599
    8      7.626022934551     -4.406193226453     -3.905800597599
    8     -1.906002647956     -1.100676428449     -3.905800597599
    8     -3.813011467279      2.203096613222     -3.905800597599
    8      0.001006171364     -4.404449470123     -3.905800597599
    8      1.407168128084      4.423635099634      6.391847406256
    1      0.739788798050      4.440176729970      5.625773740319
    1      6.825185005367     -4.873886810279      7.077745112177
    8      3.972012461532      2.816995265244      6.086962206609
    1      4.236498344449      2.092265926143      6.690891745799
    1      3.142766297272      3.243145179172      6.384197576887
    1     -1.327888234290     -1.811877360962      6.314502590894
    8     -2.133317817719     -1.337376744530      6.052963734927
    1     -2.754386003461     -2.013839184567      5.685020845698
    1     -4.740931529951      4.589272483378      5.620197435138
    8      0.129044398813     -4.863170725676      5.841808180577
    1     -6.260380276164      4.344538573452      6.011225818561
    8      1.963059612809     -1.813338188781      5.788205574317
    1      1.069582205179     -2.196726664765      5.642578791706
    1      2.562681561005     -2.572146128640      5.992961514404
    8      5.673383251550     -1.819019130482      5.861683334073
    1      6.583986861069     -2.071858713828      5.524177247879
    1      5.724326382878     -0.971214525487      6.391973194955
    1      4.618032687346     -3.130584309147      6.018199584615
    8      3.866946615687     -3.739563789646      5.785620284759
    1      3.901891298462     -4.598596226411      6.295761142056
    8      0.254441609968      1.890552176609      6.199426296655
    1      0.990382540618      1.383955962756      5.778021686825
    1      0.693508740926      2.697468681157      6.544622417323
    8      5.709166345278      0.716054274549      6.761474270223
    1     -5.621948951454      0.988181672755      5.772700476686
    1     -4.927841420767      1.009321294376      7.227850648432
    8      3.511937133698     13.542191637154      6.634100296590
    1      2.957614876850     13.564309494473      5.815739380306
    1      4.148147203142     12.811231319794      6.508888930493
    0    0
