   2   1   1 E -1.7583050783882E+04 DE-3.8E-07(  5)
  0.114373864432E+02 -0.330112281435E-02  0.000000000000E+00
 -0.572155094910E+01  0.991207193024E+01  0.000000000000E+00
  0.000000000000E+00  0.000000000000E+00  0.500000000000E+03
    1
  0.100000000000E+01  0.000000000000E+00  0.000000000000E+00
  0.000000000000E+00  0.100000000000E+01  0.000000000000E+00
  0.000000000000E+00  0.000000000000E+00  0.100000000000E+01
  0.000000000000E+00  0.000000000000E+00  0.000000000000E+00
  111
    8     -1.945030968664      1.143891556917      4.042426819225
    8     -3.632707020566      4.188366569137      4.260603525894
    8     -0.132559430567     -2.262311034488      4.093879365968
    8      1.903967293349      1.217580669765      4.137105001624
    8      0.037548049113      4.363640093510      4.149815039294
    0      3.813097198293     -2.203416234011      4.089120503632
    8     -5.632327879603      1.204555616622      4.205652463837
    8     -7.689630797047      4.482165821502      3.944641239381
    8     -3.744661115815     -2.339577712263      4.227525225050
  258      1.821958489010     -1.022097268774      3.286598881438
  258      0.008128265466      2.185869067851      3.295587597146
  258      3.823490456921     -4.583005322486      3.251114562144
  258      5.803788193943     -1.029793351363      3.242188495199
  258      3.808027378448      2.230149798079      3.326195052005
  258      7.627340319070     -4.400702315450      3.205645758785
  258     -1.895809909396     -1.083895010553      3.308809661391
  258     -3.786568025583      2.174689310882      3.220425965384
  258     -0.059659345251     -4.368760518931      3.283143676962
    8     -0.034446158212      0.025856874941      2.481170017392
    8     -1.865709871043      3.300730419131      2.403269554255
    8      2.043310341560     -3.350046171734      2.658698549270
    8      3.829236345514     -0.017321245624      2.568021490474
    8      1.890160853945      3.297490205909      2.423058076282
    8      5.564402151818     -3.298142974714      2.572844983990
    8     -3.773186401484     -0.029142786021      2.439914507068
    8     -5.697605699999      3.347560162298      2.482952841610
    8     -1.928415472006     -3.266899023706      2.396051251893
    8      1.896420600190     -1.121522759129      0.862187442343
    8      0.007425019088      2.191543391778      0.849775308892
    8      3.802820658678     -4.431877460086      0.846174505570
    8      5.725281675448     -1.108123864094      0.831275649445
    8      3.829679470960      2.184507008749      0.919614078684
    8      7.568670412566     -4.375739233193      0.894768377522
    8     -1.888272047918     -1.092667136834      0.843287149993
    8     -3.817094790783      2.201855861119      0.864427210094
    8      0.043558974158     -4.359082985371      0.914712548814
  258      0.001044927309     -0.001784548119      0.047681542607
  258     -1.899190600680      3.293709075841      0.018125958656
  258      1.916204623938     -3.302520882125      0.057411019353
  258      3.815403569389      0.001007926211      0.076910742930
  258      1.901085768117      3.291764636335      0.063898736144
  258      5.697639619583     -3.300112422771      0.047603983705
  258     -3.806347651799     -0.006487113526      0.032164803551
  258     -5.719235034573      3.308058347741      0.069399490223
  258     -1.900320993431     -3.280626743910      0.050782449315
    8     -1.906196669851      1.107888428290     -0.781224563811
    8     -3.826609663331      4.407182595456     -0.765462300745
    8      0.006181090282     -2.212710228037     -0.774053254766
    8      1.926185619448      1.104167625355     -0.754689705305
    8      0.002471611018      4.405661570594     -0.770497460985
    8      3.808335021356     -2.207339605473     -0.758191539844
    8     -5.729781902874      1.116608542515     -0.759148217347
    8     -7.623286363815      4.412486071230     -0.726192487704
    8     -3.810282847555     -2.210905731327     -0.771604251716
    8      0.000000000000      0.000000000000     -2.343480358560
    8     -1.907183649704      3.304023976744     -2.343480358560
    8      1.907183649709     -3.304023976739     -2.343480358560
    8      3.812462147732     -0.001100374276     -2.343480358560
    8      1.905278498023      3.302923602474     -2.343480358560
    8      5.719645797448     -3.305124351017     -2.343480358560
    8     -3.812462147732      0.001100374266     -2.343480358560
    8     -5.719645797448      3.305124351017     -2.343480358560
    8     -1.905278498029     -3.302923602469     -2.343480358560
  258     -1.906548599147      1.101708117005     -3.124640478080
  258     -3.813732248844      4.405732093753     -3.124640478080
  258      0.000635050562     -2.202315859736     -3.124640478080
  258      1.905913548587      1.100607742732     -3.124640478080
  258     -0.001270101120      4.404631719479     -3.124640478080
  258      3.813097198293     -2.203416234011     -3.124640478080
  258     -5.719010746920      1.102808491264     -3.124640478080
  258     -7.626194396584      4.406832468031     -3.124640478080
  258     -3.811827097175     -2.201215485466     -3.124640478080
    8      1.906548599147     -1.101708117005     -3.905800597599
    8     -0.000635050562      2.202315859736     -3.905800597599
    8      3.813732248844     -4.405732093753     -3.905800597599
    8      5.719010746920     -1.102808491264     -3.905800597599
    8      3.811827097179      2.201215485467     -3.905800597599
    8      7.626194396584     -4.406832468031     -3.905800597599
    8     -1.905913548587     -1.100607742732     -3.905800597599
    8     -3.813097198295      2.203416234011     -3.905800597599
    8      0.001270101118     -4.404631719479     -3.905800597599
    8      1.380205517888      4.404458311006      6.407738068380
    1      0.728814518638      4.445651776659      5.627172785465
    1      6.818733121430     -4.872469082654      7.082008507435
    8      3.965396938464      2.823202731522      6.089246415824
    1      4.243789878337      2.100736423196      6.690022693688
    1      3.131979386100      3.237136990619      6.390612309595
    1     -1.321608015284     -1.816047920072      6.308816719898
    8     -2.128078992159     -1.338127284588      6.056378354490
    1     -2.751613892842     -2.013348694156      5.691393805203
    1     -4.760638701774      4.586739346622      5.642192087326
    8      0.109720909782     -4.866338204296      5.848183507010
    1     -6.282712779690      4.341543169465      6.007947857217
    8      1.946681838875     -1.804530702877      5.790820601196
    1      1.058592577178     -2.198024046452      5.629583939701
    1      2.551712872368     -2.558039814223      5.995601540166
    8      5.687890209389     -1.817943124079      5.866241702182
    1      6.600761343056     -2.077502524095      5.537534419973
    1      5.738701970820     -0.971837339316      6.395633217365
    1      4.616508093382     -3.126378309430      6.021420302333
    8      3.861886182865     -3.726536136729      5.780030804414
    1      3.881988341211     -4.582583208255      6.292237254139
    8      0.236816742676      1.896466981594      6.172779353833
    1      0.981501078566      1.371835343717      5.795971291660
    1      0.669612638853      2.707774060947      6.516974227637
    8      5.718827739492      0.730518615291      6.760219737488
    1     -5.619150685836      0.994354218926      5.769003500493
    1     -4.917964027717      1.035134896329      7.219535681229
    8      3.462548592322     13.550597204731      6.633474809074
    1      2.928400581454     13.578476103224      5.799576936276
    1      4.094210953662     12.812511391598      6.522602899663
    0    0
