   2   1   1 E -1.7583050548598E+04 DE-3.1E-07(  6)
  0.114380431539E+02 -0.317784844009E-02  0.000000000000E+00
 -0.572177248772E+01  0.991253824263E+01  0.000000000000E+00
  0.000000000000E+00  0.000000000000E+00  0.500000000000E+03
    1
  0.100000000000E+01  0.000000000000E+00  0.000000000000E+00
  0.000000000000E+00  0.100000000000E+01  0.000000000000E+00
  0.000000000000E+00  0.000000000000E+00  0.100000000000E+01
  0.000000000000E+00  0.000000000000E+00  0.000000000000E+00
  111
    8     -1.940697383154      1.142167708600      4.038158952655
    8     -3.628547193894      4.184835301688      4.267500476453
    8     -0.132909128527     -2.260083690622      4.092619111644
    8      1.896951009051      1.219542171023      4.140516839949
    8      0.038626990249      4.359688356468      4.144477109272
    0      3.813292364809     -2.203492464681      4.089120503632
    8     -5.629366734169      1.203921414009      4.206364965737
    8     -7.689101466492      4.481569483725      3.947863135524
    8     -3.745994395616     -2.338757189254      4.225115828278
  258      1.822562412095     -1.022625070567      3.287918107308
  258      0.010933907577      2.185918699381      3.283788808254
  258      3.824089158770     -4.583777426473      3.256354135670
  258      5.805168262162     -1.028962482933      3.239552356371
  258      3.810230404594      2.231542298220      3.329457675857
  258      7.627916480988     -4.401030722493      3.208935857901
  258     -1.894907189937     -1.082588324248      3.309288912887
  258     -3.785319635057      2.173988194839      3.221758216465
  258     -0.061224717384     -4.367214186476      3.281224380584
    8     -0.032836401802      0.024171889743      2.476703159725
    8     -1.869273706146      3.302356665943      2.403421085992
    8      2.044083430257     -3.351018630869      2.658450217587
    8      3.829534884978     -0.014826907784      2.574280317729
    8      1.897472420499      3.297288151384      2.421127290336
    8      5.561222100405     -3.296374286346      2.578155124463
    8     -3.773586659664     -0.028180789154      2.439747442589
    8     -5.697449777996      3.348106755002      2.485068949507
    8     -1.929121417478     -3.269416337328      2.397681135166
    8      1.899043009471     -1.121893463992      0.862712570967
    8      0.008388472125      2.194091963206      0.852578670014
    8      3.804500837196     -4.432096279680      0.845675945503
    8      5.724355028833     -1.108373618127      0.833681593037
    8      3.832824007136      2.183682030948      0.918902631028
    8      7.566622068512     -4.375185641317      0.897528620339
    8     -1.888455290999     -1.094650951367      0.843767106555
    8     -3.817877627188      2.202852437007      0.863842444603
    8      0.043356782170     -4.359094734329      0.916309996764
  258      0.001415736528     -0.002761199297      0.047601851558
  258     -1.899996035058      3.294974228504      0.018442143700
  258      1.917449707467     -3.302667485006      0.058696983070
  258      3.815823856599      0.001515807769      0.076651430203
  258      1.902788666728      3.293079694644      0.063044150238
  258      5.697685357071     -3.300923765025      0.048046718642
  258     -3.806337688257     -0.006640612727      0.032020677847
  258     -5.718878774688      3.307429624944      0.070536736732
  258     -1.900940636215     -3.280535612936      0.051416496553
    8     -1.904669471447      1.108675130530     -0.779762562468
    8     -3.827022208809      4.408265465225     -0.764946290901
    8      0.006571409098     -2.213307048807     -0.773476135220
    8      1.925994105100      1.104874214131     -0.753648174755
    8      0.003408920512      4.405476951105     -0.771127619072
    8      3.809262514380     -2.207141649656     -0.758503591118
    8     -5.730413298154      1.115738750752     -0.759864145928
    8     -7.623997300397      4.413501520094     -0.725664106259
    8     -3.811024669889     -2.212023679531     -0.771512999800
    8      0.000000000000      0.000000000000     -2.343480358560
    8     -1.907257495911      3.304179414208     -2.343480358560
    8      1.907257495916     -3.304179414203     -2.343480358560
    8      3.812681051298     -0.001059282818     -2.343480358560
    8      1.905423555381      3.303120131396     -2.343480358560
    8      5.719938547221     -3.305238697022     -2.343480358560
    8     -3.812681051298      0.001059282808     -2.343480358560
    8     -5.719938547221      3.305238697022     -2.343480358560
    8     -1.905423555387     -3.303120131391     -2.343480358560
  258     -1.906646182405      1.101746232340     -3.124640478080
  258     -3.813903678309      4.405925646552     -3.124640478080
  258      0.000611313511     -2.202433181864     -3.124640478080
  258      1.906034868895      1.100686949525     -3.124640478080
  258     -0.001222627020      4.404866363736     -3.124640478080
  258      3.813292364809     -2.203492464681     -3.124640478080
  258     -5.719327233744      1.102805515142     -3.124640478080
  258     -7.626584729615      4.406984929372     -3.124640478080
  258     -3.812069737791     -2.201373899053     -3.124640478080
    8      1.906646182405     -1.101746232340     -3.905800597599
    8     -0.000611313511      2.202433181864     -3.905800597599
    8      3.813903678309     -4.405925646552     -3.905800597599
    8      5.719327233744     -1.102805515142     -3.905800597599
    8      3.812069737795      2.201373899054     -3.905800597599
    8      7.626584729615     -4.406984929372     -3.905800597599
    8     -1.906034868895     -1.100686949525     -3.905800597599
    8     -3.813292364811      2.203492464681     -3.905800597599
    8      0.001222627018     -4.404866363736     -3.905800597599
    8      1.396909767958      4.421796260643      6.396911745808
    1      0.732972118177      4.442112105780      5.627278006836
    1      6.821742889319     -4.868889008665      7.078049336282
    8      3.971986943469      2.819001444596      6.079742874265
    1      4.237922576620      2.096410285870      6.685864479492
    1      3.136186770428      3.237485670431      6.368326910909
    1     -1.326212750602     -1.806822718781      6.309371274646
    8     -2.134753723431     -1.333249795151      6.054677360778
    1     -2.755253162867     -2.011549676138      5.689946394980
    1     -4.748340451412      4.588193107464      5.625060448611
    8      0.124524191453     -4.864893208190      5.846365919376
    1     -6.266666712924      4.343893453866      6.010647986800
    8      1.961081724766     -1.813557152458      5.789371003679
    1      1.070347929387     -2.205081122675      5.641207184626
    1      2.565215903653     -2.567818261879      5.994785248456
    8      5.687100068744     -1.819599988301      5.860647604447
    1      6.600101976064     -2.079166409308      5.532090114011
    1      5.737381538057     -0.973242896386      6.391175228110
    1      4.624072384455     -3.132547119644      6.020864078157
    8      3.872423399889     -3.738272021720      5.783678531956
    1      3.899385741567     -4.594961719349      6.296194831137
    8      0.251563937461      1.891564666109      6.193529221425
    1      0.990301704807      1.383486902979      5.781190453467
    1      0.686017293442      2.700082229954      6.539334991633
    8      5.716936011103      0.722084589997      6.759888798122
    1     -5.619652068523      0.991333231537      5.770203114976
    1     -4.921086426905      1.023424859089      7.222650158107
    8      3.486679217436     13.542033238749      6.637483153077
    1      2.942655861767     13.569814035370      5.810154708160
    1      4.121543354692     12.807793839033      6.515692745510
    0    0
