   2   1   1 E -1.7583050781223E+04 DE-2.0E-07(  5)
  0.114373847246E+02 -0.324263212598E-02  0.000000000000E+00
 -0.572149944328E+01  0.991191913254E+01  0.000000000000E+00
  0.000000000000E+00  0.000000000000E+00  0.500000000000E+03
    1
  0.100000000000E+01  0.000000000000E+00  0.000000000000E+00
  0.000000000000E+00  0.100000000000E+01  0.000000000000E+00
  0.000000000000E+00  0.000000000000E+00  0.100000000000E+01
  0.000000000000E+00  0.000000000000E+00  0.000000000000E+00
  111
    8     -1.944976993960      1.143896525141      4.042422613214
    8     -3.632618095127      4.187978075407      4.260732927278
    8     -0.132662107916     -2.262376423053      4.093743200032
    8      1.903374385063      1.217223706365      4.137193137393
    8      0.037671318826      4.363604099417      4.149681827942
    0      3.813085370649     -2.203369281035      4.089120503632
    8     -5.632302693745      1.204207635612      4.205636528926
    8     -7.689413321799      4.482196986375      3.944611206628
    8     -3.744687906150     -2.339709368362      4.227471325226
  258      1.821717351891     -1.021988034615      3.286656449582
  258      0.007932975803      2.185553408675      3.295163745125
  258      3.823760315890     -4.582458821697      3.251239631565
  258      5.803841577603     -1.030050339370      3.242139375903
  258      3.808243957820      2.230100781986      3.326101795090
  258      7.627334120323     -4.400630945143      3.205374548548
  258     -1.895744470203     -1.083897082941      3.308715556993
  258     -3.786774577083      2.174178768676      3.220387166082
  258     -0.059625201551     -4.368680821440      3.283185706623
    8     -0.034377152387      0.026021179517      2.481052549227
    8     -1.865820012136      3.300728186680      2.403180998566
    8      2.043335799674     -3.349968493424      2.658660018432
    8      3.829185799394     -0.017400414707      2.567903665522
    8      1.890346410508      3.297415380405      2.422958021723
    8      5.564635207616     -3.297972869923      2.572758454828
    8     -3.773080838846     -0.029249205020      2.439711078805
    8     -5.697501314443      3.347407820167      2.482892898289
    8     -1.928333515684     -3.266895080825      2.395953350886
    8      1.896373275875     -1.121557263353      0.862248690813
    8      0.007417022532      2.191502860303      0.849691200129
    8      3.802904811231     -4.431800717920      0.846402973662
    8      5.725459243537     -1.108088722939      0.831202739827
    8      3.829728161099      2.184444308361      0.919611052623
    8      7.568770413770     -4.375677054401      0.894675171139
    8     -1.888458847330     -1.092526682832      0.843320629879
    8     -3.817031475099      2.201619527613      0.864394073131
    8      0.043586885229     -4.359036079521      0.914659181537
  258      0.001140915059     -0.001670959528      0.047880310495
  258     -1.899196293480      3.293678671993      0.018169938327
  258      1.916198979178     -3.302486250903      0.057476685308
  258      3.815373212607      0.000981352967      0.076862515928
  258      1.901180264259      3.291722342838      0.063926812100
  258      5.697747660724     -3.300090665442      0.047778517533
  258     -3.806235420630     -0.006468279762      0.032147554548
  258     -5.719163083394      3.307987730019      0.069372038879
  258     -1.900286778103     -3.280646328537      0.050795815680
    8     -1.906412637088      1.107817006837     -0.781216538796
    8     -3.826539609854      4.407075340681     -0.765395450388
    8      0.006167310002     -2.212656699769     -0.774062543580
    8      1.926258265550      1.104141795430     -0.754733976676
    8      0.002472916997      4.405674133159     -0.770385553083
    8      3.808343296591     -2.207336736910     -0.758154895434
    8     -5.729599908901      1.116461299356     -0.759184454885
    8     -7.623221066681      4.412382315031     -0.726166084133
    8     -3.810237720991     -2.210770042571     -0.771591353648
    8      0.000000000000      0.000000000000     -2.343480358560
    8     -1.907166481098      3.303973044176     -2.343480358560
    8      1.907166481103     -3.303973044171     -2.343480358560
    8      3.812461574870     -0.001080877380     -2.343480358560
    8      1.905295093767      3.302892166803     -2.343480358560
    8      5.719628055980     -3.305053921553     -2.343480358560
    8     -3.812461574870      0.001080877370     -2.343480358560
    8     -5.719628055980      3.305053921553     -2.343480358560
    8     -1.905295093773     -3.302892166798     -2.343480358560
  258     -1.906542685325      1.101684640517     -3.124640478080
  258     -3.813709166416      4.405657684697     -3.124640478080
  258      0.000623795779     -2.202288403656     -3.124640478080
  258      1.905918889547      1.100603763140     -3.124640478080
  258     -0.001247591554      4.404576807319     -3.124640478080
  258      3.813085370649     -2.203369281035     -3.124640478080
  258     -5.719004260236      1.102765517880     -3.124640478080
  258     -7.626170741294      4.406738562080     -3.124640478080
  258     -3.811837779096     -2.201207526283     -3.124640478080
    8      1.906542685325     -1.101684640517     -3.905800597599
    8     -0.000623795779      2.202288403656     -3.905800597599
    8      3.813709166416     -4.405657684697     -3.905800597599
    8      5.719004260236     -1.102765517880     -3.905800597599
    8      3.811837779100      2.201207526284     -3.905800597599
    8      7.626170741294     -4.406738562080     -3.905800597599
    8     -1.905918889547     -1.100603763140     -3.905800597599
    8     -3.813085370651      2.203369281035     -3.905800597599
    8      0.001247591552     -4.404576807319     -3.905800597599
    8      1.380312164630      4.404401215825      6.407691522179
    1      0.729019815192      4.445667481407      5.627096646978
    1      6.818788942600     -4.872199754806      7.081746850253
    8      3.965098056362      2.823540820218      6.089441752128
    1      4.243563128713      2.100983485270      6.690049220195
    1      3.131816178942      3.237571837491      6.390985764363
    1     -1.321667772889     -1.815642943117      6.308636453566
    8     -2.128377806746     -1.338108865430      6.056156982096
    1     -2.751773944897     -2.013577192092      5.691326016380
    1     -4.760699574477      4.586783476446      5.641792831267
    8      0.109535551575     -4.866011456685      5.847488985829
    1     -6.282814303721      4.341779258935      6.007624406202
    8      1.946715839311     -1.804359179291      5.790507389082
    1      1.058537894110     -2.197804090038      5.629833182596
    1      2.551655514881     -2.557936964144      5.995507217306
    8      5.687839134752     -1.817970026237      5.866281442257
    1      6.600802062005     -2.077439413232      5.537756109566
    1      5.738676746700     -0.971874937418      6.395642405411
    1      4.616494991838     -3.126416869787      6.021350651011
    8      3.861745211734     -3.726440194578      5.780195645386
    1      3.881793333798     -4.582540037931      6.292361775887
    8      0.237003971209      1.896440970421      6.173773065206
    1      0.981383151574      1.372189953037      5.795986447044
    1      0.669920623260      2.707750681383      6.517603104744
    8      5.718922776669      0.730429080680      6.760125133668
    1     -5.619005506675      0.994165114057      5.768959234681
    1     -4.917855845190      1.034926996655      7.219399244035
    8      3.462541644958     13.550738335803      6.633803791852
    1      2.928552325897     13.578424822620      5.799742773117
    1      4.093955791801     12.812358839569      6.523290205804
    0    0
