   2   1   1 E -1.7583050600180E+04 DE-1.9E-07(  6)
  0.114383830764E+02 -0.339281767666E-02  0.000000000000E+00
 -0.572212881879E+01  0.991262154930E+01  0.000000000000E+00
  0.000000000000E+00  0.000000000000E+00  0.500000000000E+03
    1
  0.100000000000E+01  0.000000000000E+00  0.000000000000E+00
  0.000000000000E+00  0.100000000000E+01  0.000000000000E+00
  0.000000000000E+00  0.000000000000E+00  0.100000000000E+01
  0.000000000000E+00  0.000000000000E+00  0.000000000000E+00
  111
    8     -1.944212569445      1.143101479132      4.040970100333
    8     -3.630189819571      4.186633707262      4.262748009200
    8     -0.133177224635     -2.261456988005      4.094180951383
    8      1.901786214235      1.217764475558      4.138384386217
    8      0.036992880813      4.359988427687      4.146590469744
    0      3.813447087830     -2.203558748215      4.089120503632
    8     -5.631877968891      1.204782363885      4.204543867614
    8     -7.690564775163      4.482074074557      3.945263693484
    8     -3.745299258435     -2.340346446747      4.226940083272
  258      1.821992721059     -1.023231530096      3.286666569863
  258      0.008844047813      2.185746429010      3.291494449956
  258      3.823395688991     -4.583918997005      3.251691376889
  258      5.804190266057     -1.029973378270      3.241355963967
  258      3.809122282396      2.230489597330      3.326830369759
  258      7.627251743699     -4.400974851451      3.207422211054
  258     -1.895810957416     -1.083351724691      3.309074181553
  258     -3.786816595889      2.174071060984      3.220015207168
  258     -0.061370846069     -4.368092447178      3.281902082221
    8     -0.034399373434      0.025234986069      2.479918743906
    8     -1.867429091641      3.300271185769      2.401691747035
    8      2.042863508082     -3.350940706629      2.658529710975
    8      3.829200883039     -0.017058301921      2.570645845982
    8      1.892625726819      3.297211915842      2.421970773045
    8      5.563246300345     -3.297511955212      2.574861540991
    8     -3.773824690696     -0.029665989280      2.439643669149
    8     -5.697766566867      3.348710416844      2.483510550312
    8     -1.928755869867     -3.267724413423      2.396705611183
    8      1.897318422805     -1.121665747454      0.862316856118
    8      0.007936240680      2.192514669990      0.851298642328
    8      3.803522101381     -4.432310187995      0.845621960559
    8      5.725076878209     -1.108317301509      0.832256981161
    8      3.831540370490      2.184072224169      0.919251530555
    8      7.567969745698     -4.375488364514      0.896315511908
    8     -1.888317421280     -1.093776745329      0.843082938488
    8     -3.818419967537      2.201898741940      0.863791676142
    8      0.042979698727     -4.359060957189      0.914720524434
  258      0.000722837563     -0.001870754427      0.047904195836
  258     -1.899761557295      3.293776551169      0.017879973525
  258      1.916557502182     -3.302791851626      0.057541944628
  258      3.815629078498      0.000993173796      0.076799862086
  258      1.901473962314      3.292237302095      0.063476470577
  258      5.698448403525     -3.300229837611      0.047516874351
  258     -3.807048459635     -0.006797787319      0.032156598896
  258     -5.719804158925      3.307719186492      0.069490614800
  258     -1.900695462118     -3.280537024301      0.050725762940
    8     -1.905439693849      1.108182008770     -0.780596920799
    8     -3.827286831232      4.407625995779     -0.765451156069
    8      0.006476673428     -2.212852300430     -0.774055882490
    8      1.926126632669      1.104551177422     -0.753972946563
    8      0.002782998906      4.405430191093     -0.771151039780
    8      3.808783542948     -2.207276129617     -0.758101774108
    8     -5.730554984595      1.116129330693     -0.759565679937
    8     -7.624316541615      4.413034650562     -0.726305580435
    8     -3.810989374710     -2.211276710105     -0.771710989684
    8      0.000000000000      0.000000000000     -2.343480358560
    8     -1.907376272934      3.304207183097     -2.343480358560
    8      1.907376272939     -3.304207183092     -2.343480358560
    8      3.812794358807     -0.001130939230     -2.343480358560
    8      1.905418085868      3.303076243873     -2.343480358560
    8      5.720170631753     -3.305338122323     -2.343480358560
    8     -3.812794358807      0.001130939220     -2.343480358560
    8     -5.720170631753      3.305338122323     -2.343480358560
    8     -1.905418085874     -3.303076243868     -2.343480358560
  258     -1.906723543916      1.101779374107     -3.124640478080
  258     -3.814099816843      4.405986557208     -3.124640478080
  258      0.000652729024     -2.202427808987     -3.124640478080
  258      1.906070814893      1.100648434880     -3.124640478080
  258     -0.001305458044      4.404855617980     -3.124640478080
  258      3.813447087830     -2.203558748215     -3.124640478080
  258     -5.719517902764      1.102910313321     -3.124640478080
  258     -7.626894175658      4.407117496441     -3.124640478080
  258     -3.812141629788     -2.201296869763     -3.124640478080
    8      1.906723543916     -1.101779374107     -3.905800597599
    8     -0.000652729024      2.202427808987     -3.905800597599
    8      3.814099816843     -4.405986557208     -3.905800597599
    8      5.719517902764     -1.102910313321     -3.905800597599
    8      3.812141629792      2.201296869764     -3.905800597599
    8      7.626894175658     -4.407117496441     -3.905800597599
    8     -1.906070814893     -1.100648434880     -3.905800597599
    8     -3.813447087832      2.203558748215     -3.905800597599
    8      0.001305458042     -4.404855617980     -3.905800597599
    8      1.385221221110      4.410085207607      6.403395982838
    1      0.728675762589      4.442458750584      5.627146935144
    1      6.820264836252     -4.870361904273      7.078988679341
    8      3.970727841477      2.821802092428      6.088607014915
    1      4.248550626253      2.099840095569      6.690576273124
    1      3.137447516058      3.237324984998      6.388712647684
    1     -1.322064028666     -1.811493663589      6.311461808566
    8     -2.130321147309     -1.336706365947      6.058577885466
    1     -2.751174765811     -2.014065898036      5.693625374887
    1     -4.754591170132      4.585411804525      5.632403294488
    8      0.117579706511     -4.867337061325      5.845914662956
    1     -6.275543517378      4.341944749857      6.008894462783
    8      1.951394237897     -1.809898936407      5.790345062860
    1      1.062077920521     -2.201709319188      5.632762742240
    1      2.555917466623     -2.563655295324      5.995862651156
    8      5.688847508096     -1.817403245442      5.864712121554
    1      6.601266222284     -2.077561878941      5.534951037752
    1      5.740864175868     -0.972121091793      6.395414723664
    1      4.621157784613     -3.129530666094      6.024652059198
    8      3.868100514455     -3.731415265394      5.782148009123
    1      3.888767164672     -4.587834127882      6.293627332163
    8      0.244432534907      1.892495918209      6.179082555721
    1      0.988703122235      1.376414050361      5.787512824052
    1      0.675864978774      2.703053044756      6.525733063262
    8      5.720531139976      0.731483096464      6.760616866264
    1     -5.619075634859      0.994641312334      5.769231915391
    1     -4.917603577199      1.038130098267      7.219610837599
    8      3.470350805717     13.542084660828      6.632595825009
    1      2.934765414749     13.573358734578      5.799632263337
    1      4.105550024866     12.807603471765      6.515709173462
    0    0
