   2   1   1 E -1.7583050385896E+04 DE-4.0E-07( 10)
  0.114374378474E+02 -0.213708926939E-02  0.000000000000E+00
 -0.572056828548E+01  0.991052333627E+01  0.000000000000E+00
  0.000000000000E+00  0.000000000000E+00  0.500000000000E+03
    1
  0.100000000000E+01  0.000000000000E+00  0.000000000000E+00
  0.000000000000E+00  0.100000000000E+01  0.000000000000E+00
  0.000000000000E+00  0.000000000000E+00  0.100000000000E+01
  0.000000000000E+00  0.000000000000E+00  0.000000000000E+00
  111
    8     -1.933944442337      1.140701971108      4.041180787240
    8     -3.629851978654      4.177838406433      4.269631066456
    8     -0.132085054222     -2.262165414629      4.088164648567
    8      1.889587849989      1.217958327680      4.145300753076
    8      0.043181448097      4.356166277379      4.141713853522
    0      3.812890251756     -2.202813427897      4.089120503632
    8     -5.629275756282      1.200013288952      4.209985795839
    8     -7.686788678250      4.478785231108      3.948678094850
    8     -3.744931769425     -2.336613261011      4.222815313773
  258      1.821575698370     -1.024257650346      3.291119740551
  258      0.012211823018      2.182446839676      3.275277431006
  258      3.824380175581     -4.584711936888      3.261604168423
  258      5.807021416375     -1.029419144475      3.238207710076
  258      3.810013110390      2.228685925874      3.331625534892
  258      7.628384806509     -4.400669170594      3.208333376846
  258     -1.893527998715     -1.084764120001      3.308448435201
  258     -3.784822295814      2.172746347817      3.224296563317
  258     -0.059146806818     -4.368031204363      3.280276062189
    8     -0.030397770147      0.021484842668      2.472942988995
    8     -1.870072074637      3.300866672987      2.404809785382
    8      2.045501473805     -3.352990946516      2.658498923368
    8      3.828099602459     -0.015580594960      2.577731637005
    8      1.899541199127      3.293949856254      2.420047939394
    8      5.559569036773     -3.296043424442      2.581319069478
    8     -3.772177859139     -0.027586822482      2.440379902562
    8     -5.697420949780      3.342588554370      2.484041397212
    8     -1.929521279523     -3.271393819640      2.397017455032
    8      1.900304660287     -1.123393544111      0.863345514452
    8      0.007710312276      2.192613482503      0.852721513421
    8      3.804996374122     -4.431476006407      0.845553379947
    8      5.723968721238     -1.108231600724      0.834441290931
    8      3.831617942916      2.180710570633      0.918532220698
    8      7.565739083348     -4.374882317009      0.897620126921
    8     -1.888384624994     -1.095076575940      0.844357978217
    8     -3.816011470639      2.201996213779      0.864692684174
    8      0.044075733583     -4.359790370757      0.915636170411
  258      0.002324056621     -0.004942056981      0.046054874958
  258     -1.900311311146      3.293581782026      0.017848398470
  258      1.917836674845     -3.302853049689      0.059454156929
  258      3.816065176978      0.001246819766      0.076125709635
  258      1.904215739593      3.291717396347      0.062130525263
  258      5.696304566364     -3.300615074123      0.049044719401
  258     -3.804809950452     -0.006834872370      0.031897039930
  258     -5.717646658785      3.304884026438      0.070630780794
  258     -1.901756634782     -3.280586022206      0.051194932146
    8     -1.904193704418      1.107458621959     -0.780626597188
    8     -3.825891827482      4.406086434544     -0.765562095276
    8      0.006295867827     -2.212974746246     -0.773204642339
    8      1.925360595694      1.103543109627     -0.754397160552
    8      0.003919007085      4.404307701479     -0.770917467457
    8      3.809077431268     -2.207070332527     -0.759090895657
    8     -5.729627330792      1.115064469410     -0.759054195077
    8     -7.623335000986      4.410998212267     -0.725015269409
    8     -3.810836083789     -2.212527565214     -0.770739549317
    8      0.000000000000      0.000000000000     -2.343480358560
    8     -1.906856095164      3.303507778755     -2.343480358560
    8      1.906856095169     -3.303507778750     -2.343480358560
    8      3.812479282466     -0.000712363094     -2.343480358560
    8      1.905623187297      3.302795415667     -2.343480358560
    8      5.719335377642     -3.304220141846     -2.343480358560
    8     -3.812479282466      0.000712363084     -2.343480358560
    8     -5.719335377642      3.304220141846     -2.343480358560
    8     -1.905623187303     -3.302795415662     -2.343480358560
  258     -1.906445125879      1.101406713948     -3.124640478080
  258     -3.813301221035      4.404914492707     -3.124640478080
  258      0.000410969290     -2.202101064804     -3.124640478080
  258      1.906034156589      1.100694350857     -3.124640478080
  258     -0.000821938578      4.404202129615     -3.124640478080
  258      3.812890251756     -2.202813427897     -3.124640478080
  258     -5.718924408385      1.102119077026     -3.124640478080
  258     -7.625780503509      4.405626855804     -3.124640478080
  258     -3.812068313180     -2.201388701716     -3.124640478080
    8      1.906445125879     -1.101406713948     -3.905800597599
    8     -0.000410969290      2.202101064804     -3.905800597599
    8      3.813301221035     -4.404914492707     -3.905800597599
    8      5.718924408385     -1.102119077026     -3.905800597599
    8      3.812068313184      2.201388701717     -3.905800597599
    8      7.625780503509     -4.405626855804     -3.905800597599
    8     -1.906034156589     -1.100694350857     -3.905800597599
    8     -3.812890251758      2.202813427897     -3.905800597599
    8      0.000821938576     -4.404202129615     -3.905800597599
    8      1.411638907429      4.421633175820      6.389334966597
    1      0.743616261601      4.436411239292      5.624223598513
    1      6.827839574257     -4.875413100136      7.075945005201
    8      3.969654160893      2.821578444599      6.079109618658
    1      4.229014506694      2.098202809474      6.686430218106
    1      3.143503112529      3.254759095785      6.374578137894
    1     -1.329366166024     -1.812766813622      6.309575949001
    8     -2.135613819328     -1.337427107947      6.052573934668
    1     -2.757050663096     -2.012611201661      5.682911304018
    1     -4.740467680131      4.591397688670      5.616719761617
    8      0.129299557535     -4.858820918791      5.837858636612
    1     -6.259728902490      4.348449453304      6.004836842349
    8      1.967870012158     -1.809129046467      5.786690469686
    1      1.073110943559     -2.193891863194      5.655524073204
    1      2.567866988590     -2.567131298866      5.993878493481
    8      5.681909150756     -1.823386419011      5.863878853382
    1      6.598876498857     -2.085448420168      5.553069838874
    1      5.726482336100     -0.971602888164      6.390133155972
    1      4.622171109413     -3.126967285256      6.019190318193
    8      3.869900308290     -3.735515056771      5.789638581589
    1      3.907415463589     -4.596165690665      6.296988288471
    8      0.254980234650      1.889702286317      6.218781140322
    1      0.983741834096      1.383572348572      5.783700117753
    1      0.700824334383      2.697322518923      6.555790280363
    8      5.706848421512      0.711842836724      6.759654617841
    1     -5.623240019034      0.984965673700      5.771224846184
    1     -4.931686937706      1.005066745877      7.228502169586
    8      3.533042370053     13.544630508312      6.638002526792
    1      2.976223113662     13.555131477318      5.823540672584
    1      4.170161995780     12.814646418030      6.513226991716
    0    0
