   2   1   1 E -1.7583050351868E+04 DE-5.5E-07( 12)
  0.114376675988E+02 -0.202417258505E-02  0.000000000000E+00
 -0.572058539714E+01  0.991030432493E+01  0.000000000000E+00
  0.000000000000E+00  0.000000000000E+00  0.500000000000E+03
    1
  0.100000000000E+01  0.000000000000E+00  0.000000000000E+00
  0.000000000000E+00  0.100000000000E+01  0.000000000000E+00
  0.000000000000E+00  0.000000000000E+00  0.100000000000E+01
  0.000000000000E+00  0.000000000000E+00  0.000000000000E+00
  111
    8     -1.933079398306      1.140829583485      4.041686147306
    8     -3.631047832423      4.176628646569      4.270280998068
    8     -0.131488618144     -2.261914322621      4.087843448974
    8      1.888460931048      1.217666679160      4.146387418828
    8      0.044000107529      4.355085817727      4.140960547090
    0      3.812945110233     -2.202739666112      4.089120503632
    8     -5.630283227446      1.199343392828      4.210641156274
    8     -7.686997730162      4.478306278000      3.948148988604
    8     -3.745102416118     -2.335465504642      4.222442960178
  258      1.821515999486     -1.024402110054      3.291789463552
  258      0.011698284376      2.182171267536      3.273819093269
  258      3.824168563681     -4.585862438052      3.262300831447
  258      5.807088124003     -1.029467419898      3.237794563599
  258      3.809570584476      2.228320794599      3.332035014101
  258      7.628525855600     -4.400722431580      3.208039247301
  258     -1.893616052902     -1.084695812302      3.308445700275
  258     -3.785274869138      2.173059796876      3.225008394021
  258     -0.059081917187     -4.368325402498      3.280229918519
    8     -0.030067646228      0.021406318082      2.472823728083
    8     -1.870320279513      3.300669239500      2.405031709187
    8      2.045609022071     -3.353633522454      2.658895202163
    8      3.827421395867     -0.015732781445      2.578681994182
    8      1.899089249908      3.293269368917      2.420020593001
    8      5.559136534557     -3.296214905407      2.581966905663
    8     -3.772305036063     -0.027405487896      2.441081432940
    8     -5.698409374924      3.341695233759      2.484100692770
    8     -1.929795417778     -3.271341195802      2.397121012811
    8      1.900490548659     -1.123588510887      0.863803055738
    8      0.007293852992      2.192533121663      0.852942527109
    8      3.804870251331     -4.431479165692      0.845662625789
    8      5.723484813737     -1.108298470233      0.835022491924
    8      3.830840486429      2.180192722598      0.918900998308
    8      7.565703679319     -4.374984228371      0.897642584946
    8     -1.888031781214     -1.095201340941      0.844792991310
    8     -3.815995462619      2.202460332004      0.865404788293
    8      0.043996893246     -4.359903238286      0.915406796960
  258      0.002627459306     -0.005320017536      0.045890303733
  258     -1.900505918494      3.293599395048      0.017852433589
  258      1.917859570833     -3.302883358400      0.059741287919
  258      3.815960641427      0.001153075177      0.076315256397
  258      1.904333431629      3.291489548356      0.062054644412
  258      5.695906262054     -3.300538481810      0.049390572639
  258     -3.804833763098     -0.006831990939      0.032127098564
  258     -5.718024797999      3.304665388184      0.070803265860
  258     -1.902076045612     -3.280621615856      0.051123354315
    8     -1.903751946683      1.107437823734     -0.780885907803
    8     -3.825921379241      4.405666020837     -0.765664649609
    8      0.006199961314     -2.212664112110     -0.772967628418
    8      1.925135451535      1.103329136524     -0.754362043432
    8      0.003929619114      4.404120709038     -0.770922414069
    8      3.808842277414     -2.207068029064     -0.759046136619
    8     -5.730089604149      1.115441568164     -0.758564238477
    8     -7.623612162530      4.410477996220     -0.724722553182
    8     -3.810969731469     -2.212883510279     -0.770584518153
    8      0.000000000000      0.000000000000     -2.343480358560
    8     -1.906861799053      3.303434774972     -2.343480358560
    8      1.906861799058     -3.303434774967     -2.343480358560
    8      3.812555866292     -0.000674724199     -2.343480358560
    8      1.905694067234      3.302760050779     -2.343480358560
    8      5.719417665357     -3.304109499168     -2.343480358560
    8     -3.812555866292      0.000674724189     -2.343480358560
    8     -5.719417665357      3.304109499168     -2.343480358560
    8     -1.905694067240     -3.302760050774     -2.343480358560
  258     -1.906472555117      1.101369833055     -3.124640478080
  258     -3.813334354163      4.404804608031     -3.124640478080
  258      0.000389243941     -2.202064941914     -3.124640478080
  258      1.906083311177      1.100695108859     -3.124640478080
  258     -0.000778487879      4.404129883834     -3.124640478080
  258      3.812945110233     -2.202739666112     -3.124640478080
  258     -5.719028421449      1.102044557239     -3.124640478080
  258     -7.625890220462      4.405479332234     -3.124640478080
  258     -3.812166622355     -2.201390217720     -3.124640478080
    8      1.906472555117     -1.101369833055     -3.905800597599
    8     -0.000389243941      2.202064941914     -3.905800597599
    8      3.813334354163     -4.404804608031     -3.905800597599
    8      5.719028421449     -1.102044557239     -3.905800597599
    8      3.812166622359      2.201390217721     -3.905800597599
    8      7.625890220462     -4.405479332234     -3.905800597599
    8     -1.906083311177     -1.100695108859     -3.905800597599
    8     -3.812945110235      2.202739666112     -3.905800597599
    8      0.000778487877     -4.404129883834     -3.905800597599
    8      1.415967719568      4.425240608236      6.387731513637
    1      0.746908991962      4.435817951866      5.623471729126
    1      6.829975311103     -4.872219704660      7.073941605755
    8      3.976582534658      2.815433237866      6.083459423418
    1      4.232379217781      2.095296954677      6.695957480806
    1      3.149941112629      3.252088571953      6.372524278266
    1     -1.334815665671     -1.821982700484      6.319272241360
    8     -2.134579455672     -1.341008429257      6.053501956531
    1     -2.758520684050     -2.013084286138      5.682446277236
    1     -4.737786182770      4.591080721089      5.618799879609
    8      0.132534222468     -4.860266635201      5.843887771871
    1     -6.254781407627      4.345125185877      6.009467549816
    8      1.969934880272     -1.821999250620      5.779044130694
    1      1.081763221239     -2.215678342768      5.626930458081
    1      2.573946097682     -2.576494047072      5.986804826628
    8      5.686638351606     -1.824958232445      5.859698209718
    1      6.603280204968     -2.083634751271      5.546042210960
    1      5.728575257556     -0.972767495371      6.385889647998
    1      4.630135202052     -3.129171545582      6.013199263681
    8      3.878649807978     -3.739498649414      5.784481279871
    1      3.917374782633     -4.601342000555      6.289329936195
    8      0.267335784075      1.890293239536      6.240323761723
    1      0.989336159373      1.387082349531      5.791261076159
    1      0.716365273149      2.699905425109      6.567586856912
    8      5.706358222276      0.707377895833      6.758591363703
    1     -5.623882793921      0.982359550472      5.770572883403
    1     -4.933027692495      1.000041350569      7.228718225274
    8      3.540047314582     13.542093458543      6.637112890196
    1      2.977871423495     13.547436020083      5.826813815886
    1      4.172590317423     12.806437350911      6.514748728983
    0    0
