   2   1   1 E -1.7583050600275E+04 DE 3.1E-07(  6)
  0.114379235018E+02 -0.337617236569E-02  0.000000000000E+00
 -0.572188461721E+01  0.991218750433E+01  0.000000000000E+00
  0.000000000000E+00  0.000000000000E+00  0.500000000000E+03
    1
  0.100000000000E+01  0.000000000000E+00  0.000000000000E+00
  0.000000000000E+00  0.100000000000E+01  0.000000000000E+00
  0.000000000000E+00  0.000000000000E+00  0.100000000000E+01
  0.000000000000E+00  0.000000000000E+00  0.000000000000E+00
  111
    8     -1.943605140437      1.142725527659      4.040232608977
    8     -3.629969494863      4.186110554327      4.263429212269
    8     -0.133419758747     -2.260944383204      4.093561986720
    8      1.900651967880      1.218058297746      4.138846067217
    8      0.037142060308      4.359410495094      4.145887594981
    0      3.813290693122     -2.203458594819      4.089120503632
    8     -5.631318671985      1.204778338539      4.204543872785
    8     -7.690152435646      4.481874057353      3.945415331453
    8     -3.745145583890     -2.339867828199      4.226246438505
  258      1.821756647247     -1.023240281864      3.286743489385
  258      0.009069895590      2.185699014092      3.289896056570
  258      3.823157701476     -4.583754314832      3.252308493335
  258      5.804163080968     -1.029728506628      3.240851127867
  258      3.809148146528      2.230723089504      3.327172950037
  258      7.627035893737     -4.400700881329      3.207564253182
  258     -1.895670433731     -1.083171448288      3.308872137473
  258     -3.786559498056      2.173975143625      3.220066617320
  258     -0.061657456716     -4.367571795127      3.281457164587
    8     -0.034301192916      0.025006003989      2.479204384819
    8     -1.867814873432      3.300357210735      2.401601335461
    8      2.042681623131     -3.350733827450      2.658352374534
    8      3.828941442519     -0.016686981398      2.571390571286
    8      1.893310668090      3.297100256091      2.421626151768
    8      5.562573144963     -3.297014622743      2.575324273629
    8     -3.773712149929     -0.029488736096      2.439488648953
    8     -5.697650015695      3.348646230985      2.483600477050
    8     -1.928815476765     -3.267768749998      2.396632233805
    8      1.897473963690     -1.121610338042      0.862230571501
    8      0.007983114662      2.192718414427      0.851501486065
    8      3.803441582007     -4.432058644836      0.845352106302
    8      5.724611021338     -1.108265451459      0.832388348197
    8      3.831648101956      2.183915569082      0.919007011467
    8      7.567342834117     -4.375175586285      0.896388712510
    8     -1.888205441861     -1.093970052086      0.842998634334
    8     -3.818369242673      2.202033453835      0.863581703228
    8      0.042895904679     -4.358819428021      0.914777706075
  258      0.000732473748     -0.002033081778      0.047699790062
  258     -1.899812438081      3.293812971474      0.017785654955
  258      1.916546995975     -3.302586723809      0.057555005615
  258      3.815477190369      0.001101470063      0.076639976622
  258      1.901571926207      3.292260421929      0.063206082758
  258      5.698101778682     -3.300113841953      0.047404847778
  258     -3.806866532390     -0.006811836065      0.031974112715
  258     -5.719541190598      3.307515038005      0.069500754824
  258     -1.900726014217     -3.280302640442      0.050627341241
    8     -1.905116503738      1.108224902419     -0.780553330100
    8     -3.827196821580      4.407555125593     -0.765529596791
    8      0.006463480531     -2.212759830071     -0.774085314826
    8      1.925952262317      1.104577524714     -0.753948785381
    8      0.002883641523      4.405209972277     -0.771364687283
    8      3.808662628506     -2.207097635709     -0.758272312709
    8     -5.730433077329      1.116043137760     -0.759736621998
    8     -7.624048761849      4.412960859005     -0.726357884865
    8     -3.810895816731     -2.211321475819     -0.771859649999
    8      0.000000000000      0.000000000000     -2.343480358560
    8     -1.907294872409      3.304062501439     -2.343480358560
    8      1.907294872414     -3.304062501434     -2.343480358560
    8      3.812641167270     -0.001125390793     -2.343480358560
    8      1.905346294855      3.302937110652     -2.343480358560
    8      5.719936039691     -3.305187892229     -2.343480358560
    8     -3.812641167270      0.001125390783     -2.343480358560
    8     -5.719936039691      3.305187892229     -2.343480358560
    8     -1.905346294861     -3.302937110647     -2.343480358560
  258     -1.906645346562      1.101729297409     -3.124640478080
  258     -3.813940218964      4.405791798852     -3.124640478080
  258      0.000649525853     -2.202333204027     -3.124640478080
  258      1.905995820710      1.100603906619     -3.124640478080
  258     -0.001299051702      4.404666408061     -3.124640478080
  258      3.813290693122     -2.203458594819     -3.124640478080
  258     -5.719286513872      1.102854688186     -3.124640478080
  258     -7.626581386241      4.406917189648     -3.124640478080
  258     -3.811991641422     -2.201207813240     -3.124640478080
    8      1.906645346562     -1.101729297409     -3.905800597599
    8     -0.000649525853      2.202333204027     -3.905800597599
    8      3.813940218964     -4.405791798852     -3.905800597599
    8      5.719286513872     -1.102854688186     -3.905800597599
    8      3.811991641426      2.201207813241     -3.905800597599
    8      7.626581386241     -4.406917189648     -3.905800597599
    8     -1.905995820710     -1.100603906619     -3.905800597599
    8     -3.813290693124      2.203458594819     -3.905800597599
    8      0.001299051700     -4.404666408061     -3.905800597599
    8      1.387561416297      4.412163602619      6.401686162546
    1      0.729418485475      4.441973293994      5.626930675597
    1      6.820318819446     -4.870372621244      7.078425099180
    8      3.970508669165      2.820185754550      6.087447629872
    1      4.248128109149      2.097047547266      6.687819765423
    1      3.137744831501      3.235791758316      6.389193026196
    1     -1.320492025454     -1.808193979143      6.307281972913
    8     -2.130000593656     -1.334605147682      6.056080392782
    1     -2.750545631639     -2.012631272931      5.691941957604
    1     -4.753822092041      4.585521062536      5.630161484826
    8      0.118039899176     -4.867245261830      5.844939788721
    1     -6.274341855000      4.341463557874      6.008778899506
    8      1.953883629827     -1.812001702167      5.790266082983
    1      1.064562920907     -2.203700791223      5.633228325644
    1      2.558640465607     -2.565650882005      5.995416237856
    8      5.689296378940     -1.817558553629      5.862710872079
    1      6.602227853457     -2.077792199003      5.535026944817
    1      5.740622456350     -0.972285534446      6.393559387744
    1      4.623052688993     -3.130436511386      6.023261941944
    8      3.870505095809     -3.733346067805      5.781529849127
    1      3.892397243187     -4.589729332628      6.292875312991
    8      0.246216667284      1.892813987055      6.180370760295
    1      0.989037471670      1.377886530953      5.784867375127
    1      0.678981781124      2.702025388578      6.527022734616
    8      5.719879201703      0.730061781972      6.760013021154
    1     -5.618987557858      0.994277395634      5.769098823993
    1     -4.917919702486      1.035939249392      7.219499236456
    8      3.474024442066     13.540224835470      6.633244821115
    1      2.936736027851     13.570460600889      5.801652987446
    1      4.109289375299     12.805502948000      6.516494878172
    0    0
