   2   1   1 E -1.7583050321300E+04 DE-3.1E-07( 11)
  0.114381103218E+02 -0.200039810380E-02  0.000000000000E+00
 -0.572078624156E+01  0.991022045225E+01  0.000000000000E+00
  0.000000000000E+00  0.000000000000E+00  0.500000000000E+03
    1
  0.100000000000E+01  0.000000000000E+00  0.000000000000E+00
  0.000000000000E+00  0.100000000000E+01  0.000000000000E+00
  0.000000000000E+00  0.000000000000E+00  0.100000000000E+01
  0.000000000000E+00  0.000000000000E+00  0.000000000000E+00
  111
    8     -1.932445903803      1.141178479379      4.042131442922
    8     -3.632904792471      4.175704385596      4.271010114595
    8     -0.130926109101     -2.261981691558      4.087384565094
    8      1.887409620051      1.217804230249      4.148225777911
    8      0.044635888729      4.354025062769      4.139906735084
    0      3.813088125196     -2.202715744521      4.089120503632
    8     -5.631471819110      1.198786649738      4.211571709593
    8     -7.687407084826      4.478001871940      3.947290426457
    8     -3.744901655606     -2.334307549555      4.221852247357
  258      1.821632057697     -1.024704480445      3.293037447034
  258      0.010867367395      2.182131917767      3.272528569756
  258      3.823928315434     -4.587258224462      3.262861873626
  258      5.807328606611     -1.029550738818      3.237457236514
  258      3.809167271268      2.228118272114      3.332685635761
  258      7.628866346085     -4.400923689364      3.207562782217
  258     -1.893739799408     -1.084571177223      3.308431821914
  258     -3.785979499845      2.173506581372      3.225803723125
  258     -0.059179172412     -4.368806538158      3.279998851126
    8     -0.029865598265      0.021477106529      2.473044788565
    8     -1.870693308256      3.300636313449      2.405326931652
    8      2.045799057950     -3.354620576256      2.659374809472
    8      3.826842555840     -0.015840452957      2.580207816113
    8      1.898457924289      3.292623989064      2.420150022237
    8      5.558730039309     -3.296550876963      2.582653619785
    8     -3.772488355730     -0.027160277839      2.442049079549
    8     -5.699759024817      3.340824662008      2.484212141061
    8     -1.930090396292     -3.271278290721      2.397152649951
    8      1.900819219140     -1.123835998548      0.864519995623
    8      0.006791538448      2.192598358221      0.853359116381
    8      3.804757423420     -4.431572670397      0.845845075954
    8      5.722963867996     -1.108443286486      0.835818477950
    8      3.829937927558      2.179678801368      0.919504790077
    8      7.565818213859     -4.375230727470      0.897637973823
    8     -1.887572556817     -1.095407800508      0.845337216817
    8     -3.816134152319      2.203155660220      0.866335559022
    8      0.043877252444     -4.360112112151      0.915122326193
  258      0.003000613488     -0.005722630943      0.045816681757
  258     -1.900782748719      3.293766193100      0.017916071874
  258      1.917949910450     -3.302974922946      0.060104201878
  258      3.815912366565      0.001015041126      0.076703334129
  258      1.904447838041      3.291298969540      0.062032397747
  258      5.695533148551     -3.300520978734      0.049791656509
  258     -3.804962030088     -0.006810368241      0.032449260778
  258     -5.718654967260      3.304550057523      0.071032996074
  258     -1.902443552750     -3.280712002267      0.051000554376
    8     -1.903212796495      1.107521417569     -0.781177639557
    8     -3.826061802855      4.405268268213     -0.765778697307
    8      0.006108462755     -2.212337195199     -0.772656795745
    8      1.924913396946      1.103151575676     -0.754187307163
    8      0.003912592176      4.403970382186     -0.770934709202
    8      3.808623663018     -2.207132703804     -0.758912354388
    8     -5.730776841148      1.116035736389     -0.757939040190
    8     -7.624092515302      4.409990167816     -0.724377487060
    8     -3.811164198805     -2.213355059597     -0.770449548087
    8      0.000000000000      0.000000000000     -2.343480358560
    8     -1.906928747192      3.303406817412     -2.343480358560
    8      1.906928747197     -3.303406817407     -2.343480358560
    8      3.812703440598     -0.000666799372     -2.343480358560
    8      1.905774693400      3.302740018046     -2.343480358560
    8      5.719632187802     -3.304073616781     -2.343480358560
    8     -3.812703440598      0.000666799362     -2.343480358560
    8     -5.719632187802      3.304073616781     -2.343480358560
    8     -1.905774693406     -3.302740018041     -2.343480358560
  258     -1.906544062599      1.101357872260     -3.124640478080
  258     -3.813472809784      4.404764689676     -3.124640478080
  258      0.000384684599     -2.202048945149     -3.124640478080
  258      1.906159378001      1.100691072891     -3.124640478080
  258     -0.000769369194      4.404097890306     -3.124640478080
  258      3.813088125196     -2.202715744521     -3.124640478080
  258     -5.719247503237      1.102024671616     -3.124640478080
  258     -7.626176250390      4.405431489051     -3.124640478080
  258     -3.812318756004     -2.201382145783     -3.124640478080
    8      1.906544062599     -1.101357872260     -3.905800597599
    8     -0.000384684599      2.202048945149     -3.905800597599
    8      3.813472809784     -4.404764689676     -3.905800597599
    8      5.719247503237     -1.102024671616     -3.905800597599
    8      3.812318756008      2.201382145784     -3.905800597599
    8      7.626176250390     -4.405431489051     -3.905800597599
    8     -1.906159378001     -1.100691072891     -3.905800597599
    8     -3.813088125198      2.202715744521     -3.905800597599
    8      0.000769369192     -4.404097890306     -3.905800597599
    8      1.420656841033      4.427657507276      6.385705319620
    1      0.750475551919      4.434577053671      5.622316558500
    1      6.831004472884     -4.873904774441      7.073121868710
    8      3.973563551086      2.817108791796      6.077678882610
    1      4.227604267179      2.091892329342      6.684741498379
    1      3.150899588872      3.257956344061      6.371867062637
    1     -1.337001749447     -1.827492254849      6.322581549204
    8     -2.135543633536     -1.344075944504      6.056777302449
    1     -2.759684986995     -2.014121130392      5.682362633332
    1     -4.736954290379      4.591479389932      5.621034135447
    8      0.135395180275     -4.859551639869      5.850309821924
    1     -6.253498581257      4.345827393930      6.011051568746
    8      1.961303820775     -1.831836784615      5.791512764338
    1      1.071699605589     -2.229336871346      5.658556690530
    1      2.571577410887     -2.582395238459      5.994620226220
    8      5.682635670754     -1.823995401409      5.858119070779
    1      6.596057810463     -2.077136083293      5.530660995395
    1      5.725008059495     -0.972000770904      6.383919394007
    1      4.629302658431     -3.128451871828      6.010337747855
    8      3.877455554038     -3.739719291980      5.782790752365
    1      3.919988594384     -4.604214384075      6.282057943801
    8      0.285224676531      1.889041297657      6.253807749233
    1      1.001159383788      1.387908115118      5.792872942096
    1      0.737122642616      2.699335873979      6.573038871049
    8      5.706813079519      0.704403724284      6.758465165290
    1     -5.624153979659      0.980341936149      5.770492203461
    1     -4.931899333608      0.993960205806      7.228479083691
    8      3.549634377198     13.537659566063      6.630597061722
    1      2.983004319968     13.533712244587      5.822172974728
    1      4.185417439068     12.801231029387      6.514708936277
    0    0
