   2   1   1 E -1.7583050023322E+04 DE-7.1E-07(  7)
  0.114386577515E+02 -0.184082611141E-02  0.000000000000E+00
 -0.572092182933E+01  0.990997873468E+01  0.000000000000E+00
  0.000000000000E+00  0.000000000000E+00  0.500000000000E+03
    1
  0.100000000000E+01  0.000000000000E+00  0.000000000000E+00
  0.000000000000E+00  0.100000000000E+01  0.000000000000E+00
  0.000000000000E+00  0.000000000000E+00  0.100000000000E+01
  0.000000000000E+00  0.000000000000E+00  0.000000000000E+00
  111
    8     -1.932959443003      1.141568028421      4.042244139335
    8     -3.636693795785      4.174483176646      4.271315667104
    8     -0.131718936706     -2.262923231523      4.086563746334
    8      1.885979254981      1.218184578613      4.151606148319
    8      0.044556609835      4.352828983097      4.138358538018
    0      3.813239906867     -2.202626569063      4.089120503632
    8     -5.633824129180      1.197938521560      4.212139018132
    8     -7.688448383828      4.477643593721      3.945700157425
    8     -3.745464261642     -2.333029310087      4.220463406063
  258      1.821226064083     -1.025683543072      3.295943766041
  258      0.009020348070      2.182125572221      3.271649794409
  258      3.822738745385     -4.588904056351      3.263213217038
  258      5.806660010707     -1.029578744668      3.236755040364
  258      3.808259343108      2.227991876510      3.333588172994
  258      7.628534823268     -4.401170540150      3.206636213033
  258     -1.894800117608     -1.084542529483      3.308216926834
  258     -3.787760035180      2.173620557977      3.226379057863
  258     -0.060366596007     -4.369690772868      3.279365469060
    8     -0.030345516850      0.021400559909      2.473959985768
    8     -1.871771441928      3.300572856572      2.405741017552
    8      2.045276907039     -3.356228901323      2.660088605720
    8      3.825487664555     -0.016009314140      2.582497654568
    8      1.897024120860      3.291786357064      2.420518033903
    8      5.557345832836     -3.297169353786      2.583234666938
    8     -3.773332795181     -0.026974455399      2.442940253436
    8     -5.702065369991      3.339546046325      2.484009747667
    8     -1.931223430334     -3.271323238392      2.396892327182
    8      1.900892285844     -1.124305662973      0.865892952125
    8      0.005789812302      2.192661263369      0.854091766939
    8      3.804045032953     -4.431706755684      0.846096655551
    8      5.721825879270     -1.108565993191      0.836646818330
    8      3.828350378920      2.179050080854      0.920352822020
    8      7.565428141787     -4.375534093443      0.897441532573
    8     -1.887484573709     -1.095798195579      0.845895084343
    8     -3.816784192299      2.203800610969      0.867380727408
    8      0.043141335171     -4.360480211940      0.914663685502
  258      0.003202714326     -0.006310192778      0.045945797847
  258     -1.901388365842      3.293943654461      0.018066995004
  258      1.917679400101     -3.303144220964      0.060633570495
  258      3.815521633085      0.000776920422      0.077370438454
  258      1.904289406140      3.291008962060      0.062088154720
  258      5.694618825004     -3.300465174880      0.050231517255
  258     -3.805495617465     -0.006913074701      0.032779806188
  258     -5.719814623558      3.304277341401      0.071250672436
  258     -1.903291685924     -3.280946056329      0.050753355088
    8     -1.902780783690      1.107531616141     -0.781556515837
    8     -3.826417862725      4.404619660171     -0.765966424379
    8      0.005719443011     -2.211974514267     -0.772192183209
    8      1.924416163744      1.102922251896     -0.753761278045
    8      0.003679727622      4.403699318168     -0.770955943011
    8      3.808015323930     -2.207243523027     -0.758655619920
    8     -5.731780441103      1.116700274251     -0.757165478392
    8     -7.624882155499      4.409186043459     -0.723981813528
    8     -3.811675862918     -2.213964891711     -0.770391052920
    8      0.000000000000      0.000000000000     -2.343480358560
    8     -1.906973943115      3.303326244890     -2.343480358560
    8      1.906973943120     -3.303326244885     -2.343480358560
    8      3.812885917181     -0.000613608708     -2.343480358560
    8      1.905911974061      3.302712636188     -2.343480358560
    8      5.719859860308     -3.303939853595     -2.343480358560
    8     -3.812885917181      0.000613608698     -2.343480358560
    8     -5.719859860308      3.303939853595     -2.343480358560
    8     -1.905911974067     -3.302712636183     -2.343480358560
  258     -1.906619953434      1.101313284531     -3.124640478080
  258     -3.813593896542      4.404639529425     -3.124640478080
  258      0.000353989686     -2.202012960356     -3.124640478080
  258      1.906265963749      1.100699675826     -3.124640478080
  258     -0.000707979369      4.404025920719     -3.124640478080
  258      3.813239906867     -2.202626569063     -3.124640478080
  258     -5.719505870656      1.101926893223     -3.124640478080
  258     -7.626479813731      4.405253138136     -3.124640478080
  258     -3.812531927500     -2.201399351654     -3.124640478080
    8      1.906619953434     -1.101313284531     -3.905800597599
    8     -0.000353989686      2.202012960356     -3.905800597599
    8      3.813593896542     -4.404639529425     -3.905800597599
    8      5.719505870656     -1.101926893223     -3.905800597599
    8      3.812531927504      2.201399351655     -3.905800597599
    8      7.626479813731     -4.405253138136     -3.905800597599
    8     -1.906265963749     -1.100699675826     -3.905800597599
    8     -3.813239906869      2.202626569063     -3.905800597599
    8      0.000707979367     -4.404025920719     -3.905800597599
    8      1.430196489272      4.427920920443      6.380175765599
    1      0.756627951179      4.432415669593      5.619596807534
    1      6.840191969173     -4.877838044285      7.069174755092
    8      3.964337331876      2.809730419215      6.073337915570
    1      4.216230742801      2.083640230887      6.680326941095
    1      3.143768681352      3.255533302315      6.366455074401
    1     -1.343225223408     -1.837402990973      6.334111896614
    8     -2.136581072138     -1.348843880837      6.060329721159
    1     -2.762429973525     -2.015491675276      5.682599983372
    1     -4.744088354242      4.592775064254      5.619773252619
    8      0.127560189990     -4.861281292729      5.848153365503
    1     -6.260748064246      4.341859533334      6.007595168811
    8      1.972819320354     -1.831614878888      5.783803978063
    1      1.075817844566     -2.214355228997      5.656705586302
    1      2.576220141755     -2.588076080748      5.986005476325
    8      5.681660722288     -1.822647796155      5.860604953691
    1      6.599022883545     -2.073518213745      5.539750694636
    1      5.717641070497     -0.970285229383      6.383747441153
    1      4.633233915184     -3.128265961993      6.007030411928
    8      3.884308609597     -3.743855602034      5.778897462576
    1      3.937967333441     -4.606212083740      6.279917261486
    8      0.294431272704      1.893730337003      6.272191058504
    1      0.988916825876      1.392763062997      5.779990914708
    1      0.760877478347      2.698705821198      6.577399673708
    8      5.704256366805      0.701639459592      6.757579148640
    1     -5.626418696032      0.977609126587      5.769728192152
    1     -4.934140506270      0.987791588762      7.227953764140
    8      3.616038978487     13.526889262386      6.642950135570
    1      2.984330559991     13.507520137544      5.884575190892
    1      4.255304476233     12.797817993917      6.490323992487
    0    0
