   2   1   1 E -1.7583050611102E+04 DE 7.1E-09(  5)
  0.114379547311E+02 -0.332175273057E-02  0.000000000000E+00
 -0.572185305031E+01  0.991228563378E+01  0.000000000000E+00
  0.000000000000E+00  0.000000000000E+00  0.500000000000E+03
    1
  0.100000000000E+01  0.000000000000E+00  0.000000000000E+00
  0.000000000000E+00  0.100000000000E+01  0.000000000000E+00
  0.000000000000E+00  0.000000000000E+00  0.100000000000E+01
  0.000000000000E+00  0.000000000000E+00  0.000000000000E+00
  111
    8     -1.944684263931      1.143724832698      4.042319534572
    8     -3.631199163414      4.187230037832      4.261328782954
    8     -0.132644360849     -2.262105711006      4.094188604653
    8      1.903251700350      1.217192663059      4.137495832990
    8      0.037503770375      4.362179567456      4.148546261839
    0      3.813290618113     -2.203468308112      4.089120503632
    8     -5.632217455713      1.204297218131      4.205079443427
    8     -7.689988176834      4.482212794690      3.944725157957
    8     -3.744872097697     -2.340006360234      4.227401133497
  258      1.821975503359     -1.022527523505      3.286668135838
  258      0.008321407783      2.185523095705      3.294192984170
  258      3.823841514281     -4.583228936668      3.251118847909
  258      5.804110264913     -1.030129999576      3.241958820927
  258      3.808663186501      2.230018760449      3.326213235753
  258      7.627461411653     -4.400845254061      3.206141603039
  258     -1.895719312963     -1.083757820075      3.308928502372
  258     -3.786738944658      2.174142073052      3.220207568090
  258     -0.060109859605     -4.368587922688      3.282839657700
    8     -0.034263036021      0.025683340568      2.480831359477
    8     -1.866232333227      3.300391470119      2.402502068871
    8      2.043336981937     -3.350515972768      2.658741288614
    8      3.829327696663     -0.017547929614      2.568747693331
    8      1.891076737080      3.297232895202      2.422651111959
    8      5.564413781051     -3.297977726966      2.573476211649
    8     -3.773298751776     -0.029526764972      2.439733480791
    8     -5.697514384980      3.347899495454      2.483068126407
    8     -1.928409213204     -3.267190841397      2.396256676253
    8      1.896765185320     -1.121665864783      0.862361346196
    8      0.007661180389      2.191747529346      0.850223370787
    8      3.803286014768     -4.432087418745      0.846211480695
    8      5.725544476544     -1.108200490888      0.831630581862
    8      3.830437368082      2.184237545980      0.919584377422
    8      7.568724875014     -4.375712715385      0.895369571440
    8     -1.888386948264     -1.092926017251      0.843247315385
    8     -3.817522717946      2.201612863567      0.864242257862
    8      0.043443664599     -4.359083355370      0.914544861160
  258      0.001030544789     -0.001715350846      0.047965452577
  258     -1.899356928447      3.293630264094      0.018051325264
  258      1.916398450246     -3.302701755997      0.057512821227
  258      3.815558863172      0.000895944538      0.076900814017
  258      1.901303529669      3.291854750307      0.063871348823
  258      5.698221236729     -3.300185966661      0.047740940473
  258     -3.806588538036     -0.006580702277      0.032249538555
  258     -5.719479568053      3.307917604570      0.069402549847
  258     -1.900403626617     -3.280694908488      0.050808382832
    8     -1.906105704092      1.107909046558     -0.781025617586
    8     -3.826825557635      4.407261600981     -0.765379160321
    8      0.006349591019     -2.212744218473     -0.774044512214
    8      1.926291267596      1.104241837603     -0.754442381227
    8      0.002586817397      4.405606194385     -0.770591047167
    8      3.808591528013     -2.207397821141     -0.758041136665
    8     -5.729978381302      1.116345845380     -0.759252140902
    8     -7.623769251317      4.412603496052     -0.726162141862
    8     -3.810562003033     -2.210944281888     -0.771535335341
    8      0.000000000000      0.000000000000     -2.343480358560
    8     -1.907284350109      3.304095211258     -2.343480358560
    8      1.907284350114     -3.304095211253     -2.343480358560
    8      3.812651577055     -0.001107250914     -2.343480358560
    8      1.905367226942      3.302987960349     -2.343480358560
    8      5.719935927176     -3.305202462169     -2.343480358560
    8     -3.812651577055      0.001107250904     -2.343480358560
    8     -5.719935927176      3.305202462169     -2.343480358560
    8     -1.905367226948     -3.302987960344     -2.343480358560
  258     -1.906645309057      1.101734154056     -3.124640478080
  258     -3.813929659159      4.405829365318     -3.124640478080
  258      0.000639041057     -2.202361057199     -3.124640478080
  258      1.906006268001      1.100626903144     -3.124640478080
  258     -0.001278082111      4.404722114405     -3.124640478080
  258      3.813290618113     -2.203468308112     -3.124640478080
  258     -5.719296886153      1.102841404954     -3.124640478080
  258     -7.626581236222      4.406936616235     -3.124640478080
  258     -3.812012536003     -2.201253806291     -3.124640478080
    8      1.906645309057     -1.101734154056     -3.905800597599
    8     -0.000639041057      2.202361057199     -3.905800597599
    8      3.813929659159     -4.405829365318     -3.905800597599
    8      5.719296886153     -1.102841404954     -3.905800597599
    8      3.812012536007      2.201253806292     -3.905800597599
    8      7.626581236222     -4.406936616235     -3.905800597599
    8     -1.906006268001     -1.100626903144     -3.905800597599
    8     -3.813290618115      2.203468308112     -3.905800597599
    8      0.001278082109     -4.404722114405     -3.905800597599
    8      1.381715064470      4.405590157061      6.406213373013
    1      0.728888015701      4.444382134697      5.626942803121
    1      6.819245666096     -4.872476287769      7.080903834553
    8      3.970480387102      2.819094876963      6.086716240150
    1      4.250530956877      2.095037991051      6.685089629881
    1      3.137893651137      3.232451002879      6.391151544299
    1     -1.322059931226     -1.814132499712      6.311323640940
    8     -2.128475736299     -1.337360430211      6.056532136236
    1     -2.751211813135     -2.013668255338      5.692313641188
    1     -4.756794083041      4.584930661131      5.639443001089
    8      0.114115525336     -4.868891130628      5.849152915253
    1     -6.278250859873      4.338729750281      6.008476760547
    8      1.950382447222     -1.808243331750      5.789941190816
    1      1.061748285786     -2.201622076582      5.631490487407
    1      2.555405155045     -2.561712069486      5.995286193226
    8      5.690235019360     -1.817699864131      5.865011317995
    1      6.603140366931     -2.076855637879      5.535528403966
    1      5.741282335232     -0.972190724707      6.395255338708
    1      4.621081045431     -3.128260980761      6.021899220521
    8      3.867108625796     -3.729024656106      5.780131179449
    1      3.887858328952     -4.585522112741      6.291537920733
    8      0.240754520805      1.894172034748      6.172720027319
    1      0.985860068880      1.373904965568      5.789505913422
    1      0.672551475488      2.705387153545      6.518592808110
    8      5.720568985289      0.730980731906      6.760314976501
    1     -5.618620901687      0.994227039335      5.768956280468
    1     -4.916919430566      1.036975800960      7.219110200573
    8      3.471409876642     13.545485622615      6.630841823023
    1      2.935792959425     13.574830080948      5.798262928407
    1      4.104605257517     12.809286099820      6.515830260499
    0    0
