   2   1   1 E -1.7583050492198E+04 DE-3.8E-07(  6)
  0.114378401574E+02 -0.278129659776E-02  0.000000000000E+00
 -0.572132743826E+01  0.991195077256E+01  0.000000000000E+00
  0.000000000000E+00  0.000000000000E+00  0.500000000000E+03
    1
  0.100000000000E+01  0.000000000000E+00  0.000000000000E+00
  0.000000000000E+00  0.100000000000E+01  0.000000000000E+00
  0.000000000000E+00  0.000000000000E+00  0.100000000000E+01
  0.000000000000E+00  0.000000000000E+00  0.000000000000E+00
  111
    8     -1.937598353330      1.141740722582      4.039104979669
    8     -3.628092957549      4.181959950820      4.269463032580
    8     -0.132254026037     -2.260584956138      4.090473144110
    8      1.893347062595      1.219352769855      4.143251266421
    8      0.040667504397      4.359018087636      4.143597044518
    0      3.813148354599     -2.203273793144      4.089120503632
    8     -5.628549836584      1.202147875025      4.208319594420
    8     -7.687946033205      4.480983642705      3.948729016030
    8     -3.745819056363     -2.337540808426      4.224120271870
  258      1.822402475233     -1.023003507313      3.289449220718
  258      0.011723437487      2.184680837986      3.279416657824
  258      3.824761551606     -4.583577788659      3.259604258473
  258      5.806497823381     -1.028901085435      3.239109358745
  258      3.810723461207      2.230642055516      3.330868945813
  258      7.628330753654     -4.400642574132      3.208907556628
  258     -1.894231196950     -1.083170570319      3.308907319453
  258     -3.784743253193      2.173442884053      3.223088743293
  258     -0.059960773498     -4.367260339657      3.280782592360
    8     -0.031539965928      0.023029457503      2.474622266221
    8     -1.869832396160      3.302457445338      2.404573511445
    8      2.045389581143     -3.351580188101      2.658582291123
    8      3.829538819156     -0.014787801340      2.576262683483
    8      1.899304514245      3.296274196702      2.420715760141
    8      5.560545900909     -3.295810681253      2.580143293038
    8     -3.772960352175     -0.027523931711      2.439958450689
    8     -5.697043710237      3.345854755718      2.484856014885
    8     -1.929245381319     -3.270374268678      2.397439821197
    8      1.900049993010     -1.122505734898      0.863128197590
    8      0.008243062764      2.193874033300      0.852745809596
    8      3.805119499403     -4.431745541735      0.845879220665
    8      5.724501467366     -1.108192783407      0.834302182019
    8      3.832751412023      2.182528507828      0.918692501022
    8      7.566267251738     -4.375002294824      0.897768315307
    8     -1.888676009786     -1.094698669611      0.844070407577
    8     -3.816911162139      2.202636045045      0.864167359063
    8      0.043973497782     -4.359400188549      0.916287129137
  258      0.001824552306     -0.003650874148      0.046831408011
  258     -1.900163529217      3.294625824913      0.018261333480
  258      1.917898425045     -3.302749527187      0.059181987086
  258      3.816239844020      0.001578874294      0.076388930974
  258      1.903661275352      3.292808339360      0.062608850970
  258      5.697247572808     -3.300893066760      0.048592155498
  258     -3.805507093990     -0.006517628814      0.031913842601
  258     -5.718063843181      3.306460261435      0.070688955425
  258     -1.901266617910     -3.280476642792      0.051423854754
    8     -1.904657109160      1.108298348695     -0.780094572126
    8     -3.826449343023      4.407645496565     -0.765089728298
    8      0.006525218487     -2.213347497385     -0.773367443523
    8      1.925906394037      1.104451912946     -0.754028872408
    8      0.003732985651      4.405246886196     -0.770918252895
    8      3.809509727895     -2.207126167115     -0.758762609576
    8     -5.729897017598      1.115401797126     -0.759613457485
    8     -7.623678285185      4.412769031571     -0.725322202521
    8     -3.810938881941     -2.212176223444     -0.771117713080
    8      0.000000000000      0.000000000000     -2.343480358560
    8     -1.907109146090      3.303983590849     -2.343480358560
    8      1.907109146095     -3.303983590844     -2.343480358560
    8      3.812613385804     -0.000927098870     -2.343480358560
    8      1.905504239708      3.303056491985     -2.343480358560
    8      5.719722531906     -3.304910689716     -2.343480358560
    8     -3.812613385804      0.000927098860     -2.343480358560
    8     -5.719722531906      3.304910689716     -2.343480358560
    8     -1.905504239714     -3.303056491980     -2.343480358560
  258     -1.906574177300      1.101636896571     -3.124640478080
  258     -3.813683323383      4.405620487424     -3.124640478080
  258      0.000534968795     -2.202346694275     -3.124640478080
  258      1.906039208506      1.100709797704     -3.124640478080
  258     -0.001069937588      4.404693388556     -3.124640478080
  258      3.813148354599     -2.203273793144     -3.124640478080
  258     -5.719187563145      1.102563995425     -3.124640478080
  258     -7.626296709195      4.406547586297     -3.124640478080
  258     -3.812078417013     -2.201419595410     -3.124640478080
    8      1.906574177300     -1.101636896571     -3.905800597599
    8     -0.000534968795      2.202346694275     -3.905800597599
    8      3.813683323383     -4.405620487424     -3.905800597599
    8      5.719187563145     -1.102563995425     -3.905800597599
    8      3.812078417017      2.201419595411     -3.905800597599
    8      7.626296709195     -4.406547586297     -3.905800597599
    8     -1.906039208506     -1.100709797704     -3.905800597599
    8     -3.813148354601      2.203273793144     -3.905800597599
    8      0.001069937586     -4.404693388556     -3.905800597599
    8      1.405387377301      4.424093043987      6.393328304987
    1      0.738148803281      4.440544810312      5.626458016690
    1      6.826159205003     -4.871247214964      7.076941507758
    8      3.967437504884      2.825349606302      6.083387806955
    1      4.231464896654      2.096733007099      6.683086214540
    1      3.138524978646      3.251140209067      6.381910375374
    1     -1.328235923599     -1.809521716018      6.309111840030
    8     -2.137382837297     -1.335849809092      6.056142738685
    1     -2.757566810849     -2.012651428000      5.687545403643
    1     -4.741769491620      4.588875009246      5.623621812752
    8      0.131757756885     -4.861814355081      5.848446655698
    1     -6.261147472218      4.348460421153      6.013979038527
    8      1.960826506767     -1.816598605909      5.783732060395
    1      1.069128422915     -2.207502415899      5.642483278400
    1      2.565527256635     -2.570704686715      5.990169633897
    8      5.683153869289     -1.820186825261      5.856521657093
    1      6.596914004369     -2.078412455606      5.530921305222
    1      5.732595150158     -0.973251597860      6.386895079851
    1      4.622810747858     -3.131212408594      6.014869169814
    8      3.870603945767     -3.738790115131      5.781427301160
    1      3.902138450716     -4.597540997166      6.291237972680
    8      0.254401258939      1.892190666971      6.209776273450
    1      0.987987607918      1.381751968729      5.790433215939
    1      0.694431773094      2.698981429643      6.549530240885
    8      5.713436538105      0.715008439354      6.759281489573
    1     -5.620517123741      0.987982826605      5.770806599991
    1     -4.924077448209      1.011030571027      7.224529298069
    8      3.501042538628     13.542909848482      6.628905181383
    1      2.951018778868     13.567326262591      5.804985632092
    1      4.137850363430     12.808885011308      6.509197693132
    0    0
