   2   1   1 E -1.7583050608312E+04 DE-5.3E-08(  5)
  0.114381740064E+02 -0.337833153789E-02  0.000000000000E+00
 -0.572201173377E+01  0.991242766005E+01  0.000000000000E+00
  0.000000000000E+00  0.000000000000E+00  0.500000000000E+03
    1
  0.100000000000E+01  0.000000000000E+00  0.000000000000E+00
  0.000000000000E+00  0.100000000000E+01  0.000000000000E+00
  0.000000000000E+00  0.000000000000E+00  0.100000000000E+01
  0.000000000000E+00  0.000000000000E+00  0.000000000000E+00
  111
    8     -1.944328409882      1.143477970553      4.041745390330
    8     -3.630615906148      4.186888284013      4.262061728509
    8     -0.132788062874     -2.261734443998      4.094211877745
    8      1.902464872876      1.217485821902      4.137965701625
    8      0.037295292578      4.360947428969      4.147496476335
    0      3.813374608934     -2.203512442574      4.089120503632
    8     -5.632096885938      1.204519236594      4.204917835390
    8     -7.690264616267      4.482146331239      3.945000264086
    8     -3.745025234993     -2.340215412345      4.227194997539
  258      1.822008061833     -1.022852246339      3.286691066908
  258      0.008597456659      2.185615782006      3.292744540416
  258      3.823666368506     -4.583688270824      3.251393922122
  258      5.804133252956     -1.030115592581      3.241713624364
  258      3.808843478318      2.230197217266      3.326555921007
  258      7.627363533231     -4.400954421442      3.206819154945
  258     -1.895697027103     -1.083519296902      3.309019805054
  258     -3.786733708399      2.174168539526      3.220157290948
  258     -0.060685537561     -4.368329676490      3.282368163076
    8     -0.034247932145      0.025457322272      2.480361072775
    8     -1.866814558022      3.300322981125      2.402055498414
    8      2.043188323542     -3.350790896767      2.658682730306
    8      3.829124293166     -0.017313026803      2.569803655299
    8      1.891857334644      3.297150213079      2.422298561514
    8      5.563797408767     -3.297878022102      2.574257115849
    8     -3.773471102700     -0.029561033178      2.439768820119
    8     -5.697641857245      3.348289802061      2.483323945155
    8     -1.928547920548     -3.267471013121      2.396498967681
    8      1.897095086242     -1.121687649375      0.862358788348
    8      0.007809450964      2.192147420469      0.850783212672
    8      3.803450099178     -4.432202616133      0.845925223904
    8      5.725240889931     -1.108305248876      0.831973024022
    8      3.830962754672      2.184095909710      0.919455386274
    8      7.568345398557     -4.375619574401      0.895894092032
    8     -1.888277261611     -1.093382507533      0.843182544463
    8     -3.817962941688      2.201817600461      0.864055745855
    8      0.043244537616     -4.359052546423      0.914586159220
  258      0.000915533386     -0.001802589543      0.047923321716
  258     -1.899553177885      3.293699465950      0.017941920572
  258      1.916513324126     -3.302756897903      0.057525079724
  258      3.815563150199      0.000924850940      0.076844641283
  258      1.901393816255      3.292021335118      0.063672705509
  258      5.698338465958     -3.300232782086      0.047636682717
  258     -3.806812740944     -0.006672550729      0.032230105545
  258     -5.719656533455      3.307812713541      0.069446714730
  258     -1.900538674257     -3.280623706933      0.050753840310
    8     -1.905700958550      1.108077940551     -0.780843280048
    8     -3.827047355721      4.407426198640     -0.765423530838
    8      0.006449855614     -2.212793630053     -0.774055844845
    8      1.926207807395      1.104390628328     -0.754213903059
    8      0.002690798907      4.405488313451     -0.770884927855
    8      3.808678931794     -2.207356193720     -0.758068366812
    8     -5.730319038174      1.116283775041     -0.759392511744
    8     -7.624071524911      4.412789226160     -0.726214921078
    8     -3.810779205497     -2.211168100536     -0.771608360095
    8      0.000000000000      0.000000000000     -2.343480358560
    8     -1.907337244595      3.304142553347     -2.343480358560
    8      1.907337244600     -3.304142553342     -2.343480358560
    8      3.812724668801     -0.001126110517     -2.343480358560
    8      1.905387424201      3.303016442837     -2.343480358560
    8      5.720061913408     -3.305268663861     -2.343480358560
    8     -3.812724668801      0.001126110507     -2.343480358560
    8     -5.720061913408      3.305268663861     -2.343480358560
    8     -1.905387424207     -3.303016442832     -2.343480358560
  258     -1.906687304467      1.101756221286     -3.124640478080
  258     -3.814024549055      4.405898774638     -3.124640478080
  258      0.000649940133     -2.202386332058     -3.124640478080
  258      1.906037364336      1.100630110773     -3.124640478080
  258     -0.001299880262      4.404772664123     -3.124640478080
  258      3.813374608934     -2.203512442574     -3.124640478080
  258     -5.719411973309      1.102882331787     -3.124640478080
  258     -7.626749217864      4.407024885158     -3.124640478080
  258     -3.812074728674     -2.201260221547     -3.124640478080
    8      1.906687304467     -1.101756221286     -3.905800597599
    8     -0.000649940133      2.202386332058     -3.905800597599
    8      3.814024549055     -4.405898774638     -3.905800597599
    8      5.719411973309     -1.102882331787     -3.905800597599
    8      3.812074728678      2.201260221548     -3.905800597599
    8      7.626749217864     -4.407024885158     -3.905800597599
    8     -1.906037364336     -1.100630110773     -3.905800597599
    8     -3.813374608936      2.203512442574     -3.905800597599
    8      0.001299880260     -4.404772664123     -3.905800597599
    8      1.383813004567      4.407896946138      6.404544638587
    1      0.729032828000      4.443328871844      5.626973775609
    1      6.820191655003     -4.871160100357      7.079562595247
    8      3.969663780255      2.822090455011      6.088340365375
    1      4.247783526325      2.099965493699      6.689868846633
    1      3.136984987624      3.237500582349      6.389571316412
    1     -1.322022464349     -1.812755286939      6.311286557251
    8     -2.129363025050     -1.336984226866      6.057427033569
    1     -2.751196421495     -2.013886205861      5.693035833874
    1     -4.755928362226      4.585564784697      5.635109990222
    8      0.115824940402     -4.867231927004      5.846339930351
    1     -6.277159154050      4.341588288888      6.008119024543
    8      1.950155949989     -1.809265458037      5.789486817084
    1      1.061308434857     -2.202333581327      5.631937949144
    1      2.554944754024     -2.562717916035      5.995206394419
    8      5.688717389085     -1.817767890634      5.865529956794
    1      6.601387709841     -2.077385397482      5.535892401986
    1      5.740247829154     -0.972366705620      6.395856021168
    1      4.620201618351     -3.129052475439      6.023509003617
    8      3.866736852982     -3.730261456869      5.781004162947
    1      3.887204045069     -4.586646054251      6.292565721080
    8      0.242656021320      1.893448987044      6.176905425148
    1      0.987076261835      1.375158000747      5.789071593092
    1      0.674640498006      2.704347748041      6.522834842918
    8      5.720555178719      0.731083916981      6.760681018300
    1     -5.618869239253      0.994233839386      5.769290852629
    1     -4.917123130198      1.037136407158      7.219431264508
    8      3.469691545498     13.543770671584      6.632683100057
    1      2.933835244464     13.573340483246      5.800261626113
    1      4.103705902329     12.808235708913      6.517025011240
    0    0
