   2   1   1 E -1.7583050595468E+04 DE 2.9E-07(  6)
  0.114375887831E+02 -0.343763767177E-02  0.000000000000E+00
 -0.572177052217E+01  0.991190444670E+01  0.000000000000E+00
  0.000000000000E+00  0.000000000000E+00  0.500000000000E+03
    1
  0.100000000000E+01  0.000000000000E+00  0.000000000000E+00
  0.000000000000E+00  0.100000000000E+01  0.000000000000E+00
  0.000000000000E+00  0.000000000000E+00  0.100000000000E+01
  0.000000000000E+00  0.000000000000E+00  0.000000000000E+00
  111
    8     -1.943187354121      1.142509221351      4.039629792075
    8     -3.629647020016      4.185761732396      4.264079658012
    8     -0.133421580799     -2.260439780933      4.093373179308
    8      1.900061181552      1.218254068966      4.139036890558
    8      0.037320205962      4.358823416376      4.145290704686
    0      3.813190956742     -2.203409352080      4.089120503632
    8     -5.630813840929      1.204912617512      4.204645598993
    8     -7.689891733422      4.481669640810      3.945355709191
    8     -3.744671374848     -2.339734198119      4.225807416262
  258      1.821636985168     -1.023160580608      3.286751420710
  258      0.009198994771      2.185733369210      3.288920862445
  258      3.823160206477     -4.583946110942      3.252523387647
  258      5.804161261524     -1.029696016941      3.240545816065
  258      3.809107860443      2.230924034852      3.327360743478
  258      7.627002980971     -4.400751144483      3.207563415625
  258     -1.895464428851     -1.082990824669      3.308713890309
  258     -3.786230819213      2.173967658940      3.220077310701
  258     -0.061832255484     -4.367239791235      3.281238666487
    8     -0.034192137848      0.024915777777      2.478808270246
    8     -1.867928301601      3.300386653402      2.401396721587
    8      2.042600562954     -3.350603352446      2.658284222138
    8      3.828539968614     -0.016400206456      2.571810777498
    8      1.893674930371      3.296981533147      2.421328644220
    8      5.562226547040     -3.297034145326      2.575441894367
    8     -3.773407081896     -0.029336995792      2.439311366720
    8     -5.697595136930      3.348700143266      2.483701305259
    8     -1.928747205894     -3.267772734481      2.396524701009
    8      1.897535572176     -1.121555084666      0.862115687243
    8      0.008042008069      2.192825810852      0.851521702444
    8      3.803394143124     -4.431975134934      0.845083792916
    8      5.724227476207     -1.108339207890      0.832322994411
    8      3.831673991738      2.183816244622      0.918804275657
    8      7.566994712229     -4.375078205611      0.896287917039
    8     -1.887951451437     -1.094129501278      0.842859625852
    8     -3.818305404045      2.202215949617      0.863386242836
    8      0.042892663060     -4.358638025584      0.914745806270
  258      0.000799920259     -0.002129702442      0.047540008771
  258     -1.899787962598      3.293881510936      0.017681375474
  258      1.916560602972     -3.302462048869      0.057499921557
  258      3.815297433697      0.001134626776      0.076488954079
  258      1.901605433634      3.292240832069      0.062971406530
  258      5.697883327563     -3.300136560838      0.047228120684
  258     -3.806706296733     -0.006828787509      0.031789192968
  258     -5.719392375262      3.307461281590      0.069459862436
  258     -1.900653320700     -3.280174386225      0.050483924127
    8     -1.904779640227      1.108280736970     -0.780585527835
    8     -3.827144725821      4.407535366595     -0.765615802692
    8      0.006501670986     -2.212673041581     -0.774128623749
    8      1.925813296476      1.104576402338     -0.753951326309
    8      0.002942192250      4.405023516237     -0.771598524104
    8      3.808540596307     -2.207013584334     -0.758415435291
    8     -5.730399646821      1.116067770846     -0.759901260536
    8     -7.623847830289      4.412938254605     -0.726444036333
    8     -3.810770220547     -2.211403235470     -0.772060932901
    8      0.000000000000      0.000000000000     -2.343480358560
    8     -1.907256840730      3.303968148895     -2.343480358560
    8      1.907256840735     -3.303968148890     -2.343480358560
    8      3.812529594379     -0.001145879228     -2.343480358560
    8      1.905272753644      3.302822269673     -2.343480358560
    8      5.719786435121     -3.305114028121     -2.343480358560
    8     -3.812529594379      0.001145879218     -2.343480358560
    8     -5.719786435121      3.305114028121     -2.343480358560
    8     -1.905272753650     -3.302822269668     -2.343480358560
  258     -1.906595478372      1.101704676040     -3.124640478080
  258     -3.813852319094      4.405672824939     -3.124640478080
  258      0.000661362363     -2.202263472853     -3.124640478080
  258      1.905934116009      1.100558796814     -3.124640478080
  258     -0.001322724723      4.404526945713     -3.124640478080
  258      3.813190956742     -2.203409352080     -3.124640478080
  258     -5.719125072792      1.102850555252     -3.124640478080
  258     -7.626381913481      4.406818704170     -3.124640478080
  258     -3.811868232021     -2.201117593631     -3.124640478080
    8      1.906595478372     -1.101704676040     -3.905800597599
    8     -0.000661362363      2.202263472853     -3.905800597599
    8      3.813852319094     -4.405672824939     -3.905800597599
    8      5.719125072792     -1.102850555252     -3.905800597599
    8      3.811868232025      2.201117593632     -3.905800597599
    8      7.626381913481     -4.406818704170     -3.905800597599
    8     -1.905934116009     -1.100558796814     -3.905800597599
    8     -3.813190956744      2.203409352080     -3.905800597599
    8      0.001322724721     -4.404526945713     -3.905800597599
    8      1.388978744895      4.412063603122      6.400259993944
    1      0.729977048097      4.440952849469      5.626555144102
    1      6.820744815444     -4.871492318617      7.077613091685
    8      3.968603093801      2.823040831357      6.087648835339
    1      4.243001011476      2.099654057278      6.688865321220
    1      3.136191893214      3.240176843748      6.387266513853
    1     -1.318139113097     -1.808089630835      6.303749884593
    8     -2.126828584343     -1.333668699228      6.052166248194
    1     -2.748891837161     -2.011433266635      5.690242002816
    1     -4.752338733399      4.584858257655      5.630549917606
    8      0.120732687504     -4.866626134517      5.847890491993
    1     -6.272588138860      4.342947209917      6.011310941261
    8      1.955067574137     -1.810201696640      5.788681274161
    1      1.065706000879     -2.202003281818      5.633443450785
    1      2.559376078870     -2.563689788177      5.994880445324
    8      5.688688152457     -1.817480601750      5.862720105778
    1      6.601860581380     -2.078797893524      5.536669717306
    1      5.740005464500     -0.972189338290      6.393147191630
    1      4.622427297810     -3.129705884492      6.023903596488
    8      3.870081998070     -3.732762876783      5.782555176014
    1      3.892136919762     -4.588570699213      6.294386648116
    8      0.244927801905      1.892708767611      6.179959398181
    1      0.986821462752      1.376914605266      5.783704420919
    1      0.679337506952      2.700631422774      6.526853835964
    8      5.720489866642      0.729594190743      6.759613098471
    1     -5.618241116785      0.994148132894      5.768935717939
    1     -4.916658624827      1.034612908937      7.218796516388
    8      3.474570673135     13.541206995425      6.636875403837
    1      2.935394919373     13.569238591700      5.807401743636
    1      4.109980177382     12.806717007819      6.519470483633
    0    0
